*Energy (MeV/u)	0 - [He-base] F.Hubert et al, AD&ND Tables 46(1990)1	1 - [H -base] J.F.Ziegler et al, Pergamon Press, NY (low energy)	2 - ATIMA 1.2  LS-theory (recommended for high energy)	3 - ATIMA 1.2  without LS-correction	4 - Range straggling - method [0] - LISE	5 - Range straggling - method [1] - Atima	6 - Lateral range - method [0] - LISE	7 - Lateral range - method [1] - Atima	8 - Lateral range - method [2] - PDG
0.001000	0.0641491 	0.0641491 	0.0523214 	0.0523214 	-	-	0.000131089	0.000210298	9.82856e-05
93.633957	20932.5   	20720.9   	21062.5   	21085.6   	175.266   	85.0469   	56.718    	48.5753   	56.2057   
187.266914	70035.7   	69325.1   	70358.1   	70518.1   	564.518   	263.829   	183.093   	152.832   	186.191   
280.899871	138736    	137101    	139215    	139611    	1070.53   	498.628   	349.841   	291.023   	364.43    
374.532828	221680    	219028    	222552    	223264    	1640.14   	770.761   	540.521   	451.402   	575.622   
468.165785	315666    	311724    	316871    	317961    	2241.57   	1068.94   	744.879   	626.341   	809.351   
561.798742	418432    	412835    	419713    	421231    	2855.57   	1386.04   	956.401   	810.721   	1058.41   
655.431699	528235    	520587    	529234    	531220    	3470.19   	1717.32   	1170.82   	1000.93   	1317.61   
749.064655	643705    	633629    	644042    	646528    	4078.15   	2059.52   	1385.35   	1194.44   	1583.18   
842.697612	763747    	750904    	763066    	766077    	4675.06   	2410.65   	1598.18   	1389.41   	1852.39   
936.330569	887516    	871617    	885446    	889004    	5257.33   	2768.32   	1807.95   	1584.4    	2123.03   
1029.963526	1.01427e+06	995088    	1.01051e+06	1.01463e+06	5823.59   	3131.57   	2013.87   	1778.43   	2393.54   
1123.596483	1.1434e+06	1.12076e+06	1.13774e+06	1.14243e+06	6373.59   	3499.25   	2215.53   	1970.83   	2662.86   
1217.229440	1.2744e+06	1.24821e+06	1.26674e+06	1.27201e+06	6907.27   	3871.44   	2412.67   	2161.12   	2930.19   
1310.862397	1.40685e+06	1.37707e+06	1.39718e+06	1.40305e+06	7424.96   	4247.67   	2605.21   	2348.99   	3194.98   
1404.495354	1.54038e+06	1.507e+06 	1.5288e+06	1.53526e+06	7927.27   	4627.3    	2793.18   	2534.23   	3456.84   
1498.128311	1.67469e+06	1.63777e+06	1.66136e+06	1.66842e+06	8414.66   	5010.22   	2976.6    	2716.67   	3715.46   
1591.761268	1.8095e+06	1.76915e+06	1.79471e+06	1.80237e+06	8887.76   	5396.37   	3155.57   	2896.24   	3970.65   
1685.394225	1.94458e+06	1.90094e+06	1.92867e+06	1.93694e+06	9347.32   	5785.33   	3330.25   	3072.9    	4222.3    
1779.027182	2.07975e+06	2.03301e+06	2.06313e+06	2.07201e+06	9793.5    	6176.89   	3500.63   	3246.55   	4470.2    
1872.660139	2.21482e+06	2.16519e+06	2.19797e+06	2.20746e+06	10227.7   	6570.97   	3667.12   	3417.37   	4714.55   
1966.293096	2.34965e+06	2.29738e+06	2.33312e+06	2.34322e+06	10650.3   	6967.76   	3829.76   	3585.32   	4955.27   
2059.926052	2.48407e+06	2.42946e+06	2.46851e+06	2.47921e+06	11060.6   	7367.62   	3988.29   	3750.13   	5191.96   
2153.559009	2.61806e+06	2.56136e+06	2.60404e+06	2.61535e+06	11461.5   	7769.9    	4143.65   	3912.45   	5425.42   
2247.191966	2.75147e+06	2.69301e+06	2.73967e+06	2.75159e+06	11852.4   	8174.78   	4295.61   	4072.05   	5655.35   
2340.824923	2.88424e+06	2.82434e+06	2.87537e+06	2.8879e+06	12233.8   	8582.17   	4444.31   	4229      	5881.82   
2434.457880	3.01629e+06	2.9553e+06	3.0111e+06	3.02422e+06	12606.1   	8991.99   	4589.89   	4383.37   	6104.88   
2528.090837	3.14756e+06	3.08583e+06	3.14681e+06	3.16054e+06	12969.8   	9404.18   	4732.47   	4535.22   	6324.62   
2621.723794	3.278e+06 	3.21589e+06	3.28249e+06	3.29682e+06	13325.3   	9818.67   	4872.2    	4684.63   	6541.1    
2715.356751	3.40756e+06	3.34545e+06	3.41811e+06	3.43304e+06	13673     	10235.4   	5009.17   	4831.65   	6754.42   
2808.989708	3.53621e+06	3.47447e+06	3.55364e+06	3.56917e+06	14013.2   	10654.5   	5143.51   	4976.37   	6964.64   
2902.622665	3.6639e+06	3.60293e+06	3.68908e+06	3.7052e+06	14346.4   	11075.7   	5275.33   	5118.84   	7171.84   
2996.255622	3.79058e+06	3.73078e+06	3.8244e+06	3.84111e+06	14672.4   	11499.3   	5404.63   	5259.04   	7375.99   
3089.888579	3.9157e+06	3.85768e+06	3.95951e+06	3.97681e+06	14988.7   	11926.3   	5530.4    	5396.02   	7575.79   
3183.521536	4.04075e+06	3.98454e+06	4.09461e+06	4.1125e+06	15304.6   	12353.5   	5656.03   	5532.87   	7775.4    
3277.154493	4.16397e+06	4.11026e+06	4.22945e+06	4.24792e+06	15610     	12784.5   	5777.9    	5666.23   	7970.27   
3370.787449	4.2868e+06	4.23574e+06	4.36424e+06	4.38329e+06	15913.3   	13216.4   	5898.97   	5798.85   	8164.12   
3464.420406	4.40806e+06	4.36023e+06	4.49877e+06	4.5184e+06	16208.6   	13651.6   	6017.16   	5928.73   	8354.24   
3558.053363	4.52862e+06	4.48429e+06	4.6332e+06	4.65341e+06	16500.3   	14088.2   	6134.05   	6057.37   	8542.67   
3651.686320	4.6479e+06	4.60754e+06	4.76743e+06	4.7882e+06	16786.2   	14527.4   	6248.81   	6183.95   	8728.28   
3745.319277	4.76615e+06	4.73013e+06	4.90148e+06	4.92282e+06	17067.4   	14968.7   	6361.84   	6308.87   	8911.6    
3838.952234	4.88345e+06	4.85211e+06	5.03537e+06	5.05728e+06	17344.5   	15412     	6473.39   	6432.33   	9092.91   
3932.585191	4.9994e+06	4.97323e+06	5.16903e+06	5.19151e+06	17615.9   	15858     	6582.86   	6553.75   	9271.42   
4026.218148	5.11471e+06	5.09393e+06	5.30258e+06	5.32563e+06	17884.8   	16305.3   	6691.41   	6674.25   	9448.65   
4119.851105	5.22837e+06	5.21356e+06	5.43585e+06	5.45945e+06	18147.3   	16756     	6797.59   	6792.38   	9622.61   
4213.484062	5.3417e+06	5.33297e+06	5.56905e+06	5.59322e+06	18408.6   	17207.3   	6903.33   	6910.07   	9795.95   
4307.117019	5.45308e+06	5.45112e+06	5.70191e+06	5.72664e+06	18662.8   	17662.5   	7006.45   	7025.12   	9965.63   
4400.749976	5.56444e+06	5.56925e+06	5.83476e+06	5.86005e+06	18916.9   	18117.7   	7109.55   	7140.14   	10135.3   
4494.382933	5.67357e+06	5.68592e+06	5.96722e+06	5.99306e+06	19163.4   	18577.5   	7209.84   	7252.28   	10300.9   
4588.015890	5.7827e+06	5.80259e+06	6.09967e+06	6.12607e+06	19409.9   	19037.3   	7310.13   	7364.42   	10466.5   
4681.648846	5.8899e+06	5.91797e+06	6.23177e+06	6.25872e+06	19650.2   	19500.9   	7408.11   	7474.17   	10628.8   
4775.281803	5.99682e+06	6.03317e+06	6.36383e+06	6.39133e+06	19889.5   	19965.1   	7505.76   	7583.57   	10790.7   
4868.914760	6.10214e+06	6.1473e+06	6.49558e+06	6.52363e+06	20124     	20432.6   	7601.59   	7691.06   	10949.8   
4962.547717	6.20688e+06	6.26104e+06	6.62724e+06	6.65584e+06	20356.7   	20901.2   	7696.78   	7797.88   	11108     
5056.180674	6.31018e+06	6.37382e+06	6.75862e+06	6.78777e+06	20585.2   	21372.8   	7790.42   	7903.06   	11263.9   
5149.813631	6.41253e+06	6.48595e+06	6.88983e+06	6.91952e+06	20810.9   	21846.3   	7883.04   	8007.14   	11418.3   
5243.446588	6.51487e+06	6.59808e+06	7.02104e+06	7.05127e+06	21036.6   	22319.8   	7975.65   	8111.22   	11572.6   
5337.079545	6.6148e+06	6.70858e+06	7.1518e+06	7.18257e+06	21255.6   	22798.3   	8065.8    	8212.66   	11723.3   
5430.712502	6.71455e+06	6.81895e+06	7.28252e+06	7.31384e+06	21474.2   	23277.1   	8155.77   	8313.9    	11873.7   
5524.345459	6.81332e+06	6.92865e+06	7.41307e+06	7.44492e+06	21690.2   	23758     	8244.81   	8414.13   	12022.6   
5617.978416	6.90932e+06	7.03645e+06	7.54309e+06	7.57548e+06	21899     	24244.7   	8331.2    	8511.47   	12167.5   
5711.611373	7.00532e+06	7.14425e+06	7.67311e+06	7.70603e+06	22107.8   	24731.4   	8417.6    	8608.81   	12312.3   
5805.244330	7.10131e+06	7.25205e+06	7.80313e+06	7.83659e+06	22316.6   	25218.1   	8503.99   	8706.15   	12457.2   
5898.877287	7.19731e+06	7.35985e+06	7.93315e+06	7.96714e+06	22525.5   	25704.8   	8590.39   	8803.49   	12602.1   
5992.510243	7.29331e+06	7.46765e+06	8.06318e+06	8.0977e+06	22734.3   	26191.5   	8676.79   	8900.83   	12747     
6086.143200	7.38494e+06	7.57241e+06	8.19237e+06	8.22741e+06	22932.6   	26687.6   	8759.32   	8993.88   	12885.7   
6179.776157	7.47619e+06	7.67691e+06	8.32149e+06	8.35706e+06	23129.9   	27184.5   	8841.52   	9086.55   	13024     
6273.409114	7.56743e+06	7.7814e+06	8.45061e+06	8.48671e+06	23327.3   	27681.4   	8923.72   	9179.23   	13162.3   
6367.042071	7.65868e+06	7.8859e+06	8.57974e+06	8.61635e+06	23524.6   	28178.3   	9005.92   	9271.9    	13300.5   
6460.675028	7.74993e+06	7.9904e+06	8.70886e+06	8.746e+06 	23722     	28675.2   	9088.12   	9364.58   	13438.8   
6554.307985	7.8386e+06	8.09307e+06	8.83749e+06	8.87515e+06	23913.5   	29177.8   	9168.22   	9454.87   	13573.7   
6647.940942	7.92539e+06	8.19442e+06	8.96576e+06	9.00393e+06	24100.9   	29684.7   	9246.79   	9543.43   	13706.1   
6741.573899	8.01219e+06	8.29578e+06	9.09402e+06	9.13272e+06	24288.2   	30191.6   	9325.37   	9631.99   	13838.5   
6835.206856	8.09898e+06	8.39713e+06	9.22229e+06	9.2615e+06	24475.6   	30698.4   	9403.94   	9720.55   	13970.9   
6928.839813	8.18577e+06	8.49848e+06	9.35056e+06	9.39029e+06	24662.9   	31205.3   	9482.52   	9809.11   	14103.3   
7022.472770	8.27157e+06	8.59911e+06	9.47864e+06	9.51888e+06	24848.2   	31714.5   	9560.33   	9896.8    	14234.5   
7116.105727	8.3542e+06	8.69748e+06	9.6061e+06	9.64685e+06	25026.7   	32231     	9635.75   	9981.71   	14361.7   
7209.738684	8.43682e+06	8.79584e+06	9.73357e+06	9.77482e+06	25205.3   	32747.6   	9711.17   	10066.6   	14488.9   
7303.371640	8.51945e+06	8.8942e+06	9.86103e+06	9.9028e+06	25383.8   	33264.1   	9786.59   	10151.5   	14616.1   
7397.004597	8.60208e+06	8.99256e+06	9.98849e+06	1.00308e+07	25562.4   	33780.6   	9862      	10236.4   	14743.3   
7490.637554	8.6847e+06	9.09092e+06	1.0116e+07	1.01587e+07	25740.9   	34297.2   	9937.42   	10321.4   	14870.5   
7584.270511	8.76382e+06	9.18673e+06	1.02427e+07	1.0286e+07	25912.4   	34822.3   	10010.3   	10403.3   	14993.5   
7677.903468	8.84255e+06	9.28226e+06	1.03694e+07	1.04132e+07	26083.2   	35348.4   	10083     	10485     	15116     
7771.536425	8.92128e+06	9.37778e+06	1.04961e+07	1.05404e+07	26253.9   	35874.4   	10155.6   	10566.6   	15238.5   
7865.169382	9.00001e+06	9.4733e+06	1.06228e+07	1.06676e+07	26424.6   	36400.5   	10228.3   	10648.3   	15361.1   
7958.802339	9.07874e+06	9.56883e+06	1.07495e+07	1.07948e+07	26595.4   	36926.5   	10300.9   	10730     	15483.6   
8052.435296	9.15543e+06	9.66284e+06	1.08758e+07	1.09216e+07	26762.2   	37457.8   	10372.2   	10810     	15603.8   
8146.068253	9.23052e+06	9.75567e+06	1.10018e+07	1.10481e+07	26925.9   	37993.1   	10442.4   	10888.7   	15722.2   
8239.701210	9.30561e+06	9.8485e+06	1.11278e+07	1.11746e+07	27089.7   	38528.4   	10512.6   	10967.5   	15840.5   
8333.334167	9.3807e+06	9.94133e+06	1.12538e+07	1.13011e+07	27253.4   	39063.7   	10582.9   	11046.2   	15958.8   
8426.967124	9.45578e+06	1.00342e+07	1.13798e+07	1.14275e+07	27417.2   	39599     	10653.1   	11124.9   	16077.2   
8520.600081	9.53012e+06	1.01264e+07	1.15056e+07	1.15539e+07	27579.6   	40136.2   	10722.8   	11203.1   	16194.7   
8614.233037	9.60181e+06	1.02167e+07	1.16309e+07	1.16797e+07	27737.1   	40680.3   	10790.9   	11279.2   	16309.3   
8707.865994	9.67349e+06	1.0307e+07	1.17562e+07	1.18054e+07	27894.5   	41224.3   	10858.9   	11355.3   	16423.8   
8801.498951	9.74517e+06	1.03972e+07	1.18815e+07	1.19312e+07	28052     	41768.4   	10926.9   	11431.5   	16538.4   
8895.131908	9.81685e+06	1.04875e+07	1.20068e+07	1.2057e+07	28209.5   	42312.5   	10995     	11507.6   	16652.9   
8988.764865	9.88853e+06	1.05778e+07	1.21321e+07	1.21828e+07	28367     	42856.5   	11063     	11583.7   	16767.5   
9082.397822	9.95741e+06	1.06659e+07	1.22568e+07	1.2308e+07	28519.5   	43408.1   	11129.4   	11657.7   	16879.1   
9176.030779	1.00259e+07	1.07538e+07	1.23815e+07	1.24332e+07	28671.3   	43960.7   	11195.5   	11731.5   	16990.2   
9269.663736	1.00944e+07	1.08416e+07	1.25062e+07	1.25583e+07	28823.1   	44513.3   	11261.7   	11805.2   	17101.3   
9363.296693	1.01629e+07	1.09295e+07	1.26308e+07	1.26835e+07	28974.9   	45065.8   	11327.8   	11879     	17212.5   
9456.929650	1.02314e+07	1.10173e+07	1.27555e+07	1.28086e+07	29126.7   	45618.4   	11393.9   	11952.7   	17323.6   
9550.562607	1.02983e+07	1.11039e+07	1.28798e+07	1.29334e+07	29275.7   	46175.7   	11459.1   	12025.3   	17433.1   
9644.195564	1.03638e+07	1.11895e+07	1.30039e+07	1.30579e+07	29422.3   	46736.8   	11523.5   	12096.9   	17541.1   
9737.828521	1.04293e+07	1.1275e+07	1.31279e+07	1.31824e+07	29569     	47298     	11587.9   	12168.5   	17649.1   
9831.461478	1.04948e+07	1.13606e+07	1.3252e+07	1.3307e+07	29715.6   	47859.2   	11652.3   	12240.1   	17757.1   
9925.094434	1.05603e+07	1.14461e+07	1.3376e+07	1.34315e+07	29862.3   	48420.3   	11716.7   	12311.7   	17865.2   
10018.727391	1.0625e+07	1.1531e+07	1.34999e+07	1.35558e+07	30007.5   	48984     	11780.7   	12382.7   	17972.4   
10112.360348	1.06864e+07	1.16133e+07	1.36231e+07	1.36795e+07	30147.3   	49557.9   	11842.8   	12451.5   	18076.3   
10205.993305	1.07478e+07	1.16956e+07	1.37463e+07	1.38032e+07	30287     	50131.8   	11905     	12520.2   	18180.1   
10299.626262	1.08093e+07	1.17779e+07	1.38695e+07	1.39268e+07	30426.7   	50705.6   	11967.2   	12589     	18284     
10393.259219	1.08707e+07	1.18602e+07	1.39927e+07	1.40505e+07	30566.5   	51279.5   	12029.3   	12657.7   	18387.9   
10486.892176	1.09321e+07	1.19425e+07	1.41159e+07	1.41742e+07	30706.2   	51853.4   	12091.5   	12726.5   	18491.8   
10580.525133	1.09935e+07	1.20248e+07	1.42391e+07	1.42978e+07	30845.9   	52427.2   	12153.6   	12795.2   	18595.7   
10674.158090	1.10549e+07	1.21072e+07	1.43623e+07	1.44215e+07	30985.7   	53001.1   	12215.8   	12864     	18699.6   
10767.791047	1.11163e+07	1.21895e+07	1.44855e+07	1.45451e+07	31125.4   	53575     	12278     	12932.7   	18803.4   
10861.424004	1.11777e+07	1.22718e+07	1.46087e+07	1.46688e+07	31265.2   	54148.8   	12340.1   	13001.5   	18907.3   
10955.056961	1.12391e+07	1.23541e+07	1.47319e+07	1.47925e+07	31404.9   	54722.7   	12402.3   	13070.2   	19011.2   
11048.689918	1.1298e+07	1.24343e+07	1.48546e+07	1.49156e+07	31540.5   	55304.9   	12463.1   	13137.3   	19112.6   
11142.322875	1.13544e+07	1.25127e+07	1.49767e+07	1.50382e+07	31672.2   	55894.8   	12522.8   	13202.7   	19211.7   
11235.955831	1.14109e+07	1.2591e+07	1.50988e+07	1.51608e+07	31803.9   	56484.7   	12582.4   	13268.2   	19310.8   
11329.588788	1.14674e+07	1.26694e+07	1.5221e+07	1.52834e+07	31935.6   	57074.6   	12642     	13333.7   	19409.9   
11423.221745	1.15239e+07	1.27477e+07	1.53431e+07	1.5406e+07	32067.3   	57664.5   	12701.6   	13399.1   	19509     
11516.854702	1.15803e+07	1.2826e+07	1.54653e+07	1.55286e+07	32199     	58254.4   	12761.3   	13464.6   	19608.1   
11610.487659	1.16368e+07	1.29044e+07	1.55874e+07	1.56512e+07	32330.7   	58844.3   	12820.9   	13530.1   	19707.2   
11704.120616	1.16933e+07	1.29827e+07	1.57096e+07	1.57738e+07	32462.4   	59434.2   	12880.5   	13595.5   	19806.3   
11797.753573	1.17498e+07	1.30611e+07	1.58317e+07	1.58964e+07	32594.1   	60024.1   	12940.1   	13661     	19905.4   
11891.386530	1.18063e+07	1.31394e+07	1.59539e+07	1.6019e+07	32725.8   	60614     	12999.8   	13726.5   	20004.5   
11985.019487	1.18627e+07	1.32177e+07	1.6076e+07	1.61416e+07	32857.5   	61203.9   	13059.4   	13792     	20103.6   
12078.652444	1.19155e+07	1.3293e+07	1.61974e+07	1.62634e+07	32983.4   	61806.6   	13117.3   	13855.1   	20199.3   
12172.285401	1.19677e+07	1.33678e+07	1.63186e+07	1.6385e+07	33108.2   	62411.8   	13174.8   	13917.8   	20294.3   
12265.918358	1.20198e+07	1.34425e+07	1.64397e+07	1.65066e+07	33233     	63017     	13232.3   	13980.5   	20389.3   
12359.551315	1.20719e+07	1.35172e+07	1.65609e+07	1.66283e+07	33357.8   	63622.2   	13289.9   	14043.2   	20484.4   
12453.184272	1.2124e+07	1.3592e+07	1.66821e+07	1.67499e+07	33482.6   	64227.4   	13347.4   	14105.9   	20579.4   
12546.817228	1.21761e+07	1.36667e+07	1.68033e+07	1.68715e+07	33607.4   	64832.6   	13404.9   	14168.6   	20674.5   
12640.450185	1.22283e+07	1.37414e+07	1.69245e+07	1.69932e+07	33732.2   	65437.8   	13462.5   	14231.3   	20769.5   
12734.083142	1.22804e+07	1.38162e+07	1.70457e+07	1.71148e+07	33857     	66043     	13520     	14294     	20864.5   
12827.716099	1.23325e+07	1.38909e+07	1.71669e+07	1.72365e+07	33981.8   	66648.2   	13577.5   	14356.7   	20959.6   
12921.349056	1.23846e+07	1.39656e+07	1.72881e+07	1.73581e+07	34106.6   	67253.4   	13635.1   	14419.4   	21054.6   
13014.982013	1.24361e+07	1.40398e+07	1.74091e+07	1.74796e+07	34230.4   	67861     	13692.3   	14481.7   	21149.1   
13108.614970	1.24844e+07	1.41113e+07	1.75294e+07	1.76003e+07	34349.3   	68481.4   	13748.1   	14542     	21240.7   
13202.247927	1.25326e+07	1.41827e+07	1.76498e+07	1.77211e+07	34468.1   	69101.8   	13803.9   	14602.3   	21332.2   
13295.880884	1.25808e+07	1.42542e+07	1.77701e+07	1.78418e+07	34586.9   	69722.2   	13859.7   	14662.7   	21423.8   
13389.513841	1.26291e+07	1.43256e+07	1.78904e+07	1.79626e+07	34705.7   	70342.6   	13915.4   	14723     	21515.4   
13483.146798	1.26773e+07	1.43971e+07	1.80107e+07	1.80834e+07	34824.5   	70962.9   	13971.2   	14783.3   	21606.9   
13576.779755	1.27256e+07	1.44685e+07	1.8131e+07	1.82041e+07	34943.3   	71583.3   	14027     	14843.7   	21698.5   
13670.412712	1.27738e+07	1.45399e+07	1.82513e+07	1.83249e+07	35062.1   	72203.7   	14082.8   	14904     	21790.1   
13764.045669	1.28221e+07	1.46114e+07	1.83717e+07	1.84456e+07	35180.9   	72824.1   	14138.6   	14964.3   	21881.6   
13857.678625	1.28703e+07	1.46828e+07	1.8492e+07	1.85664e+07	35299.7   	73444.5   	14194.3   	15024.7   	21973.2   
13951.311582	1.29186e+07	1.47543e+07	1.86123e+07	1.86871e+07	35418.5   	74064.9   	14250.1   	15085     	22064.8   
14044.944539	1.29651e+07	1.48243e+07	1.87322e+07	1.88075e+07	35534.8   	74692.5   	14305.2   	15144.4   	22154.9   
14138.577496	1.30099e+07	1.48927e+07	1.88517e+07	1.89274e+07	35648.4   	75328.1   	14359.5   	15202.7   	22243.5   
14232.210453	1.30547e+07	1.49611e+07	1.89712e+07	1.90474e+07	35761.9   	75963.6   	14413.8   	15260.9   	22332     
14325.843410	1.30995e+07	1.50296e+07	1.90908e+07	1.91673e+07	35875.5   	76599.1   	14468.1   	15319.2   	22420.6   
14419.476367	1.31443e+07	1.5098e+07	1.92103e+07	1.92873e+07	35989     	77234.6   	14522.4   	15377.5   	22509.2   
14513.109324	1.31891e+07	1.51664e+07	1.93298e+07	1.94072e+07	36102.5   	77870.1   	14576.7   	15435.8   	22597.7   
14606.742281	1.32339e+07	1.52349e+07	1.94493e+07	1.95272e+07	36216.1   	78505.6   	14631     	15494.1   	22686.3   
14700.375238	1.32787e+07	1.53033e+07	1.95688e+07	1.96471e+07	36329.6   	79141.2   	14685.3   	15552.4   	22774.9   
14794.008195	1.33235e+07	1.53717e+07	1.96883e+07	1.9767e+07	36443.2   	79776.7   	14739.5   	15610.7   	22863.5   
14887.641152	1.33682e+07	1.54402e+07	1.98079e+07	1.9887e+07	36556.7   	80412.2   	14793.8   	15669     	22952     
14981.274109	1.3413e+07	1.55086e+07	1.99274e+07	2.00069e+07	36670.3   	81047.7   	14848.1   	15727.3   	23040.6   
15074.907066	1.34553e+07	1.55748e+07	2.00463e+07	2.01263e+07	36780.1   	81694.9   	14901.4   	15784.2   	23127.1   
15168.540022	1.3497e+07	1.56405e+07	2.01651e+07	2.02455e+07	36889     	82345     	14954.4   	15840.7   	23213     
15262.172979	1.35387e+07	1.57062e+07	2.02839e+07	2.03647e+07	36997.9   	82995.1   	15007.5   	15897.3   	23299     
15355.805936	1.35804e+07	1.57718e+07	2.04026e+07	2.04839e+07	37106.8   	83645.3   	15060.5   	15953.8   	23385     
15449.438893	1.36221e+07	1.58375e+07	2.05214e+07	2.0603e+07	37215.6   	84295.4   	15113.5   	16010.3   	23470.9   
15543.071850	1.36638e+07	1.59032e+07	2.06402e+07	2.07222e+07	37324.5   	84945.5   	15166.6   	16066.9   	23556.9   
15636.704807	1.37055e+07	1.59688e+07	2.0759e+07	2.08414e+07	37433.4   	85595.6   	15219.6   	16123.4   	23642.9   
15730.337764	1.37472e+07	1.60345e+07	2.08778e+07	2.09606e+07	37542.3   	86245.7   	15272.6   	16179.9   	23728.8   
15823.970721	1.37889e+07	1.61002e+07	2.09965e+07	2.10798e+07	37651.2   	86895.9   	15325.6   	16236.5   	23814.8   
15917.603678	1.38306e+07	1.61658e+07	2.11153e+07	2.1199e+07	37760.1   	87546     	15378.7   	16293     	23900.8   
16011.236635	1.38719e+07	1.62312e+07	2.1234e+07	2.13181e+07	37868.4   	88197.8   	15431.6   	16349.3   	23986.5   
16104.869592	1.39109e+07	1.62943e+07	2.13521e+07	2.14366e+07	37973.2   	88861.6   	15483.5   	16404.3   	24070.1   
16198.502549	1.39498e+07	1.63575e+07	2.14702e+07	2.15551e+07	38077.9   	89525.5   	15535.4   	16459.3   	24153.8   
16292.135506	1.39887e+07	1.64206e+07	2.15883e+07	2.16736e+07	38182.6   	90189.4   	15587.3   	16514.3   	24237.5   
16385.768463	1.40276e+07	1.64837e+07	2.17064e+07	2.17921e+07	38287.3   	90853.2   	15639.3   	16569.3   	24321.2   
16479.401419	1.40665e+07	1.65468e+07	2.18245e+07	2.19106e+07	38392     	91517.1   	15691.2   	16624.3   	24404.9   
16573.034376	1.41054e+07	1.66099e+07	2.19426e+07	2.20291e+07	38496.7   	92181     	15743.1   	16679.3   	24488.5   
16666.667333	1.41443e+07	1.66731e+07	2.20607e+07	2.21476e+07	38601.4   	92844.8   	15795     	16734.2   	24572.2   
16760.300290	1.41832e+07	1.67362e+07	2.21787e+07	2.22661e+07	38706.1   	93508.7   	15847     	16789.2   	24655.9   
16853.933247	1.42221e+07	1.67993e+07	2.22968e+07	2.23846e+07	38810.8   	94172.6   	15898.9   	16844.2   	24739.6   
16947.566204	1.4261e+07	1.68624e+07	2.24149e+07	2.25031e+07	38915.6   	94836.5   	15950.8   	16899.2   	24823.3   
17041.199161	1.42988e+07	1.69245e+07	2.25327e+07	2.26213e+07	39018.6   	95506     	16002.3   	16953.6   	24906.1   
17134.832118	1.43352e+07	1.69853e+07	2.26502e+07	2.27392e+07	39119.6   	96182.7   	16053.3   	17007.2   	24987.7   
17228.465075	1.43716e+07	1.70461e+07	2.27677e+07	2.2857e+07	39220.5   	96859.5   	16104.2   	17060.8   	25069.4   
17322.098032	1.4408e+07	1.71068e+07	2.28851e+07	2.29749e+07	39321.5   	97536.2   	16155.2   	17114.4   	25151.1   
17415.730989	1.44444e+07	1.71676e+07	2.30026e+07	2.30927e+07	39422.4   	98213     	16206.2   	17168.1   	25232.7   
17509.363946	1.44808e+07	1.72284e+07	2.312e+07 	2.32106e+07	39523.4   	98889.7   	16257.1   	17221.7   	25314.4   
17602.996903	1.45172e+07	1.72891e+07	2.32375e+07	2.33284e+07	39624.3   	99566.5   	16308.1   	17275.3   	25396.1   
17696.629860	1.45536e+07	1.73499e+07	2.33549e+07	2.34463e+07	39725.3   	100243    	16359     	17328.9   	25477.7   
17790.262816	1.459e+07 	1.74107e+07	2.34724e+07	2.35641e+07	39826.2   	100920    	16410     	17382.6   	25559.4   
17883.895773	1.46264e+07	1.74714e+07	2.35898e+07	2.3682e+07	39927.2   	101597    	16461     	17436.2   	25641.1   
17977.528730	1.46628e+07	1.75322e+07	2.37073e+07	2.37998e+07	40028.1   	102273    	16511.9   	17489.8   	25722.7   
18071.161687	1.46975e+07	1.75913e+07	2.38243e+07	2.39172e+07	40126.5   	102959    	16562.2   	17542.5   	25803     
18164.794644	1.47316e+07	1.76499e+07	2.39411e+07	2.40345e+07	40224     	103648    	16612.4   	17594.9   	25882.9   
18258.427601	1.47657e+07	1.77085e+07	2.4058e+07	2.41517e+07	40321.6   	104337    	16662.5   	17647.3   	25962.8   
18352.060558	1.47998e+07	1.77671e+07	2.41748e+07	2.4269e+07	40419.1   	105026    	16712.6   	17699.7   	26042.7   
18445.693515	1.48339e+07	1.78257e+07	2.42917e+07	2.43862e+07	40516.7   	105715    	16762.7   	17752.2   	26122.5   
18539.326472	1.48681e+07	1.78843e+07	2.44086e+07	2.45035e+07	40614.2   	106404    	16812.8   	17804.6   	26202.4   
18632.959429	1.49022e+07	1.79429e+07	2.45254e+07	2.46207e+07	40711.7   	107093    	16862.9   	17857     	26282.3   
18726.592386	1.49363e+07	1.80014e+07	2.46423e+07	2.4738e+07	40809.3   	107781    	16913     	17909.4   	26362.2   
18820.225343	1.49704e+07	1.806e+07 	2.47591e+07	2.48552e+07	40906.8   	108470    	16963.1   	17961.8   	26442     
18913.858300	1.50045e+07	1.81186e+07	2.4876e+07	2.49725e+07	41004.4   	109159    	17013.2   	18014.2   	26521.9   
19007.491257	1.50385e+07	1.8177e+07	2.49928e+07	2.50897e+07	41101.7   	109849    	17063.3   	18066.6   	26601.7   
19101.124213	1.50705e+07	1.82336e+07	2.51091e+07	2.52063e+07	41196.1   	110549    	17112.6   	18117.9   	26679.9   
19194.757170	1.51026e+07	1.82902e+07	2.52254e+07	2.5323e+07	41290.5   	111249    	17162     	18169.2   	26758.2   
19288.390127	1.51346e+07	1.83467e+07	2.53417e+07	2.54397e+07	41385     	111950    	17211.4   	18220.6   	26836.5   
19382.023084	1.51667e+07	1.84033e+07	2.5458e+07	2.55564e+07	41479.4   	112650    	17260.7   	18271.9   	26914.8   
19475.656041	1.51987e+07	1.84599e+07	2.55743e+07	2.56731e+07	41573.8   	113350    	17310.1   	18323.2   	26993.1   
19569.288998	1.52308e+07	1.85164e+07	2.56906e+07	2.57897e+07	41668.3   	114051    	17359.4   	18374.6   	27071.3   
19662.921955	1.52628e+07	1.8573e+07	2.58068e+07	2.59064e+07	41762.7   	114751    	17408.8   	18425.9   	27149.6   
19756.554912	1.52949e+07	1.86295e+07	2.59231e+07	2.60231e+07	41857.1   	115451    	17458.1   	18477.3   	27227.9   
19850.187869	1.53269e+07	1.86861e+07	2.60394e+07	2.61398e+07	41951.6   	116152    	17507.5   	18528.6   	27306.2   
19943.820826	1.5359e+07	1.87427e+07	2.61557e+07	2.62565e+07	42046     	116852    	17556.8   	18579.9   	27384.5   
20037.453783	1.53903e+07	1.87985e+07	2.62718e+07	2.63729e+07	42139.3   	117557    	17605.9   	18630.9   	27462.2   
20131.086740	1.54204e+07	1.88531e+07	2.63876e+07	2.64891e+07	42230.9   	118268    	17654.6   	18681.2   	27539     
20224.719697	1.54506e+07	1.89078e+07	2.65033e+07	2.66052e+07	42322.4   	118979    	17703.2   	18731.6   	27615.9   
20318.352654	1.54808e+07	1.89625e+07	2.66191e+07	2.67214e+07	42414     	119691    	17751.9   	18782     	27692.7   
20411.985610	1.55109e+07	1.90172e+07	2.67349e+07	2.68375e+07	42505.6   	120402    	17800.6   	18832.3   	27769.6   
20505.618567	1.55411e+07	1.90718e+07	2.68506e+07	2.69537e+07	42597.2   	121113    	17849.2   	18882.7   	27846.4   
20599.251524	1.55713e+07	1.91265e+07	2.69664e+07	2.70698e+07	42688.8   	121825    	17897.9   	18933.1   	27923.2   
20692.884481	1.56014e+07	1.91812e+07	2.70822e+07	2.71859e+07	42780.4   	122536    	17946.6   	18983.4   	28000.1   
20786.517438	1.56316e+07	1.92359e+07	2.71979e+07	2.73021e+07	42872     	123247    	17995.2   	19033.8   	28076.9   
20880.150395	1.56618e+07	1.92905e+07	2.73137e+07	2.74182e+07	42963.5   	123959    	18043.9   	19084.2   	28153.8   
20973.783352	1.56919e+07	1.93452e+07	2.74295e+07	2.75344e+07	43055.1   	124670    	18092.6   	19134.5   	28230.6   
21067.416309	1.57208e+07	1.93986e+07	2.75449e+07	2.76502e+07	43144.8   	125390    	18140.8   	19184.3   	28306.5   
21161.049266	1.57493e+07	1.94515e+07	2.76601e+07	2.77658e+07	43233.8   	126113    	18188.8   	19233.8   	28382.1   
21254.682223	1.57777e+07	1.95044e+07	2.77754e+07	2.78815e+07	43322.8   	126835    	18236.9   	19283.2   	28457.6   
21348.315180	1.58062e+07	1.95573e+07	2.78907e+07	2.79971e+07	43411.8   	127558    	18284.9   	19332.7   	28533.2   
21441.948137	1.58346e+07	1.96103e+07	2.8006e+07	2.81127e+07	43500.7   	128281    	18332.9   	19382.2   	28608.7   
21535.581094	1.5863e+07	1.96632e+07	2.81212e+07	2.82284e+07	43589.7   	129004    	18381     	19431.7   	28684.3   
21629.214051	1.58915e+07	1.97161e+07	2.82365e+07	2.8344e+07	43678.7   	129727    	18429     	19481.2   	28759.8   
21722.847007	1.59199e+07	1.9769e+07	2.83518e+07	2.84597e+07	43767.7   	130449    	18477.1   	19530.7   	28835.4   
21816.479964	1.59484e+07	1.98219e+07	2.8467e+07	2.85753e+07	43856.6   	131172    	18525.1   	19580.2   	28910.9   
21910.112921	1.59768e+07	1.98748e+07	2.85823e+07	2.8691e+07	43945.6   	131895    	18573.2   	19629.7   	28986.5   
22003.745878	1.60052e+07	1.99277e+07	2.86976e+07	2.88066e+07	44034.5   	132618    	18621.2   	19679.1   	29062     
22097.378835	1.6032e+07	1.99789e+07	2.88124e+07	2.89218e+07	44121.1   	133353    	18668.7   	19727.8   	29136.4   
22191.011792	1.60589e+07	2.00302e+07	2.89272e+07	2.90369e+07	44207.6   	134087    	18716.1   	19776.5   	29210.8   
22284.644749	1.60858e+07	2.00814e+07	2.9042e+07	2.91521e+07	44294.2   	134822    	18763.6   	19825.2   	29285.1   
22378.277706	1.61126e+07	2.01327e+07	2.91568e+07	2.92673e+07	44380.7   	135556    	18811.1   	19873.9   	29359.5   
22471.910663	1.61395e+07	2.0184e+07	2.92716e+07	2.93824e+07	44467.3   	136290    	18858.6   	19922.6   	29433.9   
22565.543620	1.61663e+07	2.02352e+07	2.93864e+07	2.94976e+07	44553.9   	137025    	18906     	19971.3   	29508.3   
22659.176577	1.61932e+07	2.02865e+07	2.95012e+07	2.96128e+07	44640.4   	137759    	18953.5   	20020     	29582.7   
22752.809534	1.622e+07 	2.03377e+07	2.9616e+07	2.97279e+07	44727     	138494    	19001     	20068.7   	29657     
22846.442491	1.62469e+07	2.0389e+07	2.97308e+07	2.98431e+07	44813.6   	139228    	19048.5   	20117.4   	29731.4   
22940.075448	1.62738e+07	2.04403e+07	2.98456e+07	2.99583e+07	44900.1   	139962    	19095.9   	20166.1   	29805.8   
23033.708404	1.63001e+07	2.0491e+07	2.99603e+07	3.00733e+07	44985.9   	140701    	19143.2   	20214.6   	29879.8   
23127.341361	1.63255e+07	2.05407e+07	3.00746e+07	3.0188e+07	45070.2   	141446    	19190.2   	20262.5   	29953.1   
23220.974318	1.63509e+07	2.05904e+07	3.0189e+07	3.03027e+07	45154.5   	142192    	19237.1   	20310.5   	30026.4   
23314.607275	1.63763e+07	2.06401e+07	3.03033e+07	3.04174e+07	45238.9   	142937    	19284.1   	20358.5   	30099.7   
23408.240232	1.64017e+07	2.06898e+07	3.04177e+07	3.05322e+07	45323.2   	143682    	19331     	20406.4   	30173     
23501.873189	1.64271e+07	2.07395e+07	3.05321e+07	3.06469e+07	45407.5   	144428    	19378     	20454.4   	30246.3   
23595.506146	1.64525e+07	2.07892e+07	3.06464e+07	3.07616e+07	45491.8   	145173    	19424.9   	20502.4   	30319.6   
23689.139103	1.64779e+07	2.08389e+07	3.07608e+07	3.08763e+07	45576.2   	145918    	19471.8   	20550.4   	30392.9   
23782.772060	1.65033e+07	2.08887e+07	3.08751e+07	3.0991e+07	45660.5   	146664    	19518.8   	20598.3   	30466.2   
23876.405017	1.65288e+07	2.09384e+07	3.09895e+07	3.11057e+07	45744.8   	147409    	19565.7   	20646.3   	30539.5   
23970.037974	1.65542e+07	2.09881e+07	3.11039e+07	3.12205e+07	45829.1   	148154    	19612.7   	20694.3   	30612.8   
24063.670931	1.65787e+07	2.10368e+07	3.12179e+07	3.13349e+07	45912     	148907    	19659.3   	20741.8   	30685.5   
24157.303888	1.66027e+07	2.10851e+07	3.13319e+07	3.14492e+07	45994.3   	149663    	19705.7   	20789.1   	30757.8   
24250.936845	1.66268e+07	2.11333e+07	3.14458e+07	3.15635e+07	46076.5   	150419    	19752.2   	20836.4   	30830.1   
24344.569801	1.66509e+07	2.11816e+07	3.15597e+07	3.16778e+07	46158.7   	151175    	19798.7   	20883.7   	30902.5   
24438.202758	1.66749e+07	2.12298e+07	3.16737e+07	3.17921e+07	46241     	151932    	19845.1   	20931     	30974.8   
24531.835715	1.6699e+07	2.12781e+07	3.17876e+07	3.19064e+07	46323.2   	152688    	19891.6   	20978.3   	31047.1   
24625.468672	1.67231e+07	2.13264e+07	3.19015e+07	3.20206e+07	46405.5   	153444    	19938     	21025.6   	31119.4   
24719.101629	1.67471e+07	2.13746e+07	3.20155e+07	3.21349e+07	46487.7   	154200    	19984.5   	21072.9   	31191.8   
24812.734586	1.67712e+07	2.14229e+07	3.21294e+07	3.22492e+07	46569.9   	154956    	20030.9   	21120.2   	31264.1   
24906.367543	1.67953e+07	2.14711e+07	3.22434e+07	3.23635e+07	46652.2   	155712    	20077.4   	21167.5   	31336.4   
25000.000500	1.68193e+07	2.15194e+07	3.23573e+07	3.24778e+07	46734.4   	156468    	20123.8   	21214.8   	31408.7   
25093.633457	1.68422e+07	2.15663e+07	3.24708e+07	3.25917e+07	46814.7   	157235    	20169.8   	21261.5   	31480.2   
25187.266414	1.6865e+07	2.16132e+07	3.25844e+07	3.27056e+07	46895     	158002    	20215.8   	21308.2   	31551.6   
25280.899371	1.68878e+07	2.166e+07 	3.26979e+07	3.28195e+07	46975.3   	158769    	20261.8   	21354.9   	31623     
25374.532328	1.69106e+07	2.17069e+07	3.28114e+07	3.29333e+07	47055.6   	159536    	20307.8   	21401.6   	31694.4   
25468.165285	1.69335e+07	2.17538e+07	3.2925e+07	3.30472e+07	47135.9   	160303    	20353.8   	21448.3   	31765.8   
25561.798242	1.69563e+07	2.18007e+07	3.30385e+07	3.31611e+07	47216.2   	161069    	20399.8   	21495     	31837.2   
25655.431199	1.69791e+07	2.18476e+07	3.31521e+07	3.3275e+07	47296.5   	161836    	20445.8   	21541.6   	31908.7   
25749.064155	1.7002e+07	2.18945e+07	3.32656e+07	3.33889e+07	47376.8   	162603    	20491.8   	21588.3   	31980.1   
25842.697112	1.70248e+07	2.19414e+07	3.33791e+07	3.35028e+07	47457.1   	163370    	20537.8   	21635     	32051.5   
25936.330069	1.70476e+07	2.19883e+07	3.34927e+07	3.36166e+07	47537.4   	164137    	20583.7   	21681.7   	32122.9   
26029.963026	1.70701e+07	2.20347e+07	3.36061e+07	3.37304e+07	47617.1   	164907    	20629.6   	21728.2   	32194.1   
26123.595983	1.70918e+07	2.20803e+07	3.37192e+07	3.38439e+07	47695.6   	165684    	20675.2   	21774.3   	32264.7   
26217.228940	1.71135e+07	2.21259e+07	3.38324e+07	3.39574e+07	47774.1   	166461    	20720.7   	21820.4   	32335.2   
26310.861897	1.71352e+07	2.21715e+07	3.39456e+07	3.40709e+07	47852.6   	167239    	20766.3   	21866.6   	32405.8   
26404.494854	1.71568e+07	2.22171e+07	3.40587e+07	3.41844e+07	47931     	168016    	20811.8   	21912.7   	32476.4   
26498.127811	1.71785e+07	2.22627e+07	3.41719e+07	3.42979e+07	48009.5   	168793    	20857.4   	21958.8   	32547     
26591.760768	1.72002e+07	2.23083e+07	3.4285e+07	3.44114e+07	48088     	169570    	20902.9   	22004.9   	32617.6   
26685.393725	1.72219e+07	2.23539e+07	3.43982e+07	3.45249e+07	48166.5   	170348    	20948.5   	22051     	32688.2   
26779.026682	1.72436e+07	2.23995e+07	3.45113e+07	3.46384e+07	48245     	171125    	20994     	22097.2   	32758.8   
26872.659639	1.72653e+07	2.24451e+07	3.46245e+07	3.47519e+07	48323.5   	171902    	21039.6   	22143.3   	32829.3   
26966.292596	1.7287e+07	2.24907e+07	3.47377e+07	3.48654e+07	48401.9   	172679    	21085.2   	22189.4   	32899.9   
27059.925552	1.7308e+07	2.25355e+07	3.48506e+07	3.49786e+07	48479.3   	173463    	21130.4   	22235.2   	32970     
27153.558509	1.73286e+07	2.25799e+07	3.49634e+07	3.50918e+07	48556.1   	174250    	21175.6   	22280.8   	33039.8   
27247.191466	1.73492e+07	2.26242e+07	3.50762e+07	3.52049e+07	48632.9   	175038    	21220.7   	22326.3   	33109.6   
27340.824423	1.73699e+07	2.26686e+07	3.5189e+07	3.5318e+07	48709.7   	175825    	21265.9   	22371.9   	33179.4   
27434.457380	1.73905e+07	2.2713e+07	3.53018e+07	3.54311e+07	48786.5   	176612    	21311     	22417.5   	33249.2   
27528.090337	1.74111e+07	2.27574e+07	3.54146e+07	3.55443e+07	48863.2   	177399    	21356.2   	22463.1   	33319     
27621.723294	1.74317e+07	2.28017e+07	3.55274e+07	3.56574e+07	48940     	178187    	21401.3   	22508.7   	33388.8   
27715.356251	1.74524e+07	2.28461e+07	3.56401e+07	3.57705e+07	49016.8   	178974    	21446.4   	22554.3   	33458.7   
27808.989208	1.7473e+07	2.28905e+07	3.57529e+07	3.58836e+07	49093.6   	179761    	21491.6   	22599.9   	33528.5   
27902.622165	1.74936e+07	2.29348e+07	3.58657e+07	3.59968e+07	49170.4   	180549    	21536.7   	22645.4   	33598.3   
27996.255122	1.75142e+07	2.29792e+07	3.59785e+07	3.61099e+07	49247.1   	181336    	21581.9   	22691     	33668.1   
28089.888079	1.75339e+07	2.30225e+07	3.6091e+07	3.62227e+07	49322.4   	182133    	21626.6   	22736.1   	33737.2   
28183.521036	1.75536e+07	2.30657e+07	3.62034e+07	3.63355e+07	49397.6   	182930    	21671.4   	22781.2   	33806.3   
28277.153993	1.75732e+07	2.31089e+07	3.63159e+07	3.64482e+07	49472.7   	183727    	21716.1   	22826.3   	33875.3   
28370.786949	1.75928e+07	2.31521e+07	3.64283e+07	3.6561e+07	49547.9   	184524    	21760.9   	22871.4   	33944.4   
28464.419906	1.76125e+07	2.31954e+07	3.65408e+07	3.66738e+07	49623.1   	185322    	21805.6   	22916.5   	34013.5   
28558.052863	1.76321e+07	2.32386e+07	3.66532e+07	3.67866e+07	49698.3   	186119    	21850.3   	22961.6   	34082.6   
28651.685820	1.76518e+07	2.32818e+07	3.67657e+07	3.68993e+07	49773.5   	186916    	21895.1   	23006.7   	34151.7   
28745.318777	1.76714e+07	2.3325e+07	3.68781e+07	3.70121e+07	49848.6   	187713    	21939.8   	23051.8   	34220.8   
28838.951734	1.76911e+07	2.33682e+07	3.69906e+07	3.71249e+07	49923.8   	188510    	21984.6   	23096.9   	34289.8   
28932.584691	1.77107e+07	2.34114e+07	3.7103e+07	3.72376e+07	49999     	189308    	22029.3   	23141.9   	34358.9   
29026.217648	1.77301e+07	2.34544e+07	3.72154e+07	3.73503e+07	50073.8   	190108    	22074     	23186.9   	34427.8   
29119.850605	1.77488e+07	2.34965e+07	3.73275e+07	3.74628e+07	50147.4   	190915    	22118.3   	23231.5   	34496.2   
29213.483562	1.77675e+07	2.35386e+07	3.74396e+07	3.75752e+07	50221.1   	191722    	22162.7   	23276.1   	34564.6   
29307.116519	1.77862e+07	2.35807e+07	3.75517e+07	3.76876e+07	50294.8   	192528    	22207.1   	23320.8   	34633     
29400.749476	1.7805e+07	2.36228e+07	3.76639e+07	3.78001e+07	50368.4   	193335    	22251.4   	23365.4   	34701.4   
29494.382433	1.78237e+07	2.3665e+07	3.7776e+07	3.79125e+07	50442.1   	194142    	22295.8   	23410     	34769.8   
29588.015390	1.78424e+07	2.37071e+07	3.78881e+07	3.80249e+07	50515.8   	194949    	22340.2   	23454.6   	34838.2   
29681.648346	1.78611e+07	2.37492e+07	3.80002e+07	3.81374e+07	50589.5   	195756    	22384.5   	23499.2   	34906.6   
29775.281303	1.78799e+07	2.37913e+07	3.81123e+07	3.82498e+07	50663.1   	196563    	22428.9   	23543.9   	34975     
29868.914260	1.78986e+07	2.38335e+07	3.82244e+07	3.83622e+07	50736.8   	197370    	22473.2   	23588.5   	35043.4   
29962.547217	1.79173e+07	2.38756e+07	3.83366e+07	3.84747e+07	50810.5   	198177    	22517.6   	23633.1   	35111.8   
30056.180174	1.79353e+07	2.39168e+07	3.84484e+07	3.85868e+07	50882.9   	198993    	22561.6   	23677.3   	35179.7   
30149.813131	1.79528e+07	2.39574e+07	3.856e+07 	3.86988e+07	50954.5   	199814    	22605.5   	23721.3   	35247.1   
30243.446088	1.79702e+07	2.3998e+07	3.86717e+07	3.88107e+07	51026     	200635    	22649.3   	23765.3   	35314.6   
30337.079045	1.79877e+07	2.40385e+07	3.87833e+07	3.89227e+07	51097.6   	201456    	22693.1   	23809.2   	35382     
30430.712002	1.80052e+07	2.40791e+07	3.8895e+07	3.90346e+07	51169.2   	202277    	22736.9   	23853.2   	35449.5   
30524.344959	1.80226e+07	2.41197e+07	3.90066e+07	3.91466e+07	51240.8   	203098    	22780.7   	23897.2   	35516.9   
30617.977916	1.80401e+07	2.41603e+07	3.91183e+07	3.92585e+07	51312.3   	203920    	22824.6   	23941.2   	35584.4   
30711.610873	1.80576e+07	2.42009e+07	3.92299e+07	3.93705e+07	51383.9   	204741    	22868.4   	23985.1   	35651.9   
30805.243830	1.8075e+07	2.42415e+07	3.93416e+07	3.94824e+07	51455.5   	205562    	22912.2   	24029.1   	35719.3   
30898.876787	1.80925e+07	2.42821e+07	3.94532e+07	3.95944e+07	51527     	206383    	22956     	24073.1   	35786.8   
30992.509743	1.811e+07 	2.43227e+07	3.95649e+07	3.97063e+07	51598.6   	207204    	22999.8   	24117     	35854.2   
31086.142700	1.81274e+07	2.43633e+07	3.96765e+07	3.98183e+07	51670.2   	208025    	23043.7   	24161     	35921.7   
31179.775657	1.81449e+07	2.44038e+07	3.97881e+07	3.99302e+07	51741.8   	208847    	23087.5   	24205     	35989.1   
31273.408614	1.81624e+07	2.44444e+07	3.98998e+07	4.00422e+07	51813.3   	209668    	23131.3   	24248.9   	36056.6   
31367.041571	1.81799e+07	2.4485e+07	4.00114e+07	4.01541e+07	51884.9   	210489    	23175.1   	24292.9   	36124.1   
31460.674528	1.81973e+07	2.45256e+07	4.01231e+07	4.02661e+07	51956.5   	211310    	23218.9   	24336.9   	36191.5   
31554.307485	1.82148e+07	2.45662e+07	4.02347e+07	4.0378e+07	52028.1   	212131    	23262.7   	24380.8   	36259     
31647.940442	1.82323e+07	2.46068e+07	4.03464e+07	4.049e+07 	52099.6   	212952    	23306.6   	24424.8   	36326.4   
31741.573399	1.82497e+07	2.46474e+07	4.0458e+07	4.06019e+07	52171.2   	213774    	23350.4   	24468.8   	36393.9   
31835.206356	1.82672e+07	2.4688e+07	4.05697e+07	4.07139e+07	52242.8   	214595    	23394.2   	24512.8   	36461.3   
31928.839313	1.82847e+07	2.47286e+07	4.06813e+07	4.08258e+07	52314.3   	215416    	23438     	24556.7   	36528.8   
32022.472270	1.83018e+07	2.47687e+07	4.07928e+07	4.09377e+07	52385.3   	216241    	23481.7   	24600.5   	36596     
32116.105227	1.83177e+07	2.48074e+07	4.09039e+07	4.1049e+07	52454.3   	217081    	23524.8   	24643.7   	36662.3   
32209.738184	1.83337e+07	2.48461e+07	4.10149e+07	4.11604e+07	52523.3   	217920    	23567.9   	24686.9   	36728.6   
32303.371140	1.83497e+07	2.48848e+07	4.1126e+07	4.12717e+07	52592.3   	218759    	23611.1   	24730     	36794.9   
32397.004097	1.83657e+07	2.49235e+07	4.12371e+07	4.13831e+07	52661.3   	219599    	23654.2   	24773.2   	36861.2   
32490.637054	1.83816e+07	2.49622e+07	4.13481e+07	4.14944e+07	52730.4   	220438    	23697.3   	24816.4   	36927.5   
32584.270011	1.83976e+07	2.50009e+07	4.14592e+07	4.16058e+07	52799.4   	221277    	23740.4   	24859.5   	36993.8   
32677.902968	1.84136e+07	2.50396e+07	4.15702e+07	4.17171e+07	52868.4   	222117    	23783.6   	24902.7   	37060.1   
32771.535925	1.84296e+07	2.50783e+07	4.16813e+07	4.18285e+07	52937.4   	222956    	23826.7   	24945.9   	37126.4   
32865.168882	1.84455e+07	2.5117e+07	4.17924e+07	4.19398e+07	53006.4   	223796    	23869.8   	24989.1   	37192.8   
32958.801839	1.84615e+07	2.51557e+07	4.19034e+07	4.20512e+07	53075.4   	224635    	23912.9   	25032.2   	37259.1   
33052.434796	1.84775e+07	2.51945e+07	4.20145e+07	4.21625e+07	53144.4   	225474    	23956.1   	25075.4   	37325.4   
33146.067753	1.84934e+07	2.52332e+07	4.21255e+07	4.22739e+07	53213.4   	226314    	23999.2   	25118.6   	37391.7   
33239.700710	1.85094e+07	2.52719e+07	4.22366e+07	4.23852e+07	53282.4   	227153    	24042.3   	25161.7   	37458     
33333.333667	1.85254e+07	2.53106e+07	4.23477e+07	4.24966e+07	53351.5   	227992    	24085.5   	25204.9   	37524.3   
33426.966624	1.85414e+07	2.53493e+07	4.24587e+07	4.26079e+07	53420.5   	228832    	24128.6   	25248.1   	37590.6   
33520.599581	1.85573e+07	2.5388e+07	4.25698e+07	4.27193e+07	53489.5   	229671    	24171.7   	25291.3   	37656.9   
33614.232537	1.85733e+07	2.54267e+07	4.26808e+07	4.28306e+07	53558.5   	230510    	24214.8   	25334.4   	37723.2   
33707.865494	1.85893e+07	2.54654e+07	4.27919e+07	4.2942e+07	53627.5   	231350    	24258     	25377.6   	37789.5   
33801.498451	1.86053e+07	2.55041e+07	4.2903e+07	4.30533e+07	53696.5   	232189    	24301.1   	25420.8   	37855.8   
33895.131408	1.86212e+07	2.55428e+07	4.3014e+07	4.31647e+07	53765.5   	233028    	24344.2   	25463.9   	37922.1   
33988.764365	1.86372e+07	2.55815e+07	4.31251e+07	4.3276e+07	53834.5   	233868    	24387.3   	25507.1   	37988.4   
34082.397322	1.8652e+07	2.56187e+07	4.32357e+07	4.33869e+07	53901.5   	234722    	24429.9   	25549.6   	38053.8   
34176.030279	1.86667e+07	2.56557e+07	4.33462e+07	4.34977e+07	53968.2   	235579    	24472.4   	25592.1   	38119.1   
34269.663236	1.86813e+07	2.56927e+07	4.34567e+07	4.36085e+07	54034.9   	236436    	24514.8   	25634.5   	38184.3   
34363.296193	1.8696e+07	2.57297e+07	4.35672e+07	4.37193e+07	54101.6   	237292    	24557.3   	25677     	38249.6   
34456.929150	1.87106e+07	2.57667e+07	4.36777e+07	4.38301e+07	54168.3   	238149    	24599.8   	25719.4   	38314.9   
34550.562107	1.87253e+07	2.58037e+07	4.37882e+07	4.39409e+07	54235     	239006    	24642.2   	25761.9   	38380.1   
34644.195064	1.874e+07 	2.58407e+07	4.38988e+07	4.40517e+07	54301.7   	239862    	24684.7   	25804.3   	38445.4   
34737.828021	1.87546e+07	2.58777e+07	4.40093e+07	4.41624e+07	54368.4   	240719    	24727.2   	25846.7   	38510.7   
34831.460978	1.87693e+07	2.59147e+07	4.41198e+07	4.42732e+07	54435.1   	241576    	24769.6   	25889.2   	38575.9   
34925.093934	1.87839e+07	2.59517e+07	4.42303e+07	4.4384e+07	54501.8   	242432    	24812.1   	25931.6   	38641.2   
35018.726891	1.87986e+07	2.59887e+07	4.43408e+07	4.44948e+07	54568.5   	243289    	24854.6   	25974.1   	38706.4   
35112.359848	1.88132e+07	2.60256e+07	4.44513e+07	4.46056e+07	54635.2   	244145    	24897     	26016.5   	38771.7   
35205.992805	1.88279e+07	2.60626e+07	4.45619e+07	4.47164e+07	54701.9   	245002    	24939.5   	26059     	38837     
35299.625762	1.88426e+07	2.60996e+07	4.46724e+07	4.48272e+07	54768.6   	245859    	24982     	26101.4   	38902.2   
35393.258719	1.88572e+07	2.61366e+07	4.47829e+07	4.4938e+07	54835.3   	246715    	25024.4   	26143.8   	38967.5   
35486.891676	1.88719e+07	2.61736e+07	4.48934e+07	4.50488e+07	54902     	247572    	25066.9   	26186.3   	39032.7   
35580.524633	1.88865e+07	2.62106e+07	4.50039e+07	4.51596e+07	54968.7   	248429    	25109.4   	26228.7   	39098     
35674.157590	1.89012e+07	2.62476e+07	4.51144e+07	4.52704e+07	55035.4   	249285    	25151.8   	26271.2   	39163.3   
35767.790547	1.89158e+07	2.62846e+07	4.5225e+07	4.53812e+07	55102.1   	250142    	25194.3   	26313.6   	39228.5   
35861.423504	1.89305e+07	2.63216e+07	4.53355e+07	4.5492e+07	55168.8   	250999    	25236.8   	26356     	39293.8   
35955.056461	1.89452e+07	2.63586e+07	4.5446e+07	4.56028e+07	55235.5   	251855    	25279.2   	26398.5   	39359     
36048.689418	1.89592e+07	2.63948e+07	4.55562e+07	4.57133e+07	55301.1   	252721    	25321.4   	26440.6   	39423.8   
36142.322375	1.89727e+07	2.64302e+07	4.56662e+07	4.58236e+07	55365.7   	253594    	25363.2   	26482.3   	39488.1   
36235.955331	1.89862e+07	2.64656e+07	4.57763e+07	4.59338e+07	55430.3   	254467    	25405     	26524.1   	39552.4   
36329.588288	1.89997e+07	2.65011e+07	4.58863e+07	4.60441e+07	55494.9   	255340    	25446.8   	26565.9   	39616.7   
36423.221245	1.90132e+07	2.65365e+07	4.59963e+07	4.61544e+07	55559.5   	256214    	25488.7   	26607.6   	39681     
36516.854202	1.90267e+07	2.65719e+07	4.61063e+07	4.62647e+07	55624.1   	257087    	25530.5   	26649.4   	39745.2   
36610.487159	1.90402e+07	2.66074e+07	4.62163e+07	4.63749e+07	55688.7   	257960    	25572.3   	26691.1   	39809.5   
36704.120116	1.90537e+07	2.66428e+07	4.63263e+07	4.64852e+07	55753.2   	258833    	25614.1   	26732.9   	39873.8   
36797.753073	1.90672e+07	2.66782e+07	4.64363e+07	4.65955e+07	55817.8   	259707    	25656     	26774.7   	39938.1   
36891.386030	1.90807e+07	2.67137e+07	4.65463e+07	4.67057e+07	55882.4   	260580    	25697.8   	26816.4   	40002.4   
36985.018987	1.90942e+07	2.67491e+07	4.66564e+07	4.6816e+07	55947     	261453    	25739.6   	26858.2   	40066.7   
37078.651944	1.91077e+07	2.67845e+07	4.67664e+07	4.69263e+07	56011.6   	262326    	25781.4   	26899.9   	40131     
37172.284901	1.91211e+07	2.682e+07 	4.68764e+07	4.70366e+07	56076.2   	263200    	25823.3   	26941.7   	40195.3   
37265.917858	1.91346e+07	2.68554e+07	4.69864e+07	4.71468e+07	56140.8   	264073    	25865.1   	26983.5   	40259.6   
37359.550815	1.91481e+07	2.68908e+07	4.70964e+07	4.72571e+07	56205.4   	264946    	25906.9   	27025.2   	40323.8   
37453.183772	1.91616e+07	2.69263e+07	4.72064e+07	4.73674e+07	56270     	265819    	25948.7   	27067     	40388.1   
37546.816728	1.91751e+07	2.69617e+07	4.73164e+07	4.74777e+07	56334.6   	266693    	25990.6   	27108.7   	40452.4   
37640.449685	1.91886e+07	2.69971e+07	4.74264e+07	4.75879e+07	56399.2   	267566    	26032.4   	27150.5   	40516.7   
37734.082642	1.92021e+07	2.70325e+07	4.75364e+07	4.76982e+07	56463.8   	268439    	26074.2   	27192.3   	40581     
37827.715599	1.92156e+07	2.7068e+07	4.76465e+07	4.78085e+07	56528.4   	269312    	26116     	27234     	40645.3   
37921.348556	1.92291e+07	2.71034e+07	4.77565e+07	4.79188e+07	56593     	270186    	26157.9   	27275.8   	40709.6   
38014.981513	1.92424e+07	2.71386e+07	4.78664e+07	4.8029e+07	56657.3   	271062    	26199.6   	27317.4   	40773.7   
38108.614470	1.92549e+07	2.71726e+07	4.79759e+07	4.81387e+07	56720     	271951    	26240.8   	27358.6   	40837.1   
38202.247427	1.92674e+07	2.72066e+07	4.80855e+07	4.82485e+07	56782.7   	272840    	26282     	27399.7   	40900.5   
38295.880384	1.92798e+07	2.72406e+07	4.8195e+07	4.83583e+07	56845.3   	273729    	26323.2   	27440.8   	40963.9   
38389.513341	1.92923e+07	2.72746e+07	4.83046e+07	4.84681e+07	56908     	274618    	26364.4   	27481.9   	41027.2   
38483.146298	1.93048e+07	2.73086e+07	4.84141e+07	4.85779e+07	56970.7   	275508    	26405.6   	27523.1   	41090.6   
38576.779255	1.93172e+07	2.73426e+07	4.85237e+07	4.86877e+07	57033.4   	276397    	26446.8   	27564.2   	41154     
38670.412212	1.93297e+07	2.73766e+07	4.86332e+07	4.87975e+07	57096.1   	277286    	26488     	27605.3   	41217.4   
38764.045169	1.93421e+07	2.74106e+07	4.87427e+07	4.89073e+07	57158.7   	278175    	26529.2   	27646.4   	41280.8   
38857.678125	1.93546e+07	2.74446e+07	4.88523e+07	4.9017e+07	57221.4   	279065    	26570.4   	27687.5   	41344.2   
38951.311082	1.93671e+07	2.74786e+07	4.89618e+07	4.91268e+07	57284.1   	279954    	26611.6   	27728.7   	41407.5   
39044.944039	1.93795e+07	2.75126e+07	4.90714e+07	4.92366e+07	57346.8   	280843    	26652.8   	27769.8   	41470.9   
39138.576996	1.9392e+07	2.75466e+07	4.91809e+07	4.93464e+07	57409.4   	281732    	26694     	27810.9   	41534.3   
39232.209953	1.94045e+07	2.75806e+07	4.92904e+07	4.94562e+07	57472.1   	282622    	26735.2   	27852     	41597.7   
39325.842910	1.94169e+07	2.76146e+07	4.94e+07  	4.9566e+07	57534.8   	283511    	26776.5   	27893.2   	41661.1   
39419.475867	1.94294e+07	2.76486e+07	4.95095e+07	4.96758e+07	57597.5   	284400    	26817.7   	27934.3   	41724.4   
39513.108824	1.94419e+07	2.76826e+07	4.96191e+07	4.97856e+07	57660.2   	285289    	26858.9   	27975.4   	41787.8   
39606.741781	1.94543e+07	2.77166e+07	4.97286e+07	4.98953e+07	57722.8   	286179    	26900.1   	28016.5   	41851.2   
39700.374738	1.94668e+07	2.77506e+07	4.98382e+07	5.00051e+07	57785.5   	287068    	26941.3   	28057.6   	41914.6   
39794.007695	1.94792e+07	2.77846e+07	4.99477e+07	5.01149e+07	57848.2   	287957    	26982.5   	28098.8   	41978     
39887.640652	1.94917e+07	2.78186e+07	5.00572e+07	5.02247e+07	57910.9   	288846    	27023.7   	28139.9   	42041.4   
39981.273609	1.95042e+07	2.78526e+07	5.01668e+07	5.03345e+07	57973.6   	289736    	27064.9   	28181     	42104.7   
40074.906566	1.95159e+07	2.78856e+07	5.0276e+07	5.04439e+07	58034.8   	290637    	27105.6   	28221.7   	42167.4   
40168.539522	1.95274e+07	2.79182e+07	5.03851e+07	5.05533e+07	58095.7   	291542    	27146.2   	28262.2   	42230     
40262.172479	1.9539e+07	2.79509e+07	5.04942e+07	5.06626e+07	58156.7   	292447    	27186.8   	28302.7   	42292.5   
40355.805436	1.95505e+07	2.79836e+07	5.06033e+07	5.07719e+07	58217.6   	293351    	27227.4   	28343.2   	42355     
40449.438393	1.95621e+07	2.80163e+07	5.07124e+07	5.08812e+07	58278.5   	294256    	27268     	28383.7   	42417.6   
40543.071350	1.95736e+07	2.8049e+07	5.08215e+07	5.09906e+07	58339.4   	295161    	27308.6   	28424.3   	42480.1   
40636.704307	1.95851e+07	2.80816e+07	5.09306e+07	5.10999e+07	58400.3   	296065    	27349.2   	28464.8   	42542.6   
40730.337264	1.95967e+07	2.81143e+07	5.10397e+07	5.12092e+07	58461.3   	296970    	27389.8   	28505.3   	42605.2   
40823.970221	1.96082e+07	2.8147e+07	5.11488e+07	5.13186e+07	58522.2   	297875    	27430.4   	28545.8   	42667.7   
40917.603178	1.96198e+07	2.81797e+07	5.12579e+07	5.14279e+07	58583.1   	298780    	27471     	28586.4   	42730.2   
41011.236135	1.96313e+07	2.82124e+07	5.1367e+07	5.15372e+07	58644     	299684    	27511.6   	28626.9   	42792.8   
41104.869092	1.96429e+07	2.8245e+07	5.14761e+07	5.16466e+07	58704.9   	300589    	27552.2   	28667.4   	42855.3   
41198.502049	1.96544e+07	2.82777e+07	5.15852e+07	5.17559e+07	58765.8   	301494    	27592.8   	28707.9   	42917.8   
41292.135006	1.96659e+07	2.83104e+07	5.16943e+07	5.18652e+07	58826.8   	302398    	27633.4   	28748.4   	42980.4   
41385.767963	1.96775e+07	2.83431e+07	5.18034e+07	5.19746e+07	58887.7   	303303    	27674     	28789     	43042.9   
41479.400919	1.9689e+07	2.83758e+07	5.19125e+07	5.20839e+07	58948.6   	304208    	27714.6   	28829.5   	43105.4   
41573.033876	1.97006e+07	2.84085e+07	5.20216e+07	5.21932e+07	59009.5   	305112    	27755.2   	28870     	43168     
41666.666833	1.97121e+07	2.84411e+07	5.21307e+07	5.23026e+07	59070.4   	306017    	27795.9   	28910.5   	43230.5   
41760.299790	1.97237e+07	2.84738e+07	5.22398e+07	5.24119e+07	59131.3   	306922    	27836.5   	28951     	43293     
41853.932747	1.97352e+07	2.85065e+07	5.23489e+07	5.25212e+07	59192.3   	307827    	27877.1   	28991.6   	43355.5   
41947.565704	1.97467e+07	2.85392e+07	5.2458e+07	5.26306e+07	59253.2   	308731    	27917.7   	29032.1   	43418.1   
42041.198661	1.97579e+07	2.85713e+07	5.25669e+07	5.27397e+07	59313.4   	309643    	27958     	29072.4   	43480.3   
42134.831618	1.97686e+07	2.86028e+07	5.26756e+07	5.28486e+07	59372.7   	310562    	27998     	29112.3   	43542     
42228.464575	1.97794e+07	2.86343e+07	5.27843e+07	5.29575e+07	59432     	311482    	28038     	29152.3   	43603.7   
42322.097532	1.97901e+07	2.86657e+07	5.2893e+07	5.30664e+07	59491.3   	312402    	28078.1   	29192.2   	43665.4   
42415.730489	1.98008e+07	2.86972e+07	5.30016e+07	5.31753e+07	59550.5   	313321    	28118.1   	29232.2   	43727.2   
42509.363446	1.98115e+07	2.87287e+07	5.31103e+07	5.32842e+07	59609.8   	314241    	28158.1   	29272.1   	43788.9   
42602.996403	1.98222e+07	2.87601e+07	5.3219e+07	5.33931e+07	59669.1   	315161    	28198.1   	29312.1   	43850.6   
42696.629360	1.98329e+07	2.87916e+07	5.33277e+07	5.3502e+07	59728.4   	316081    	28238.1   	29352     	43912.3   
42790.262316	1.98437e+07	2.8823e+07	5.34364e+07	5.36109e+07	59787.7   	317000    	28278.1   	29392     	43974.1   
42883.895273	1.98544e+07	2.88545e+07	5.35451e+07	5.37198e+07	59847     	317920    	28318.2   	29431.9   	44035.8   
42977.528230	1.98651e+07	2.8886e+07	5.36538e+07	5.38287e+07	59906.3   	318840    	28358.2   	29471.9   	44097.5   
43071.161187	1.98758e+07	2.89174e+07	5.37624e+07	5.39376e+07	59965.6   	319759    	28398.2   	29511.8   	44159.2   
43164.794144	1.98865e+07	2.89489e+07	5.38711e+07	5.40465e+07	60024.9   	320679    	28438.2   	29551.8   	44221     
43258.427101	1.98973e+07	2.89804e+07	5.39798e+07	5.41554e+07	60084.2   	321599    	28478.2   	29591.7   	44282.7   
43352.060058	1.9908e+07	2.90118e+07	5.40885e+07	5.42643e+07	60143.4   	322518    	28518.2   	29631.7   	44344.4   
43445.693015	1.99187e+07	2.90433e+07	5.41972e+07	5.43732e+07	60202.7   	323438    	28558.3   	29671.6   	44406.1   
43539.325972	1.99294e+07	2.90748e+07	5.43059e+07	5.44821e+07	60262     	324358    	28598.3   	29711.6   	44467.9   
43632.958929	1.99401e+07	2.91062e+07	5.44146e+07	5.4591e+07	60321.3   	325278    	28638.3   	29751.5   	44529.6   
43726.591886	1.99508e+07	2.91377e+07	5.45233e+07	5.46999e+07	60380.6   	326197    	28678.3   	29791.5   	44591.3   
43820.224843	1.99616e+07	2.91692e+07	5.46319e+07	5.48088e+07	60439.9   	327117    	28718.3   	29831.4   	44653     
43913.857800	1.99723e+07	2.92006e+07	5.47406e+07	5.49177e+07	60499.2   	328037    	28758.3   	29871.4   	44714.8   
44007.490757	1.99829e+07	2.9232e+07	5.48493e+07	5.50266e+07	60558.4   	328957    	28798.3   	29911.3   	44776.4   
44101.123713	1.99929e+07	2.92623e+07	5.49576e+07	5.51351e+07	60616.1   	329892    	28837.8   	29950.7   	44837.4   
44194.756670	2.00029e+07	2.92927e+07	5.50659e+07	5.52436e+07	60673.9   	330826    	28877.2   	29990.1   	44898.3   
44288.389627	2.00129e+07	2.9323e+07	5.51742e+07	5.53521e+07	60731.7   	331760    	28916.6   	30029.5   	44959.3   
44382.022584	2.00228e+07	2.93534e+07	5.52825e+07	5.54606e+07	60789.5   	332695    	28956.1   	30068.9   	45020.2   
44475.655541	2.00328e+07	2.93837e+07	5.53907e+07	5.55691e+07	60847.3   	333629    	28995.5   	30108.3   	45081.2   
44569.288498	2.00428e+07	2.9414e+07	5.5499e+07	5.56776e+07	60905.1   	334563    	29035     	30147.7   	45142.2   
44662.921455	2.00528e+07	2.94444e+07	5.56073e+07	5.57861e+07	60962.8   	335497    	29074.4   	30187.1   	45203.1   
44756.554412	2.00627e+07	2.94747e+07	5.57156e+07	5.58946e+07	61020.6   	336432    	29113.9   	30226.5   	45264.1   
44850.187369	2.00727e+07	2.9505e+07	5.58239e+07	5.60031e+07	61078.4   	337366    	29153.3   	30265.9   	45325     
44943.820326	2.00827e+07	2.95354e+07	5.59322e+07	5.61116e+07	61136.2   	338300    	29192.8   	30305.3   	45386     
45037.453283	2.00927e+07	2.95657e+07	5.60405e+07	5.62201e+07	61194     	339235    	29232.2   	30344.7   	45446.9   
45131.086240	2.01027e+07	2.95961e+07	5.61488e+07	5.63286e+07	61251.8   	340169    	29271.7   	30384.1   	45507.9   
45224.719197	2.01126e+07	2.96264e+07	5.62571e+07	5.64371e+07	61309.5   	341103    	29311.1   	30423.5   	45568.8   
45318.352154	2.01226e+07	2.96567e+07	5.63654e+07	5.65456e+07	61367.3   	342038    	29350.5   	30462.9   	45629.8   
45411.985110	2.01326e+07	2.96871e+07	5.64737e+07	5.6654e+07	61425.1   	342972    	29390     	30502.3   	45690.8   
45505.618067	2.01426e+07	2.97174e+07	5.6582e+07	5.67625e+07	61482.9   	343906    	29429.4   	30541.7   	45751.7   
45599.251024	2.01525e+07	2.97477e+07	5.66903e+07	5.6871e+07	61540.7   	344840    	29468.9   	30581.1   	45812.7   
45692.883981	2.01625e+07	2.97781e+07	5.67986e+07	5.69795e+07	61598.4   	345775    	29508.3   	30620.5   	45873.6   
45786.516938	2.01725e+07	2.98084e+07	5.69069e+07	5.7088e+07	61656.2   	346709    	29547.8   	30659.9   	45934.6   
45880.149895	2.01825e+07	2.98388e+07	5.70151e+07	5.71965e+07	61714     	347643    	29587.2   	30699.3   	45995.5   
45973.782852	2.01924e+07	2.98691e+07	5.71234e+07	5.7305e+07	61771.8   	348578    	29626.7   	30738.7   	46056.5   
46067.415809	2.02019e+07	2.98987e+07	5.72315e+07	5.74132e+07	61828.6   	349522    	29665.7   	30777.8   	46116.9   
46161.048766	2.02112e+07	2.9928e+07	5.73394e+07	5.75214e+07	61884.9   	350471    	29704.6   	30816.6   	46177.1   
46254.681723	2.02205e+07	2.99573e+07	5.74473e+07	5.76295e+07	61941.3   	351419    	29743.5   	30855.5   	46237.4   
46348.314680	2.02298e+07	2.99866e+07	5.75552e+07	5.77376e+07	61997.7   	352368    	29782.4   	30894.4   	46297.6   
46441.947637	2.02392e+07	3.00158e+07	5.76631e+07	5.78457e+07	62054.1   	353316    	29821.3   	30933.3   	46357.8   
46535.580594	2.02485e+07	3.00451e+07	5.77711e+07	5.79538e+07	62110.5   	354264    	29860.2   	30972.2   	46418     
46629.213551	2.02578e+07	3.00744e+07	5.7879e+07	5.80619e+07	62166.8   	355213    	29899     	31011.1   	46478.2   
46722.846507	2.02671e+07	3.01037e+07	5.79869e+07	5.817e+07 	62223.2   	356161    	29937.9   	31049.9   	46538.5   
46816.479464	2.02764e+07	3.0133e+07	5.80948e+07	5.82781e+07	62279.6   	357110    	29976.8   	31088.8   	46598.7   
46910.112421	2.02857e+07	3.01623e+07	5.82028e+07	5.83863e+07	62336     	358058    	30015.7   	31127.7   	46658.9   
47003.745378	2.0295e+07	3.01916e+07	5.83107e+07	5.84944e+07	62392.4   	359007    	30054.6   	31166.6   	46719.1   
47097.378335	2.03043e+07	3.02209e+07	5.84186e+07	5.86025e+07	62448.7   	359955    	30093.5   	31205.5   	46779.3   
47191.011292	2.03136e+07	3.02502e+07	5.85265e+07	5.87106e+07	62505.1   	360904    	30132.4   	31244.3   	46839.5   
47284.644249	2.03229e+07	3.02795e+07	5.86344e+07	5.88187e+07	62561.5   	361852    	30171.3   	31283.2   	46899.8   
47378.277206	2.03322e+07	3.03088e+07	5.87424e+07	5.89268e+07	62617.9   	362801    	30210.2   	31322.1   	46960     
47471.910163	2.03415e+07	3.0338e+07	5.88503e+07	5.90349e+07	62674.2   	363749    	30249.1   	31361     	47020.2   
47565.543120	2.03508e+07	3.03673e+07	5.89582e+07	5.9143e+07	62730.6   	364698    	30287.9   	31399.9   	47080.4   
47659.176077	2.03601e+07	3.03966e+07	5.90661e+07	5.92512e+07	62787     	365646    	30326.8   	31438.7   	47140.6   
47752.809034	2.03694e+07	3.04259e+07	5.9174e+07	5.93593e+07	62843.4   	366595    	30365.7   	31477.6   	47200.9   
47846.441991	2.03788e+07	3.04552e+07	5.9282e+07	5.94674e+07	62899.8   	367543    	30404.6   	31516.5   	47261.1   
47940.074948	2.03881e+07	3.04845e+07	5.93899e+07	5.95755e+07	62956.1   	368492    	30443.5   	31555.4   	47321.3   
48033.707904	2.03971e+07	3.05134e+07	5.94977e+07	5.96835e+07	63012     	369445    	30482.2   	31594.1   	47381.3   
48127.340861	2.04058e+07	3.05418e+07	5.96053e+07	5.97912e+07	63067.1   	370408    	30520.5   	31632.4   	47440.8   
48220.973818	2.04145e+07	3.05701e+07	5.97128e+07	5.9899e+07	63122.2   	371370    	30558.9   	31670.8   	47500.3   
48314.606775	2.04232e+07	3.05984e+07	5.98204e+07	6.00067e+07	63177.3   	372332    	30597.2   	31709.2   	47559.8   
48408.239732	2.04319e+07	3.06267e+07	5.9928e+07	6.01145e+07	63232.3   	373294    	30635.6   	31747.6   	47619.3   
48501.872689	2.04406e+07	3.0655e+07	6.00355e+07	6.02222e+07	63287.4   	374257    	30673.9   	31785.9   	47678.8   
48595.505646	2.04493e+07	3.06833e+07	6.01431e+07	6.033e+07 	63342.5   	375219    	30712.3   	31824.3   	47738.3   
48689.138603	2.0458e+07	3.07117e+07	6.02507e+07	6.04377e+07	63397.5   	376181    	30750.6   	31862.7   	47797.8   
48782.771560	2.04667e+07	3.074e+07 	6.03582e+07	6.05455e+07	63452.6   	377143    	30789     	31901.1   	47857.3   
48876.404517	2.04754e+07	3.07683e+07	6.04658e+07	6.06532e+07	63507.7   	378106    	30827.3   	31939.4   	47916.9   
48970.037474	2.04841e+07	3.07966e+07	6.05734e+07	6.0761e+07	63562.7   	379068    	30865.6   	31977.8   	47976.4   
49063.670431	2.04928e+07	3.08249e+07	6.06809e+07	6.08687e+07	63617.8   	380030    	30904     	32016.2   	48035.9   
49157.303388	2.05015e+07	3.08532e+07	6.07885e+07	6.09765e+07	63672.9   	380992    	30942.3   	32054.6   	48095.4   
49250.936345	2.05102e+07	3.08815e+07	6.08961e+07	6.10842e+07	63728     	381955    	30980.7   	32092.9   	48154.9   
49344.569301	2.05189e+07	3.09099e+07	6.10036e+07	6.1192e+07	63783     	382917    	31019     	32131.3   	48214.4   
49438.202258	2.05276e+07	3.09382e+07	6.11112e+07	6.12997e+07	63838.1   	383879    	31057.4   	32169.7   	48273.9   
49531.835215	2.05363e+07	3.09665e+07	6.12188e+07	6.14074e+07	63893.2   	384841    	31095.7   	32208.1   	48333.4   
49625.468172	2.0545e+07	3.09948e+07	6.13264e+07	6.15152e+07	63948.2   	385804    	31134.1   	32246.4   	48392.9   
49719.101129	2.05537e+07	3.10231e+07	6.14339e+07	6.16229e+07	64003.3   	386766    	31172.4   	32284.8   	48452.4   
49812.734086	2.05624e+07	3.10514e+07	6.15415e+07	6.17307e+07	64058.4   	387728    	31210.8   	32323.2   	48511.9   
49906.367043	2.05711e+07	3.10798e+07	6.16491e+07	6.18384e+07	64113.5   	388691    	31249.1   	32361.6   	48571.5   
50000.000000	2.05798e+07	3.11081e+07	6.17566e+07	6.19462e+07	64168.5   	389653    	31287.4   	32399.9   	48631     
