* 27Al energy loss (dE/dX) in Al
* apply ZOOM for details
*Energy (MeV/u)1	0 - [He-base] F.Hubert et al, AD&ND Tables 46(1990)1	Energy (MeV/u)2	1 - [H -base] J.F.Ziegler et al,Pergamon Press,NY(low energy)	Energy (MeV/u)3	2 - ATIMA 1.2 LS-theory (recommended for high energy)	Energy (MeV/u)4	3 - ATIMA 1.2 without LS-correction	Energy (MeV/u)5	4 - ATIMA 1.4 H.Weick, improved mean charge formula for HI	Energy (MeV/u)6	5 - electrical component of [1] - J.F.Ziegler et al	Energy (MeV/u)7	6 - nuclear component of [1] - J.F.Ziegler et al	
0.001000	0.883972  	0.001000	0.529083  	0.001000	0.52758   	0.001000	0.52758   	0.001000	0.527747  	0.001000	0.131006  	0.001000	0.398077  	
0.002000	0.868782  	0.002000	0.524742  	0.002000	0.526425  	0.002000	0.526425  	0.002000	0.526546  	0.002000	0.181458  	0.002000	0.343285  	
0.005000	0.891231  	0.005000	0.523159  	0.005000	0.533592  	0.005000	0.533592  	0.005000	0.533659  	0.005000	0.279131  	0.005000	0.244029  	
0.008000	0.9418    	0.008000	0.541546  	0.008000	0.559684  	0.008000	0.559684  	0.008000	0.55973   	0.008000	0.348132  	0.008000	0.193414  	
0.010000	0.977659  	0.010000	0.557825  	0.010000	0.5807    	0.010000	0.5807    	0.010000	0.580737  	0.010000	0.386626  	0.010000	0.171198  	
0.015000	1.13268   	0.015000	0.602662  	0.015000	0.636401  	0.015000	0.636401  	0.015000	0.636428  	0.015000	0.467794  	0.015000	0.134868  	
0.020000	1.28764   	0.020000	0.684108  	0.020000	0.738804  	0.020000	0.738804  	0.020000	0.738825  	0.020000	0.57156   	0.020000	0.112548  	
0.025000	1.46855   	0.025000	0.782974  	0.025000	0.859412  	0.025000	0.859412  	0.025000	0.859429  	0.025000	0.685737  	0.025000	0.0972369 	
0.030000	1.63899   	0.030000	0.883277  	0.030000	0.957941  	0.030000	0.957941  	0.030000	0.957956  	0.030000	0.79729   	0.030000	0.0859869 	
0.035000	1.79339   	0.035000	0.982773  	0.035000	1.05402   	0.035000	1.05402   	0.035000	1.05403   	0.035000	0.905451  	0.035000	0.0773223 	
0.040000	1.92876   	0.040000	1.08013   	0.040000	1.14649   	0.040000	1.14649   	0.040000	1.1465    	0.040000	1.00971   	0.040000	0.0704153 	
0.045000	2.04334   	0.045000	1.17398   	0.045000	1.23408   	0.045000	1.23408   	0.045000	1.23409   	0.045000	1.10982   	0.045000	0.0641642 	
0.050000	2.13642   	0.050000	1.26521   	0.050000	1.31771   	0.050000	1.31771   	0.050000	1.31772   	0.050000	1.20571   	0.050000	0.0594973 	
0.055000	2.27606   	0.055000	1.3473    	0.055000	1.3966    	0.055000	1.3966    	0.055000	1.39661   	0.055000	1.29177   	0.055000	0.0555272 	
0.060000	2.40302   	0.060000	1.42544   	0.060000	1.4708    	0.060000	1.4708    	0.060000	1.47081   	0.060000	1.37333   	0.060000	0.052104  	
0.070000	2.62029   	0.070000	1.57097   	0.070000	1.6058    	0.070000	1.6058    	0.070000	1.60581   	0.070000	1.52448   	0.070000	0.0464889 	
0.080000	2.85456   	0.080000	1.70544   	0.080000	1.72467   	0.080000	1.72467   	0.080000	1.72468   	0.080000	1.66338   	0.080000	0.0420636 	
0.090000	3.05465   	0.090000	1.8309    	0.090000	1.82973   	0.090000	1.82973   	0.090000	1.82974   	0.090000	1.79242   	0.090000	0.0384764 	
0.100000	3.22669   	0.100000	1.94819   	0.100000	1.92325   	0.100000	1.92325   	0.100000	1.92326   	0.100000	1.91269   	0.100000	0.0355035 	
0.120000	3.42745   	0.120000	2.11372   	0.120000	2.0834    	0.120000	2.0834    	0.120000	2.08341   	0.120000	2.08287   	0.120000	0.0308477 	
0.140000	3.57652   	0.140000	2.25583   	0.140000	2.21729   	0.140000	2.21729   	0.140000	2.21729   	0.140000	2.22848   	0.140000	0.0273551 	
0.160000	3.69475   	0.160000	2.37718   	0.160000	2.33262   	0.160000	2.33262   	0.160000	2.33263   	0.160000	2.35256   	0.160000	0.0246286 	
0.180000	3.80375   	0.180000	2.48439   	0.180000	2.43412   	0.180000	2.43412   	0.180000	2.43413   	0.180000	2.46195   	0.180000	0.0224353 	
0.200000	3.91063   	0.200000	2.58137   	0.200000	2.52469   	0.200000	2.52469   	0.200000	2.52469   	0.200000	2.56074   	0.200000	0.0206292 	
0.250000	4.04489   	0.250000	2.74649   	0.250000	2.71423   	0.250000	2.71423   	0.250000	2.71424   	0.250000	2.72925   	0.250000	0.0172444 	
0.300000	4.23384   	0.300000	2.90831   	0.300000	2.86324   	0.300000	2.86324   	0.300000	2.86324   	0.300000	2.89343   	0.300000	0.0148749 	
0.350000	4.40337   	0.350000	3.03837   	0.350000	2.9937    	0.350000	2.9937    	0.350000	2.99371   	0.350000	3.02525   	0.350000	0.0131156 	
0.400000	4.53521   	0.400000	3.12752   	0.400000	3.15678   	0.400000	3.15678   	0.400000	3.15678   	0.400000	3.11577   	0.400000	0.0117533 	
0.450000	4.63528   	0.450000	3.1856    	0.450000	3.28675   	0.450000	3.28675   	0.450000	3.28675   	0.450000	3.17494   	0.450000	0.0106647 	
0.500000	4.73936   	0.500000	3.23975   	0.500000	3.38991   	0.500000	3.38991   	0.500000	3.38992   	0.500000	3.22997   	0.500000	0.00977318	
0.600000	4.71514   	0.600000	3.34677   	0.600000	3.5347    	0.600000	3.5347    	0.600000	3.5347    	0.600000	3.33837   	0.600000	0.00839661	
0.700000	4.61119   	0.700000	3.39825   	0.700000	3.61054   	0.700000	3.61054   	0.700000	3.61055   	0.700000	3.39087   	0.700000	0.00737993	
0.800000	4.63099   	0.800000	3.46276   	0.800000	3.61492   	0.800000	3.61492   	0.800000	3.61492   	0.800000	3.45617   	0.800000	0.00659602	
0.900000	4.60457   	0.900000	3.49064   	0.900000	3.60113   	0.900000	3.60113   	0.900000	3.60113   	0.900000	3.48467   	0.900000	0.00597178	
1.000000	4.56102   	1.000000	3.50468   	1.000000	3.57511   	1.000000	3.57511   	1.000000	3.57511   	1.000000	3.49922   	1.000000	0.00546208	
1.250000	4.36285   	1.250000	3.41135   	1.250000	3.46288   	1.250000	3.46288   	1.250000	3.46288   	1.250000	3.40683   	1.250000	0.00451788	
1.500000	4.12436   	1.500000	3.27959   	1.500000	3.32037   	1.500000	3.32037   	1.500000	3.32037   	1.500000	3.27573   	1.500000	0.00386581	
1.750000	3.90353   	1.750000	3.15552   	1.750000	3.18841   	1.750000	3.18841   	1.750000	3.18841   	1.750000	3.15213   	1.750000	0.00338669	
2.000000	3.70463   	2.000000	3.04389   	2.000000	3.06611   	2.000000	3.06611   	2.000000	3.06611   	2.000000	3.04087   	2.000000	0.00301878	
2.250000	3.53605   	2.250000	2.92542   	2.250000	2.95264   	2.250000	2.95264   	2.250000	2.95264   	2.250000	2.9227    	2.250000	0.00272682	
2.500000	3.69793   	2.500000	2.82054   	2.500000	2.84722   	2.500000	2.84722   	2.500000	2.84722   	2.500000	2.81805   	2.500000	0.00248913	
3.000000	3.38825   	3.000000	2.6376    	3.000000	2.65768   	3.000000	2.65768   	3.000000	2.65768   	3.000000	2.63547   	3.000000	0.00212473	
3.500000	3.12591   	3.500000	2.4787    	3.500000	2.49237   	3.500000	2.49237   	3.500000	2.49237   	3.500000	2.47684   	3.500000	0.00185777	
4.000000	2.90199   	4.000000	2.33897   	4.000000	2.34712   	4.000000	2.34712   	4.000000	2.34712   	4.000000	2.33732   	4.000000	0.00165326	
4.500000	2.7091    	4.500000	2.21497   	4.500000	2.21855   	4.500000	2.21855   	4.500000	2.21855   	4.500000	2.21348   	4.500000	0.0014913 	
5.000000	2.54137   	5.000000	2.10412   	5.000000	2.10397   	5.000000	2.10397   	5.000000	2.10397   	5.000000	2.10276   	5.000000	0.00135966	
5.500000	2.39425   	5.500000	2.00436   	5.500000	2.00121   	5.500000	2.00121   	5.500000	2.00121   	5.500000	2.00311   	5.500000	0.00125045	
6.000000	2.26419   	6.000000	1.91404   	6.000000	1.90852   	6.000000	1.90852   	6.000000	1.90852   	6.000000	1.91288   	6.000000	0.00115828	
6.500000	2.14837   	6.500000	1.83191   	6.500000	1.82448   	6.500000	1.82448   	6.500000	1.82448   	6.500000	1.83083   	6.500000	0.00107941	
7.000000	2.04457   	7.000000	1.75691   	7.000000	1.74792   	7.000000	1.74792   	7.000000	1.74792   	7.000000	1.7559    	7.000000	0.0010111 	
7.500000	1.95099   	7.500000	1.68816   	7.500000	1.67787   	7.500000	1.67787   	7.500000	1.67787   	7.500000	1.68721   	7.500000	0.000951328	
8.000000	1.86619   	8.000000	1.62489   	8.000000	1.61351   	8.000000	1.61351   	8.000000	1.61351   	8.000000	1.624     	8.000000	0.000898567	
8.500000	1.78897   	8.500000	1.56649   	8.500000	1.55418   	8.500000	1.55418   	8.500000	1.55418   	8.500000	1.56564   	8.500000	0.000851632	
9.000000	1.71835   	9.000000	1.51239   	9.000000	1.4993    	9.000000	1.4993    	9.000000	1.4993    	9.000000	1.51158   	9.000000	0.000809592	
9.500000	1.65351   	9.500000	1.46214   	9.500000	1.44837   	9.500000	1.44837   	9.500000	1.44837   	9.500000	1.46137   	9.500000	0.000771707	
10.000000	1.59375   	10.000000	1.4221    	10.000000	1.40098   	10.000000	1.40098   	10.000000	1.40098   	10.000000	1.42136   	10.000000	0.000737381	
11.000000	1.48723   	11.000000	1.34087   	11.000000	1.3149    	11.000000	1.3193    	11.000000	1.31687   	11.000000	1.34019   	11.000000	0.00067754	
12.000000	1.39509   	12.000000	1.26832   	12.000000	1.23955   	12.000000	1.2471    	12.000000	1.24309   	12.000000	1.26769   	12.000000	0.000627098	
13.000000	1.31457   	13.000000	1.20324   	13.000000	1.17304   	13.000000	1.18284   	13.000000	1.17777   	13.000000	1.20266   	13.000000	0.000583972	
14.000000	1.24355   	14.000000	1.14463   	14.000000	1.1139    	14.000000	1.12528   	14.000000	1.11949   	14.000000	1.14408   	14.000000	0.000546654	
15.000000	1.18045   	15.000000	1.0916    	15.000000	1.06098   	15.000000	1.07345   	15.000000	1.06713   	15.000000	1.09109   	15.000000	0.00051403	
16.000000	1.12397   	16.000000	1.04343   	16.000000	1.01333   	16.000000	1.02653   	16.000000	1.01982   	16.000000	1.04294   	16.000000	0.000485252	
17.000000	1.07312   	17.000000	0.9995    	17.000000	0.970174  	17.000000	0.983858  	17.000000	0.976851  	17.000000	0.99904   	17.000000	0.000459668	
18.000000	1.02708   	18.000000	0.959289  	18.000000	0.930923  	18.000000	0.9449    	18.000000	0.937625  	18.000000	0.958852  	18.000000	0.000436768	
19.000000	0.985195  	19.000000	0.922353  	19.000000	0.895079  	19.000000	0.909193  	19.000000	0.901712  	19.000000	0.921937  	19.000000	0.000416142	
20.000000	0.946913  	20.000000	0.888316  	20.000000	0.862229  	20.000000	0.876356  	20.000000	0.868724  	20.000000	0.887919  	20.000000	0.000397465	
21.000000	0.911783  	21.000000	0.856855  	21.000000	0.832021  	21.000000	0.846062  	21.000000	0.838275  	21.000000	0.856474  	21.000000	0.000380467	
22.000000	0.879426  	22.000000	0.827691  	22.000000	0.804151  	22.000000	0.818035  	22.000000	0.810154  	22.000000	0.827326  	22.000000	0.000364928	
23.000000	0.84952   	23.000000	0.800585  	23.000000	0.778358  	23.000000	0.792036  	23.000000	0.784074  	23.000000	0.800234  	23.000000	0.000350667	
24.000000	0.821793  	24.000000	0.775328  	24.000000	0.754419  	24.000000	0.76786   	24.000000	0.759854  	24.000000	0.774991  	24.000000	0.000337528	
25.000000	0.796011  	25.000000	0.75174   	25.000000	0.73215   	25.000000	0.745328  	25.000000	0.737302  	25.000000	0.751414  	25.000000	0.000325382	
27.000000	0.749507  	27.000000	0.708951  	27.000000	0.692052  	27.000000	0.704593  	27.000000	0.696601  	27.000000	0.708647  	27.000000	0.000303646	
29.000000	0.708697  	29.000000	0.671163  	29.000000	0.656917  	29.000000	0.668801  	29.000000	0.660929  	29.000000	0.670878  	29.000000	0.000284751	
31.000000	0.672581  	31.000000	0.637551  	31.000000	0.625278  	31.000000	0.635955  	31.000000	0.628648  	31.000000	0.637283  	31.000000	0.000268166	
33.000000	0.640381  	33.000000	0.607461  	33.000000	0.596461  	33.000000	0.605542  	33.000000	0.599102  	33.000000	0.607207  	33.000000	0.000253487	
35.000000	0.611483  	35.000000	0.580367  	35.000000	0.570431  	35.000000	0.578233  	35.000000	0.572555  	35.000000	0.580126  	35.000000	0.000240398	
38.000000	0.573281  	38.000000	0.544433  	38.000000	0.535821  	38.000000	0.542114  	38.000000	0.537418  	38.000000	0.54421   	38.000000	0.000223216	
41.000000	0.540139  	41.000000	0.513169  	41.000000	0.505748  	41.000000	0.510771  	41.000000	0.506896  	41.000000	0.51296   	41.000000	0.000208421	
44.000000	0.5111    	44.000000	0.485717  	44.000000	0.479216  	44.000000	0.483305  	44.000000	0.480122  	44.000000	0.485522  	44.000000	0.000195543	
47.000000	0.485435  	47.000000	0.46142   	47.000000	0.455767  	47.000000	0.45903   	47.000000	0.456436  	47.000000	0.461235  	47.000000	0.000184227	
50.000000	0.462578  	50.000000	0.43976   	50.000000	0.434817  	50.000000	0.437415  	50.000000	0.435326  	50.000000	0.439586  	50.000000	0.000174201	
55.000000	0.429557  	55.000000	0.408449  	55.000000	0.404423  	55.000000	0.406201  	55.000000	0.404792  	55.000000	0.408289  	55.000000	0.000159803	
60.000000	0.40159   	60.000000	0.381926  	60.000000	0.378666  	60.000000	0.37978   	60.000000	0.378905  	60.000000	0.381779  	60.000000	0.00014769	
65.000000	0.377582  	65.000000	0.359166  	65.000000	0.356479  	65.000000	0.357116  	65.000000	0.356661  	65.000000	0.359029  	65.000000	0.000137352	
70.000000	0.356732  	70.000000	0.339417  	70.000000	0.337224  	70.000000	0.337451  	70.000000	0.337333  	70.000000	0.339288  	70.000000	0.00012842	
75.000000	0.338445  	75.000000	0.322114  	75.000000	0.320288  	75.000000	0.320221  	75.000000	0.320374  	75.000000	0.321993  	75.000000	0.000120622	
80.000000	0.322268  	80.000000	0.306827  	80.000000	0.305301  	80.000000	0.304995  	80.000000	0.30537   	80.000000	0.306713  	80.000000	0.000113753	
85.000000	0.307848  	85.000000	0.29322   	85.000000	0.291951  	85.000000	0.291439  	85.000000	0.291993  	85.000000	0.293112  	85.000000	0.000107654	
90.000000	0.294908  	90.000000	0.281029  	90.000000	0.279939  	90.000000	0.27929   	90.000000	0.27999   	90.000000	0.280927  	90.000000	0.000102201	
95.000000	0.283227  	95.000000	0.270043  	95.000000	0.269143  	95.000000	0.268336  	95.000000	0.269161  	95.000000	0.269946  	95.000000	9.72942e-05	
100.000000	0.272626  	100.000000	0.260089  	100.000000	0.259318  	100.000000	0.258409  	100.000000	0.259336  	100.000000	0.259997  	100.000000	9.28553e-05	
105.000000	0.262958  	105.000000	0.251029  	105.000000	0.250367  	105.000000	0.249369  	105.000000	0.25038   	105.000000	0.25094   	105.000000	8.88194e-05	
110.000000	0.254103  	110.000000	0.242745  	110.000000	0.242183  	110.000000	0.241101  	110.000000	0.242187  	110.000000	0.24266   	110.000000	8.51333e-05	
115.000000	0.24596   	115.000000	0.235142  	115.000000	0.234638  	115.000000	0.23351   	115.000000	0.234654  	115.000000	0.23506   	115.000000	8.17528e-05	
120.000000	0.238445  	120.000000	0.228138  	120.000000	0.227693  	120.000000	0.226515  	120.000000	0.227712  	120.000000	0.228059  	120.000000	7.86409e-05	
125.000000	0.231486  	125.000000	0.221665  	125.000000	0.22128   	125.000000	0.220048  	125.000000	0.221287  	125.000000	0.221589  	125.000000	7.57664e-05	
130.000000	0.225021  	130.000000	0.215664  	130.000000	0.21531   	130.000000	0.214051  	130.000000	0.215328  	130.000000	0.21559   	130.000000	7.31028e-05	
135.000000	0.219     	135.000000	0.210085  	135.000000	0.209779  	135.000000	0.208475  	135.000000	0.209782  	135.000000	0.210014  	135.000000	7.06274e-05	
140.000000	0.213376  	140.000000	0.204884  	140.000000	0.204614  	140.000000	0.203276  	140.000000	0.204611  	140.000000	0.204816  	140.000000	6.83206e-05	
145.000000	0.208111  	145.000000	0.200025  	145.000000	0.199771  	145.000000	0.198417  	145.000000	0.199773  	145.000000	0.199959  	145.000000	6.61657e-05	
150.000000	0.20317   	150.000000	0.195475  	150.000000	0.195238  	150.000000	0.193866  	150.000000	0.195243  	150.000000	0.195411  	150.000000	6.41478e-05	
155.000000	0.196206  	155.000000	0.191205  	155.000000	0.190982  	155.000000	0.189594  	155.000000	0.190987  	155.000000	0.191142  	155.000000	6.22542e-05	
160.000000	0.192128  	160.000000	0.187189  	160.000000	0.186979  	160.000000	0.185577  	160.000000	0.186983  	160.000000	0.187129  	160.000000	6.04735e-05	
165.000000	0.188281  	165.000000	0.183406  	165.000000	0.183207  	165.000000	0.181793  	165.000000	0.183211  	165.000000	0.183347  	165.000000	5.87958e-05	
170.000000	0.184646  	170.000000	0.179836  	170.000000	0.179646  	170.000000	0.178221  	170.000000	0.179648  	170.000000	0.179779  	170.000000	5.72123e-05	
175.000000	0.181206  	175.000000	0.176461  	175.000000	0.17628   	175.000000	0.174844  	175.000000	0.176279  	175.000000	0.176405  	175.000000	5.57152e-05	
180.000000	0.177946  	180.000000	0.173266  	180.000000	0.173091  	180.000000	0.171647  	180.000000	0.17309   	180.000000	0.173211  	180.000000	5.42975e-05	
185.000000	0.174851  	185.000000	0.170236  	185.000000	0.17007   	185.000000	0.168616  	185.000000	0.170063  	185.000000	0.170183  	185.000000	5.29529e-05	
190.000000	0.17191   	190.000000	0.16736   	190.000000	0.167201  	190.000000	0.165738  	190.000000	0.16719   	190.000000	0.167308  	190.000000	5.1676e-05	
195.000000	0.16911   	195.000000	0.164625  	195.000000	0.164465  	195.000000	0.163002  	195.000000	0.164458  	195.000000	0.164575  	195.000000	5.04615e-05	
200.000000	0.166442  	200.000000	0.162022  	200.000000	0.161854  	200.000000	0.160398  	200.000000	0.161855  	200.000000	0.161973  	200.000000	4.93051e-05	
210.000000	0.161466  	210.000000	0.157175  	210.000000	0.157014  	210.000000	0.155549  	210.000000	0.157011  	210.000000	0.157128  	210.000000	4.71501e-05	
220.000000	0.156917  	220.000000	0.152753  	220.000000	0.152584  	220.000000	0.151127  	220.000000	0.152588  	220.000000	0.152708  	220.000000	4.51825e-05	
230.000000	0.152743  	230.000000	0.148704  	230.000000	0.148541  	230.000000	0.147078  	230.000000	0.148539  	230.000000	0.14866   	230.000000	4.33785e-05	
240.000000	0.148898  	240.000000	0.144981  	240.000000	0.144814  	240.000000	0.143358  	240.000000	0.144816  	240.000000	0.144939  	240.000000	4.17183e-05	
250.000000	0.145344  	250.000000	0.141548  	250.000000	0.141384  	250.000000	0.139929  	250.000000	0.141384  	250.000000	0.141508  	250.000000	4.01851e-05	
260.000000	0.142051  	260.000000	0.138372  	260.000000	0.138214  	260.000000	0.136757  	260.000000	0.138208  	260.000000	0.138333  	260.000000	3.87648e-05	
270.000000	0.13899   	270.000000	0.135426  	270.000000	0.135261  	270.000000	0.133817  	270.000000	0.135263  	270.000000	0.135388  	270.000000	3.74451e-05	
280.000000	0.136137  	280.000000	0.132685  	280.000000	0.132518  	280.000000	0.131083  	280.000000	0.132524  	280.000000	0.132649  	280.000000	3.62156e-05	
290.000000	0.133472  	290.000000	0.13013   	290.000000	0.129974  	290.000000	0.128535  	290.000000	0.129971  	290.000000	0.130095  	290.000000	3.50673e-05	
300.000000	0.130978  	300.000000	0.127742  	300.000000	0.127592  	300.000000	0.126156  	300.000000	0.127586  	300.000000	0.127708  	300.000000	3.39922e-05	
310.000000	0.128637  	310.000000	0.125505  	310.000000	0.125354  	310.000000	0.123929  	310.000000	0.125353  	310.000000	0.125472  	310.000000	3.29835e-05	
320.000000	0.126437  	320.000000	0.123407  	320.000000	0.123258  	320.000000	0.121841  	320.000000	0.123259  	320.000000	0.123375  	320.000000	3.20351e-05	
330.000000	0.124366  	330.000000	0.121434  	330.000000	0.121289  	330.000000	0.119879  	330.000000	0.121291  	330.000000	0.121403  	330.000000	3.11418e-05	
340.000000	0.122412  	340.000000	0.119576  	340.000000	0.119435  	340.000000	0.118033  	340.000000	0.11944   	340.000000	0.119546  	340.000000	3.02988e-05	
350.000000	0.120566  	350.000000	0.117824  	350.000000	0.117686  	350.000000	0.116293  	350.000000	0.117693  	350.000000	0.117795  	350.000000	2.95018e-05	
360.000000	0.11882   	360.000000	0.116169  	360.000000	0.116042  	360.000000	0.114651  	360.000000	0.116045  	360.000000	0.11614   	360.000000	2.87473e-05	
370.000000	0.117165  	370.000000	0.114603  	370.000000	0.114491  	370.000000	0.113098  	370.000000	0.114487  	370.000000	0.114575  	370.000000	2.80318e-05	
380.000000	0.115596  	380.000000	0.11312   	380.000000	0.113018  	380.000000	0.111629  	380.000000	0.113011  	380.000000	0.113092  	380.000000	2.73524e-05	
390.000000	0.114105  	390.000000	0.111713  	390.000000	0.111617  	390.000000	0.110236  	390.000000	0.111612  	390.000000	0.111686  	390.000000	2.67064e-05	
400.000000	0.112687  	400.000000	0.110377  	400.000000	0.110289  	400.000000	0.108914  	400.000000	0.110285  	400.000000	0.110351  	400.000000	2.60913e-05	
410.000000	0.111337  	410.000000	0.109107  	410.000000	0.109027  	410.000000	0.107658  	410.000000	0.109023  	410.000000	0.109081  	410.000000	2.55049e-05	
420.000000	0.11005   	420.000000	0.107898  	420.000000	0.107827  	420.000000	0.106464  	420.000000	0.107824  	420.000000	0.107873  	420.000000	2.49453e-05	
430.000000	0.108823  	430.000000	0.106746  	430.000000	0.106685  	430.000000	0.105327  	430.000000	0.106682  	430.000000	0.106721  	430.000000	2.44106e-05	
440.000000	0.107651  	440.000000	0.105647  	440.000000	0.105596  	440.000000	0.104244  	440.000000	0.105593  	440.000000	0.105623  	440.000000	2.38992e-05	
450.000000	0.106531  	450.000000	0.104599  	450.000000	0.104557  	450.000000	0.10321   	450.000000	0.104554  	450.000000	0.104575  	450.000000	2.34095e-05	
460.000000	0.105459  	460.000000	0.103597  	460.000000	0.103565  	460.000000	0.102224  	460.000000	0.103562  	460.000000	0.103574  	460.000000	2.29403e-05	
470.000000	0.104433  	470.000000	0.102639  	470.000000	0.102617  	470.000000	0.101281  	470.000000	0.102615  	470.000000	0.102616  	470.000000	2.24902e-05	
480.000000	0.10345   	480.000000	0.101722  	480.000000	0.101711  	480.000000	0.100379  	480.000000	0.101708  	480.000000	0.1017    	480.000000	2.20581e-05	
490.000000	0.102507  	490.000000	0.100844  	490.000000	0.100843  	490.000000	0.0995163 	490.000000	0.100841  	490.000000	0.100822  	490.000000	2.16429e-05	
500.000000	0.101603  	500.000000	0.100003  	500.000000	0.100012  	500.000000	0.0986899 	500.000000	0.10001   	500.000000	0.0999813 	500.000000	2.12435e-05	
520.000000	0.0998999 	520.000000	0.0984207 	520.000000	0.0984518 	520.000000	0.097138  	520.000000	0.098449  	520.000000	0.0984003 	520.000000	2.04891e-05	
540.000000	0.0983261 	540.000000	0.0969618 	540.000000	0.0970144 	540.000000	0.0957086 	540.000000	0.0970111 	540.000000	0.096942  	540.000000	1.97883e-05	
560.000000	0.0968682 	560.000000	0.095613  	560.000000	0.0956867 	560.000000	0.0943887 	560.000000	0.0956833 	560.000000	0.0955939 	560.000000	1.91355e-05	
580.000000	0.0955148 	580.000000	0.0943633 	580.000000	0.0944577 	580.000000	0.0931671 	580.000000	0.0944538 	580.000000	0.0943447 	580.000000	1.85259e-05	
600.000000	0.094256  	600.000000	0.0932029 	600.000000	0.093319  	600.000000	0.092034  	600.000000	0.0933139 	600.000000	0.0931849 	600.000000	1.79552e-05	
620.000000	0.093083  	620.000000	0.0921235 	620.000000	0.0922588 	620.000000	0.090981  	620.000000	0.0922535 	620.000000	0.0921061 	620.000000	1.742e-05 	
640.000000	0.0919884 	640.000000	0.0911177 	640.000000	0.0912664 	640.000000	0.0900007 	640.000000	0.0912666 	640.000000	0.0911008 	640.000000	1.69168e-05	
660.000000	0.0909652 	660.000000	0.090179  	660.000000	0.0903412 	660.000000	0.0890863 	660.000000	0.0903459 	660.000000	0.0901626 	660.000000	1.64428e-05	
680.000000	0.0900076 	680.000000	0.0893017 	680.000000	0.0894812 	680.000000	0.0882321 	680.000000	0.0894854 	680.000000	0.0892857 	680.000000	1.59957e-05	
700.000000	0.0891102 	700.000000	0.0884805 	700.000000	0.088678  	700.000000	0.087433  	700.000000	0.0886807 	700.000000	0.0884649 	700.000000	1.5573e-05	
720.000000	0.0882682 	720.000000	0.087711  	720.000000	0.0879245 	720.000000	0.0866842 	720.000000	0.0879263 	720.000000	0.0876958 	720.000000	1.51729e-05	
740.000000	0.0874775 	740.000000	0.086989  	740.000000	0.0872228 	740.000000	0.0859875 	740.000000	0.0872242 	740.000000	0.0869742 	740.000000	1.47936e-05	
760.000000	0.0867342 	760.000000	0.086311  	760.000000	0.0865768 	760.000000	0.085346  	760.000000	0.0865778 	760.000000	0.0862966 	760.000000	1.44334e-05	
780.000000	0.0860348 	780.000000	0.0856736 	780.000000	0.0859692 	780.000000	0.0847426 	780.000000	0.0859694 	780.000000	0.0856595 	780.000000	1.4091e-05	
800.000000	0.0853762 	800.000000	0.0850738 	800.000000	0.085397  	800.000000	0.0841744 	800.000000	0.0853965 	800.000000	0.08506   	800.000000	1.3765e-05	
820.000000	0.0847556 	820.000000	0.0845089 	820.000000	0.0848577 	820.000000	0.083639  	820.000000	0.0848567 	820.000000	0.0844955 	820.000000	1.34543e-05	
840.000000	0.0841705 	840.000000	0.0839766 	840.000000	0.0843489 	840.000000	0.0831339 	840.000000	0.0843474 	840.000000	0.0839635 	840.000000	1.31577e-05	
860.000000	0.0836185 	860.000000	0.0834746 	860.000000	0.0838687 	860.000000	0.082657  	860.000000	0.0838661 	860.000000	0.0834618 	860.000000	1.28745e-05	
880.000000	0.0830974 	880.000000	0.0830009 	880.000000	0.0834147 	880.000000	0.0822063 	880.000000	0.0834116 	880.000000	0.0829883 	880.000000	1.26036e-05	
900.000000	0.0826054 	900.000000	0.0825536 	900.000000	0.0829847 	900.000000	0.0817801 	900.000000	0.0829818 	900.000000	0.0825413 	900.000000	1.23442e-05	
920.000000	0.0821406 	920.000000	0.0821311 	920.000000	0.0825772 	920.000000	0.0813768 	920.000000	0.0825746 	920.000000	0.082119  	920.000000	1.20957e-05	
940.000000	0.0817014 	940.000000	0.0817319 	940.000000	0.0821907 	940.000000	0.0809948 	940.000000	0.082189  	940.000000	0.08172   	940.000000	1.18573e-05	
960.000000	0.0812864 	960.000000	0.0813544 	960.000000	0.0818242 	960.000000	0.0806328 	960.000000	0.0818237 	960.000000	0.0813427 	960.000000	1.16285e-05	
980.000000	0.080894  	980.000000	0.0809974 	980.000000	0.0814766 	980.000000	0.0802896 	980.000000	0.0814774 	980.000000	0.080986  	980.000000	1.14087e-05	
1000.000000	0.0805231 	1000.000000	0.0806597 	1000.000000	0.0811468 	1000.000000	0.0799639 	1000.000000	0.0811484 	1000.000000	0.0806485 	1000.000000	1.11973e-05	
1020.000000	0.0801724 	1020.000000	0.0803402 	1020.000000	0.080834  	1020.000000	0.0796548 	1020.000000	0.0808361 	1020.000000	0.0803292 	1020.000000	1.09938e-05	
1040.000000	0.0798408 	1040.000000	0.0800378 	1040.000000	0.0805374 	1040.000000	0.0793611 	1040.000000	0.0805397 	1040.000000	0.080027  	1040.000000	1.07979e-05	
1060.000000	0.0795274 	1060.000000	0.0797516 	1060.000000	0.080256  	1060.000000	0.0790821 	1060.000000	0.080258  	1060.000000	0.079741  	1060.000000	1.06091e-05	
1080.000000	0.0792311 	1080.000000	0.0794808 	1080.000000	0.0799886 	1080.000000	0.0788169 	1080.000000	0.0799899 	1080.000000	0.0794704 	1080.000000	1.0427e-05	
1100.000000	0.0789512 	1100.000000	0.0792245 	1100.000000	0.0797343 	1100.000000	0.0785647 	1100.000000	0.0797349 	1100.000000	0.0792142 	1100.000000	1.02513e-05	
1120.000000	0.0786868 	1120.000000	0.0789819 	1120.000000	0.0794923 	1120.000000	0.0783247 	1120.000000	0.0794924 	1120.000000	0.0789718 	1120.000000	1.00816e-05	
1140.000000	0.078437  	1140.000000	0.0787524 	1140.000000	0.0792618 	1140.000000	0.0780963 	1140.000000	0.0792617 	1140.000000	0.0787425 	1140.000000	9.91758e-06	
1160.000000	0.0782013 	1160.000000	0.0785352 	1160.000000	0.0790423 	1160.000000	0.0778789 	1160.000000	0.0790419 	1160.000000	0.0785254 	1160.000000	9.75904e-06	
1180.000000	0.077979  	1180.000000	0.0783298 	1180.000000	0.0788333 	1180.000000	0.0776718 	1180.000000	0.0788324 	1180.000000	0.0783202 	1180.000000	9.60566e-06	
1200.000000	0.0777693 	1200.000000	0.0781356 	1200.000000	0.0786343 	1200.000000	0.0774746 	1200.000000	0.0786329 	1200.000000	0.0781261 	1200.000000	9.45719e-06	
1220.000000	0.0775718 	1220.000000	0.077952  	1220.000000	0.0784449 	1220.000000	0.0772866 	1220.000000	0.0784428 	1220.000000	0.0779426 	1220.000000	9.31341e-06	
1240.000000	0.0773858 	1240.000000	0.0777785 	1240.000000	0.0782644 	1240.000000	0.0771075 	1240.000000	0.0782618 	1240.000000	0.0777693 	1240.000000	9.17408e-06	
1260.000000	0.077211  	1260.000000	0.0776147 	1260.000000	0.0780922 	1260.000000	0.0769368 	1260.000000	0.0780889 	1260.000000	0.0776057 	1260.000000	9.039e-06 	
1280.000000	0.0770467 	1280.000000	0.0774601 	1280.000000	0.0779279 	1280.000000	0.076774  	1280.000000	0.0779241 	1280.000000	0.0774512 	1280.000000	8.90798e-06	
1300.000000	0.0768926 	1300.000000	0.0773144 	1300.000000	0.0777708 	1300.000000	0.0766188 	1300.000000	0.0777669 	1300.000000	0.0773056 	1300.000000	8.78084e-06	
1320.000000	0.0767482 	1320.000000	0.077177  	1320.000000	0.0776205 	1320.000000	0.0764707 	1320.000000	0.0776171 	1320.000000	0.0771683 	1320.000000	8.6574e-06	
1340.000000	0.076613  	1340.000000	0.0770477 	1340.000000	0.0774767 	1340.000000	0.0763296 	1340.000000	0.0774742 	1340.000000	0.0770391 	1340.000000	8.5375e-06	
1360.000000	0.0764868 	1360.000000	0.076926  	1360.000000	0.0773392 	1360.000000	0.0761949 	1360.000000	0.0773379 	1360.000000	0.0769176 	1360.000000	8.42099e-06	
1380.000000	0.0763692 	1380.000000	0.0768117 	1380.000000	0.0772079 	1380.000000	0.0760665 	1380.000000	0.0772076 	1380.000000	0.0768034 	1380.000000	8.30773e-06	
1400.000000	0.0762597 	1400.000000	0.0767045 	1400.000000	0.0770826 	1400.000000	0.0759439 	1400.000000	0.0770834 	1400.000000	0.0766963 	1400.000000	8.19758e-06	
1420.000000	0.0761582 	1420.000000	0.076604  	1420.000000	0.0769632 	1420.000000	0.075827  	1420.000000	0.0769649 	1420.000000	0.0765959 	1420.000000	8.09042e-06	
1440.000000	0.0760643 	1440.000000	0.07651   	1440.000000	0.0768495 	1440.000000	0.0757155 	1440.000000	0.0768519 	1440.000000	0.076502  	1440.000000	7.98611e-06	
1460.000000	0.0759776 	1460.000000	0.0764222 	1460.000000	0.0767413 	1460.000000	0.0756092 	1460.000000	0.0767441 	1460.000000	0.0764143 	1460.000000	7.88456e-06	
1480.000000	0.075898  	1480.000000	0.0763404 	1480.000000	0.0766383 	1480.000000	0.0755077 	1480.000000	0.0766412 	1480.000000	0.0763326 	1480.000000	7.78564e-06	
1500.000000	0.0758252 	1500.000000	0.0762643 	1500.000000	0.0765403 	1500.000000	0.075411  	1500.000000	0.0765429 	1500.000000	0.0762566 	1500.000000	7.68927e-06	
1520.000000	0.0757589 	1520.000000	0.0761937 	1520.000000	0.076447  	1520.000000	0.0753187 	1520.000000	0.0764492 	1520.000000	0.0761861 	1520.000000	7.59533e-06	
1540.000000	0.0756989 	1540.000000	0.0761284 	1540.000000	0.0763581 	1540.000000	0.0752308 	1540.000000	0.0763599 	1540.000000	0.0761209 	1540.000000	7.50373e-06	
1560.000000	0.0756449 	1560.000000	0.0760682 	1560.000000	0.0762734 	1560.000000	0.0751469 	1560.000000	0.0762748 	1560.000000	0.0760608 	1560.000000	7.4144e-06	
1580.000000	0.0755969 	1580.000000	0.0760129 	1580.000000	0.0761927 	1580.000000	0.075067  	1580.000000	0.0761937 	1580.000000	0.0760056 	1580.000000	7.32724e-06	
1600.000000	0.0755544 	1600.000000	0.0759623 	1600.000000	0.0761157 	1600.000000	0.0749908 	1600.000000	0.0761162 	1600.000000	0.0759551 	1600.000000	7.24218e-06	
1620.000000	0.0755175 	1620.000000	0.0759163 	1620.000000	0.0760424 	1620.000000	0.0749183 	1620.000000	0.0760424 	1620.000000	0.0759092 	1620.000000	7.15913e-06	
1640.000000	0.0754858 	1640.000000	0.0758747 	1640.000000	0.0759725 	1640.000000	0.0748492 	1640.000000	0.0759721 	1640.000000	0.0758676 	1640.000000	7.07804e-06	
1660.000000	0.0754592 	1660.000000	0.0758373 	1660.000000	0.0759059 	1660.000000	0.0747834 	1660.000000	0.0759051 	1660.000000	0.0758303 	1660.000000	6.99882e-06	
1680.000000	0.0754376 	1680.000000	0.075804  	1680.000000	0.0758425 	1680.000000	0.0747208 	1680.000000	0.0758414 	1680.000000	0.075797  	1680.000000	6.92142e-06	
1700.000000	0.0754207 	1700.000000	0.0757746 	1700.000000	0.075782  	1700.000000	0.0746613 	1700.000000	0.0757808 	1700.000000	0.0757677 	1700.000000	6.84577e-06	
1750.000000	0.0753985 	1750.000000	0.0757174 	1750.000000	0.0756435 	1750.000000	0.074525  	1750.000000	0.0756419 	1750.000000	0.0757108 	1750.000000	6.66393e-06	
1800.000000	0.075403  	1800.000000	0.0756821 	1800.000000	0.0755215 	1800.000000	0.0744053 	1800.000000	0.0755196 	1800.000000	0.0756756 	1800.000000	6.49182e-06	
1850.000000	0.0754323 	1850.000000	0.0756669 	1850.000000	0.0754145 	1850.000000	0.0743006 	1850.000000	0.0754127 	1850.000000	0.0756605 	1850.000000	6.32866e-06	
1900.000000	0.0754846 	1900.000000	0.0756701 	1900.000000	0.075321  	1900.000000	0.0742095 	1900.000000	0.0753193 	1900.000000	0.0756639 	1900.000000	6.17377e-06	
1950.000000	0.0755584 	1950.000000	0.0756904 	1950.000000	0.0752399 	1950.000000	0.0741308 	1950.000000	0.0752384 	1950.000000	0.0756843 	1950.000000	6.02653e-06	
2000.000000	0.0756521 	2000.000000	0.0757264 	2000.000000	0.0751701 	2000.000000	0.0740633 	2000.000000	0.0751691 	2000.000000	0.0757205 	2000.000000	5.88637e-06	
2100.000000	0.0758944 	2100.000000	0.0758415 	2100.000000	0.0750605 	2100.000000	0.0739583 	2100.000000	0.0750603 	2100.000000	0.0758358 	2100.000000	5.62536e-06	
2200.000000	0.0762023 	2200.000000	0.0760072 	2200.000000	0.0749857 	2200.000000	0.0738875 	2200.000000	0.0749864 	2200.000000	0.0760018 	2200.000000	5.38722e-06	
2300.000000	0.0765684 	2300.000000	0.076217  	2300.000000	0.0749403 	2300.000000	0.0738456 	2300.000000	0.0749413 	2300.000000	0.0762118 	2300.000000	5.16904e-06	
2400.000000	0.0769863 	2400.000000	0.0764653 	2400.000000	0.07492   	2400.000000	0.0738279 	2400.000000	0.0749209 	2400.000000	0.0764604 	2400.000000	4.96838e-06	
2500.000000	0.0774505 	2500.000000	0.0767476 	2500.000000	0.074921  	2500.000000	0.0738306 	2500.000000	0.0749211 	2500.000000	0.0767428 	2500.000000	4.7832e-06	
2600.000000	0.0779566 	2600.000000	0.0770598 	2600.000000	0.0749396 	2600.000000	0.0738506 	2600.000000	0.0749388 	2600.000000	0.0770552 	2600.000000	4.61176e-06	
2700.000000	0.0785006 	2700.000000	0.0773986 	2700.000000	0.0749729 	2700.000000	0.0738853 	2700.000000	0.0749713 	2700.000000	0.0773941 	2700.000000	4.45256e-06	
2800.000000	0.0790792 	2800.000000	0.0777611 	2800.000000	0.0750185 	2800.000000	0.0739324 	2800.000000	0.0750166 	2800.000000	0.0777568 	2800.000000	4.30432e-06	
2900.000000	0.0796893 	2900.000000	0.0781448 	2900.000000	0.0750744 	2900.000000	0.0739902 	2900.000000	0.0750725 	2900.000000	0.0781406 	2900.000000	4.16594e-06	
3000.000000	0.0803285 	3000.000000	0.0785476 	3000.000000	0.0751392 	3000.000000	0.074057  	3000.000000	0.0751377 	3000.000000	0.0785435 	3000.000000	4.03646e-06	
3200.000000	0.0816853 	3200.000000	0.079403  	3200.000000	0.0752904 	3200.000000	0.0742126 	3200.000000	0.0752902 	3200.000000	0.0793992 	3200.000000	3.80093e-06	
3400.000000	0.0831347 	3400.000000	0.0803148 	3400.000000	0.0754645 	3400.000000	0.0743906 	3400.000000	0.0754655 	3400.000000	0.0803112 	3400.000000	3.59215e-06	
3600.000000	0.0846649 	3600.000000	0.0812733 	3600.000000	0.0756555 	3600.000000	0.0745846 	3600.000000	0.0756572 	3600.000000	0.0812699 	3600.000000	3.40577e-06	
3800.000000	0.0862667 	3800.000000	0.0822709 	3800.000000	0.0758587 	3800.000000	0.0747899 	3800.000000	0.0758604 	3800.000000	0.0822677 	3800.000000	3.23833e-06	
4000.000000	0.0879326 	4000.000000	0.0833014 	4000.000000	0.0760704 	4000.000000	0.075003  	4000.000000	0.0760715 	4000.000000	0.0832983 	4000.000000	3.08706e-06	
4200.000000	0.0896564 	4200.000000	0.0843598 	4200.000000	0.0762874 	4200.000000	0.0752211 	4200.000000	0.0762879 	4200.000000	0.0843569 	4200.000000	2.9497e-06	
4400.000000	0.0914331 	4400.000000	0.0854421 	4400.000000	0.0765074 	4400.000000	0.0754422 	4400.000000	0.0765073 	4400.000000	0.0854393 	4400.000000	2.8244e-06	
4600.000000	0.0932584 	4600.000000	0.086545  	4600.000000	0.0767289 	4600.000000	0.0756646 	4600.000000	0.0767283 	4600.000000	0.0865423 	4600.000000	2.70962e-06	
4800.000000	0.0951289 	4800.000000	0.0876656 	4800.000000	0.0769505 	4800.000000	0.0758872 	4800.000000	0.0769494 	4800.000000	0.087663  	4800.000000	2.60408e-06	
5000.000000	0.0970416 	5000.000000	0.0888016 	5000.000000	0.0771713 	5000.000000	0.076109  	5000.000000	0.07717   	5000.000000	0.0887991 	5000.000000	2.5067e-06	
5250.000000	0.099488  	5250.000000	0.0902403 	5250.000000	0.077445  	5250.000000	0.0763841 	5250.000000	0.0774435 	5250.000000	0.0902379 	5250.000000	2.39505e-06	
5500.000000	0.101992  	5500.000000	0.0916968 	5500.000000	0.0777153 	5500.000000	0.0766559 	5500.000000	0.0777139 	5500.000000	0.0916945 	5500.000000	2.29321e-06	
6000.000000	0.107161  	6000.000000	0.0946532 	6000.000000	0.0782432 	6000.000000	0.0771868 	6000.000000	0.0782421 	6000.000000	0.0946511 	6000.000000	2.11415e-06	
6500.000000	0.112525  	6500.000000	0.0976544 	6500.000000	0.0787521 	6500.000000	0.0776983 	6500.000000	0.078751  	6500.000000	0.0976525 	6500.000000	1.96174e-06	
7000.000000	0.118071  	7000.000000	0.100689  	7000.000000	0.0792409 	7000.000000	0.078189  	7000.000000	0.0792394 	7000.000000	0.100687  	7000.000000	1.83041e-06	
7500.000000	0.123785  	7500.000000	0.103749  	7500.000000	0.0797092 	7500.000000	0.0786589 	7500.000000	0.079707  	7500.000000	0.103747  	7500.000000	1.71602e-06	
8000.000000	0.129661  	8000.000000	0.106827  	8000.000000	0.0801552 	8000.000000	0.0791084 	8000.000000	0.0801542 	8000.000000	0.106826  	8000.000000	1.61547e-06	
8500.000000	0.13569   	8500.000000	0.10992   	8500.000000	0.0805818 	8500.000000	0.0795383 	8500.000000	0.0805818 	8500.000000	0.109919  	8500.000000	1.52636e-06	
9000.000000	0.141868  	9000.000000	0.113024  	9000.000000	0.0809909 	9000.000000	0.0799497 	9000.000000	0.0809909 	9000.000000	0.113023  	9000.000000	1.44683e-06	
9500.000000	0.14819   	9500.000000	0.116136  	9500.000000	0.0813823 	9500.000000	0.0803435 	9500.000000	0.0813825 	9500.000000	0.116134  	9500.000000	1.37541e-06	
10000.000000	0.154654  	10000.000000	0.119254  	10000.000000	0.0817567 	10000.000000	0.0807209 	10000.000000	0.0817575 	10000.000000	0.119252  	10000.000000	1.3109e-06	
11000.000000	0.167996  	11000.000000	0.125501  	11000.000000	0.0824607 	11000.000000	0.0814303 	11000.000000	0.0824621 	11000.000000	0.125499  	11000.000000	1.19892e-06	
12000.000000	0.181877  	12000.000000	0.131755  	12000.000000	0.0831122 	12000.000000	0.0820855 	12000.000000	0.0831123 	12000.000000	0.131754  	12000.000000	1.10503e-06	
13000.000000	0.196288  	13000.000000	0.138012  	13000.000000	0.0837155 	13000.000000	0.0826931 	13000.000000	0.0837146 	13000.000000	0.138011  	13000.000000	1.02514e-06	
14000.000000	0.211221  	14000.000000	0.144265  	14000.000000	0.0842755 	14000.000000	0.0832588 	14000.000000	0.0842747 	14000.000000	0.144264  	14000.000000	9.5631e-07	
15000.000000	0.226672  	15000.000000	0.150513  	15000.000000	0.0847974 	15000.000000	0.0837874 	15000.000000	0.0847974 	15000.000000	0.150512  	15000.000000	8.96375e-07	
16000.000000	0.242637  	16000.000000	0.156754  	16000.000000	0.0852858 	16000.000000	0.0842831 	16000.000000	0.0852868 	16000.000000	0.156753  	16000.000000	8.43701e-07	
17000.000000	0.259116  	17000.000000	0.162986  	17000.000000	0.0857448 	17000.000000	0.0847494 	17000.000000	0.0857466 	17000.000000	0.162985  	17000.000000	7.97032e-07	
18000.000000	0.276106  	18000.000000	0.169209  	18000.000000	0.0861776 	18000.000000	0.0851893 	18000.000000	0.0861797 	18000.000000	0.169208  	18000.000000	7.55389e-07	
19000.000000	0.293609  	19000.000000	0.175422  	19000.000000	0.086587  	19000.000000	0.0856055 	19000.000000	0.0865886 	19000.000000	0.175421  	19000.000000	7.17994e-07	
20000.000000	0.311624  	20000.000000	0.181625  	20000.000000	0.0869753 	20000.000000	0.0860001 	20000.000000	0.0869758 	20000.000000	0.181624  	20000.000000	6.84224e-07	
21000.000000	0.330151  	21000.000000	0.187817  	21000.000000	0.0873443 	21000.000000	0.0863753 	21000.000000	0.0873431 	21000.000000	0.187817  	21000.000000	6.53571e-07	
22000.000000	0.349193  	22000.000000	0.194     	22000.000000	0.0876946 	22000.000000	0.0867327 	22000.000000	0.0876922 	22000.000000	0.193999  	22000.000000	6.25618e-07	
23000.000000	0.36875   	23000.000000	0.200172  	23000.000000	0.0880258 	23000.000000	0.0870738 	23000.000000	0.088025  	23000.000000	0.200171  	23000.000000	6.00022e-07	
24000.000000	0.388824  	24000.000000	0.206334  	24000.000000	0.0883414 	24000.000000	0.0873999 	24000.000000	0.0883422 	24000.000000	0.206333  	24000.000000	5.76494e-07	
25000.000000	0.409416  	25000.000000	0.212485  	25000.000000	0.088645  	25000.000000	0.0877123 	25000.000000	0.0886456 	25000.000000	0.212485  	25000.000000	5.5479e-07	
26000.000000	0.430529  	26000.000000	0.218627  	26000.000000	0.0889367 	26000.000000	0.0880121 	26000.000000	0.0889357 	26000.000000	0.218626  	26000.000000	5.34704e-07	
27000.000000	0.452165  	27000.000000	0.224759  	27000.000000	0.0892163 	27000.000000	0.0883    	27000.000000	0.089214  	27000.000000	0.224759  	27000.000000	5.16061e-07	
28000.000000	0.474325  	28000.000000	0.230882  	28000.000000	0.089484  	28000.000000	0.0885771 	28000.000000	0.0894808 	28000.000000	0.230881  	28000.000000	4.98708e-07	
29000.000000	0.497012  	29000.000000	0.236995  	29000.000000	0.08974   	29000.000000	0.088844  	29000.000000	0.0897373 	29000.000000	0.236994  	29000.000000	4.82516e-07	
30000.000000	0.520229  	30000.000000	0.243099  	30000.000000	0.0899857 	30000.000000	0.0891014 	30000.000000	0.0899839 	30000.000000	0.243098  	30000.000000	4.6737e-07	
32000.000000	0.56826   	32000.000000	0.25528   	32000.000000	0.0904514 	32000.000000	0.0895903 	32000.000000	0.0904505 	32000.000000	0.25528   	32000.000000	4.39834e-07	
34000.000000	0.618438  	34000.000000	0.267427  	34000.000000	0.0908875 	34000.000000	0.090048  	34000.000000	0.0908844 	34000.000000	0.267427  	34000.000000	4.15442e-07	
36000.000000	0.670784  	36000.000000	0.279541  	36000.000000	0.0912939 	36000.000000	0.0904782 	36000.000000	0.0912895 	36000.000000	0.279541  	36000.000000	3.9368e-07	
38000.000000	0.72532   	38000.000000	0.291624  	38000.000000	0.0916721 	38000.000000	0.0908839 	38000.000000	0.0916691 	38000.000000	0.291624  	38000.000000	3.74141e-07	
40000.000000	0.782068  	40000.000000	0.303678  	40000.000000	0.0920262 	40000.000000	0.0912675 	40000.000000	0.0920255 	40000.000000	0.303677  	40000.000000	3.56499e-07	
42000.000000	0.841051  	42000.000000	0.315702  	42000.000000	0.0923609 	42000.000000	0.0916314 	42000.000000	0.0923607 	42000.000000	0.315702  	42000.000000	3.40487e-07	
44000.000000	0.902292  	44000.000000	0.327699  	44000.000000	0.0926792 	44000.000000	0.0919773 	44000.000000	0.0926774 	44000.000000	0.327699  	44000.000000	3.25888e-07	
46000.000000	0.965814  	46000.000000	0.339669  	46000.000000	0.0929832 	46000.000000	0.092307  	46000.000000	0.0929758 	46000.000000	0.339669  	46000.000000	3.12522e-07	
48000.000000	1.03164   	48000.000000	0.351615  	48000.000000	0.0932733 	48000.000000	0.0926217 	48000.000000	0.0932591 	48000.000000	0.351614  	48000.000000	3.00236e-07	
50000.000000	1.0998    	50000.000000	0.363536  	50000.000000	0.0935478 	50000.000000	0.0929229 	50000.000000	0.0935269 	50000.000000	0.363536  	50000.000000	2.88905e-07	
