Energy (MeV/u)1	0 - [He-base] F.Hubert et al, AD&ND Tables 46(1990)1	Energy (MeV/u)2	1 - [H -base] J.F.Ziegler et al, Pergamon Press, NY (low energy)	Energy (MeV/u)3	2 - ATIMA 1.2  LS-theory (recommended for high energy)	Energy (MeV/u)4	3 - ATIMA 1.2  without LS-correction	Energy (MeV/u)5	4 - electrical component of [1] - J.F.Ziegler et al	Energy (MeV/u)6	5 - nuclear component of [1] - J.F.Ziegler et al	
0.001000	3.09184e-06	0.001000	3.72993e-06	0.001000	4.63541e-06	0.001000	4.63541e-06	0.001000	1.96774e-06	0.001000	1.76219e-06	
0.002000	3.95071e-06	0.002000	4.33916e-06	0.002000	5.49046e-06	0.002000	5.49046e-06	0.002000	3.17717e-06	0.002000	1.16199e-06	
0.005000	6.11226e-06	0.005000	6.29492e-06	0.005000	7.67533e-06	0.005000	7.67533e-06	0.005000	5.6789e-06	0.005000	6.16014e-07	
0.008000	7.73229e-06	0.008000	7.85726e-06	0.008000	9.23763e-06	0.008000	9.23763e-06	0.008000	7.42122e-06	0.008000	4.36033e-07	
0.010000	8.626e-06 	0.010000	8.72824e-06	0.010000	1.00644e-05	0.010000	1.00644e-05	0.010000	8.36003e-06	0.010000	3.68206e-07	
0.015000	1.10056e-05	0.015000	1.10424e-05	0.015000	1.16988e-05	0.015000	1.16988e-05	0.015000	1.07735e-05	0.015000	2.68947e-07	
0.020000	1.29964e-05	0.020000	1.26812e-05	0.020000	1.29732e-05	0.020000	1.29732e-05	0.020000	1.2467e-05	0.020000	2.14203e-07	
0.025000	1.46939e-05	0.025000	1.41027e-05	0.025000	1.40463e-05	0.025000	1.40463e-05	0.025000	1.39236e-05	0.025000	1.79114e-07	
0.030000	1.61491e-05	0.030000	1.55585e-05	0.030000	1.52422e-05	0.030000	1.52422e-05	0.030000	1.5404e-05	0.030000	1.5454e-07	
0.035000	1.73929e-05	0.035000	1.70421e-05	0.035000	1.63188e-05	0.035000	1.63188e-05	0.035000	1.69059e-05	0.035000	1.36288e-07	
0.040000	1.84465e-05	0.040000	1.84922e-05	0.040000	1.73023e-05	0.040000	1.73023e-05	0.040000	1.837e-05 	0.040000	1.22151e-07	
0.045000	1.93271e-05	0.045000	1.98631e-05	0.045000	1.82097e-05	0.045000	1.82097e-05	0.045000	1.97523e-05	0.045000	1.10852e-07	
0.050000	2.005e-05 	0.050000	2.11308e-05	0.050000	1.90523e-05	0.050000	1.90523e-05	0.050000	2.10292e-05	0.050000	1.01597e-07	
0.055000	2.063e-05 	0.055000	2.22859e-05	0.055000	1.98382e-05	0.055000	1.98382e-05	0.055000	2.2192e-05	0.055000	9.3866e-08	
0.060000	2.1082e-05	0.060000	2.33276e-05	0.060000	2.0573e-05	0.060000	2.0573e-05	0.060000	2.32403e-05	0.060000	8.73033e-08	
0.070000	2.16601e-05	0.070000	2.50899e-05	0.070000	2.19045e-05	0.070000	2.19045e-05	0.070000	2.50132e-05	0.070000	7.67439e-08	
0.080000	2.18964e-05	0.080000	2.64729e-05	0.080000	2.30696e-05	0.080000	2.30696e-05	0.080000	2.64043e-05	0.080000	6.86006e-08	
0.090000	2.18906e-05	0.090000	2.75394e-05	0.090000	2.40826e-05	0.090000	2.40826e-05	0.090000	2.74773e-05	0.090000	6.21149e-08	
0.100000	2.17242e-05	0.100000	2.83469e-05	0.100000	2.49546e-05	0.100000	2.49546e-05	0.100000	2.82901e-05	0.100000	5.68185e-08	
0.120000	2.114e-05 	0.120000	2.93706e-05	0.120000	2.63135e-05	0.120000	2.63135e-05	0.120000	2.93219e-05	0.120000	4.86683e-08	
0.140000	2.04501e-05	0.140000	2.98336e-05	0.140000	2.72191e-05	0.140000	2.72191e-05	0.140000	2.97909e-05	0.140000	4.26719e-08	
0.160000	1.97849e-05	0.160000	2.99241e-05	0.160000	2.77437e-05	0.160000	2.77437e-05	0.160000	2.98861e-05	0.160000	3.80628e-08	
0.180000	1.91854e-05	0.180000	2.97647e-05	0.180000	2.79575e-05	0.180000	2.79575e-05	0.180000	2.97303e-05	0.180000	3.44019e-08	
0.200000	1.86547e-05	0.200000	2.94368e-05	0.200000	2.79254e-05	0.200000	2.79254e-05	0.200000	2.94053e-05	0.200000	3.14192e-08	
0.250000	1.75592e-05	0.250000	2.82017e-05	0.250000	2.71226e-05	0.250000	2.71226e-05	0.250000	2.81758e-05	0.250000	2.59106e-08	
0.300000	1.66646e-05	0.300000	2.6715e-05	0.300000	2.57754e-05	0.300000	2.57754e-05	0.300000	2.66929e-05	0.300000	2.21199e-08	
0.350000	1.58758e-05	0.350000	2.51924e-05	0.350000	2.42592e-05	0.350000	2.42592e-05	0.350000	2.51731e-05	0.350000	1.93425e-08	
0.400000	1.51534e-05	0.400000	2.37291e-05	0.400000	2.27616e-05	0.400000	2.27616e-05	0.400000	2.37119e-05	0.400000	1.72146e-08	
0.450000	1.44826e-05	0.450000	2.23647e-05	0.450000	2.13646e-05	0.450000	2.13646e-05	0.450000	2.23491e-05	0.450000	1.55292e-08	
0.500000	1.38576e-05	0.500000	2.11116e-05	0.500000	2.00959e-05	0.500000	2.00959e-05	0.500000	2.10974e-05	0.500000	1.41593e-08	
0.600000	1.27345e-05	0.600000	1.89321e-05	0.600000	1.79397e-05	0.600000	1.79397e-05	0.600000	1.892e-05 	0.600000	1.20633e-08	
0.700000	1.17648e-05	0.700000	1.71345e-05	0.700000	1.62152e-05	0.700000	1.62152e-05	0.700000	1.71239e-05	0.700000	1.05312e-08	
0.800000	1.09277e-05	0.800000	1.56446e-05	0.800000	1.482e-05 	0.800000	1.482e-05 	0.800000	1.56352e-05	0.800000	9.35979e-09	
0.900000	1.0202e-05	0.900000	1.43973e-05	0.900000	1.36717e-05	0.900000	1.36717e-05	0.900000	1.43888e-05	0.900000	8.43347e-09	
1.000000	9.56906e-06	1.000000	1.33409e-05	1.000000	1.27095e-05	1.000000	1.27095e-05	1.000000	1.33332e-05	1.000000	7.68163e-09	
1.250000	8.29533e-06	1.250000	1.12978e-05	1.250000	1.08633e-05	1.250000	1.08633e-05	1.250000	1.12915e-05	1.250000	6.30034e-09	
1.500000	7.33357e-06	1.500000	9.82256e-06	1.500000	9.52972e-06	1.500000	9.52972e-06	1.500000	9.8172e-06	1.500000	5.35585e-09	
1.750000	6.58031e-06	1.750000	8.70421e-06	1.750000	8.5112e-06	1.750000	8.5112e-06	1.750000	8.69954e-06	1.750000	4.66723e-09	
2.000000	5.97323e-06	2.000000	7.8249e-06	2.000000	7.70257e-06	2.000000	7.70257e-06	2.000000	7.82076e-06	2.000000	4.14181e-09	
2.250000	5.47286e-06	2.250000	7.11403e-06	2.250000	7.04234e-06	2.250000	7.04234e-06	2.250000	7.1103e-06	2.250000	3.72707e-09	
2.500000	4.96833e-06	2.500000	6.52669e-06	2.500000	6.49174e-06	2.500000	6.49174e-06	2.500000	6.5233e-06	2.500000	3.39097e-09	
3.000000	4.3366e-06	3.000000	5.61157e-06	3.000000	5.62353e-06	3.000000	5.62353e-06	3.000000	5.60869e-06	3.000000	2.87859e-09	
3.500000	3.85773e-06	3.500000	4.93047e-06	3.500000	4.96848e-06	3.500000	4.96848e-06	3.500000	4.92796e-06	3.500000	2.50561e-09	
4.000000	3.48111e-06	4.000000	4.40323e-06	4.000000	4.45589e-06	4.000000	4.45589e-06	4.000000	4.40101e-06	4.000000	2.2214e-09	
4.500000	3.17649e-06	4.500000	3.98264e-06	4.500000	4.04344e-06	4.500000	4.04344e-06	4.500000	3.98065e-06	4.500000	1.99731e-09	
5.000000	2.9246e-06	5.000000	3.63907e-06	5.000000	3.70413e-06	5.000000	3.70413e-06	5.000000	3.63725e-06	5.000000	1.81588e-09	
5.500000	2.71257e-06	5.500000	3.35291e-06	5.500000	3.41989e-06	5.500000	3.41989e-06	5.500000	3.35124e-06	5.500000	1.66585e-09	
6.000000	2.53145e-06	6.000000	3.11072e-06	6.000000	3.17816e-06	6.000000	3.17816e-06	6.000000	3.10918e-06	6.000000	1.53963e-09	
6.500000	2.37479e-06	6.500000	2.90296e-06	6.500000	2.96994e-06	6.500000	2.96994e-06	6.500000	2.90153e-06	6.500000	1.43189e-09	
7.000000	2.23786e-06	7.000000	2.72266e-06	7.000000	2.78861e-06	7.000000	2.78861e-06	7.000000	2.72132e-06	7.000000	1.33881e-09	
7.500000	2.11707e-06	7.500000	2.56462e-06	7.500000	2.6292e-06	7.500000	2.6292e-06	7.500000	2.56336e-06	7.500000	1.25754e-09	
8.000000	2.00968e-06	8.000000	2.42489e-06	8.000000	2.48788e-06	8.000000	2.48788e-06	8.000000	2.4237e-06	8.000000	1.18595e-09	
8.500000	1.91353e-06	8.500000	2.3004e-06	8.500000	2.3617e-06	8.500000	2.3617e-06	8.500000	2.29928e-06	8.500000	1.12238e-09	
9.000000	1.82691e-06	9.000000	2.18874e-06	9.000000	2.2483e-06	9.000000	2.2483e-06	9.000000	2.18768e-06	9.000000	1.06555e-09	
9.500000	1.74843e-06	9.500000	2.08799e-06	9.500000	2.14579e-06	9.500000	2.14579e-06	9.500000	2.08698e-06	9.500000	1.01441e-09	
10.000000	1.67699e-06	10.000000	1.9362e-06	10.000000	2.05265e-06	10.000000	2.05265e-06	10.000000	1.93524e-06	10.000000	9.68141e-10	
11.000000	1.55165e-06	11.000000	1.7997e-06	11.000000	1.88785e-06	11.000000	1.88795e-06	11.000000	1.79881e-06	11.000000	8.87653e-10	
12.000000	1.44521e-06	12.000000	1.68239e-06	12.000000	1.74905e-06	12.000000	1.74922e-06	12.000000	1.68157e-06	12.000000	8.1998e-10	
13.000000	1.35362e-06	13.000000	1.58046e-06	13.000000	1.6306e-06	13.000000	1.63078e-06	13.000000	1.5797e-06	13.000000	7.62252e-10	
14.000000	1.27392e-06	14.000000	1.49105e-06	14.000000	1.52836e-06	14.000000	1.52854e-06	14.000000	1.49033e-06	14.000000	7.12402e-10	
15.000000	1.20391e-06	15.000000	1.41194e-06	15.000000	1.43924e-06	15.000000	1.43941e-06	15.000000	1.41127e-06	15.000000	6.68904e-10	
16.000000	1.14188e-06	16.000000	1.34145e-06	16.000000	1.3609e-06	16.000000	1.36107e-06	16.000000	1.34082e-06	16.000000	6.306e-10 	
17.000000	1.08651e-06	17.000000	1.27821e-06	17.000000	1.29155e-06	17.000000	1.2917e-06	17.000000	1.27761e-06	17.000000	5.96603e-10	
18.000000	1.03678e-06	18.000000	1.22115e-06	18.000000	1.22977e-06	18.000000	1.22988e-06	18.000000	1.22058e-06	18.000000	5.66217e-10	
19.000000	9.91848e-07	19.000000	1.16939e-06	19.000000	1.17439e-06	19.000000	1.17447e-06	19.000000	1.16885e-06	19.000000	5.38887e-10	
20.000000	9.51037e-07	20.000000	1.12221e-06	20.000000	1.12449e-06	20.000000	1.12457e-06	20.000000	1.1217e-06	20.000000	5.1417e-10	
21.000000	9.13795e-07	21.000000	1.07903e-06	21.000000	1.07933e-06	21.000000	1.07942e-06	21.000000	1.07854e-06	21.000000	4.91704e-10	
22.000000	8.79667e-07	22.000000	1.03936e-06	22.000000	1.03833e-06	22.000000	1.0384e-06	22.000000	1.03889e-06	22.000000	4.7119e-10	
23.000000	8.4827e-07	23.000000	1.00276e-06	23.000000	1.00097e-06	23.000000	1.00099e-06	23.000000	1.00231e-06	23.000000	4.52382e-10	
24.000000	8.19283e-07	24.000000	9.68906e-07	24.000000	9.66794e-07	24.000000	9.66767e-07	24.000000	9.68471e-07	24.000000	4.35073e-10	
25.000000	7.92433e-07	25.000000	9.37483e-07	25.000000	9.35432e-07	25.000000	9.35362e-07	25.000000	9.37063e-07	25.000000	4.19088e-10	
27.000000	7.44249e-07	27.000000	8.80945e-07	27.000000	8.79978e-07	27.000000	8.79803e-07	27.000000	8.80555e-07	27.000000	3.9052e-10	
29.000000	7.02219e-07	29.000000	8.31485e-07	29.000000	8.32527e-07	29.000000	8.32309e-07	29.000000	8.31119e-07	29.000000	3.65728e-10	
31.000000	6.65216e-07	31.000000	7.87833e-07	31.000000	7.89797e-07	31.000000	7.89568e-07	31.000000	7.87489e-07	31.000000	3.44001e-10	
33.000000	6.32373e-07	33.000000	7.49012e-07	33.000000	7.50429e-07	33.000000	7.50129e-07	33.000000	7.48687e-07	33.000000	3.24798e-10	
35.000000	6.03013e-07	35.000000	7.1425e-07	35.000000	7.15162e-07	35.000000	7.14877e-07	35.000000	7.13942e-07	35.000000	3.07698e-10	
38.000000	5.64362e-07	38.000000	6.68411e-07	38.000000	6.68805e-07	38.000000	6.68475e-07	38.000000	6.68126e-07	38.000000	2.85286e-10	
41.000000	5.30975e-07	41.000000	6.28756e-07	41.000000	6.28741e-07	41.000000	6.28403e-07	41.000000	6.2849e-07	41.000000	2.66021e-10	
44.000000	5.01827e-07	44.000000	5.94097e-07	44.000000	5.93731e-07	44.000000	5.93432e-07	44.000000	5.93848e-07	44.000000	2.49277e-10	
47.000000	4.76146e-07	47.000000	5.63535e-07	47.000000	5.62971e-07	47.000000	5.62631e-07	47.000000	5.633e-07 	47.000000	2.34584e-10	
50.000000	4.53335e-07	50.000000	5.36375e-07	50.000000	5.35629e-07	50.000000	5.35286e-07	50.000000	5.36153e-07	50.000000	2.21584e-10	
55.000000	4.20478e-07	55.000000	4.9724e-07	55.000000	4.96302e-07	55.000000	4.95928e-07	55.000000	4.97037e-07	55.000000	2.02945e-10	
60.000000	3.92737e-07	60.000000	4.64196e-07	60.000000	4.63076e-07	60.000000	4.62733e-07	60.000000	4.64009e-07	60.000000	1.87292e-10	
65.000000	3.68981e-07	65.000000	4.3591e-07	65.000000	4.34694e-07	65.000000	4.34341e-07	65.000000	4.35736e-07	65.000000	1.73955e-10	
70.000000	3.48393e-07	70.000000	4.11412e-07	70.000000	4.10127e-07	70.000000	4.09769e-07	70.000000	4.1125e-07	70.000000	1.62449e-10	
75.000000	3.30367e-07	75.000000	3.89981e-07	75.000000	3.88616e-07	75.000000	3.88286e-07	75.000000	3.89829e-07	75.000000	1.52418e-10	
80.000000	3.14444e-07	80.000000	3.71069e-07	80.000000	3.69697e-07	80.000000	3.69338e-07	80.000000	3.70926e-07	80.000000	1.43592e-10	
85.000000	3.00268e-07	85.000000	3.54252e-07	85.000000	3.52837e-07	85.000000	3.52497e-07	85.000000	3.54117e-07	85.000000	1.35765e-10	
90.000000	2.87561e-07	90.000000	3.39197e-07	90.000000	3.37752e-07	90.000000	3.37427e-07	90.000000	3.39069e-07	90.000000	1.28774e-10	
95.000000	2.761e-07 	95.000000	3.25639e-07	95.000000	3.24207e-07	95.000000	3.23859e-07	95.000000	3.25516e-07	95.000000	1.22491e-10	
100.000000	2.65707e-07	100.000000	3.13361e-07	100.000000	3.11911e-07	100.000000	3.11578e-07	100.000000	3.13245e-07	100.000000	1.16812e-10	
105.000000	2.56236e-07	105.000000	3.02191e-07	105.000000	3.00727e-07	105.000000	3.00408e-07	105.000000	3.02079e-07	105.000000	1.11653e-10	
110.000000	2.47566e-07	110.000000	2.91982e-07	110.000000	2.90506e-07	110.000000	2.90202e-07	110.000000	2.91875e-07	110.000000	1.06945e-10	
115.000000	2.39598e-07	115.000000	2.82615e-07	115.000000	2.81156e-07	115.000000	2.80842e-07	115.000000	2.82512e-07	115.000000	1.02631e-10	
120.000000	2.32247e-07	120.000000	2.73989e-07	120.000000	2.72545e-07	120.000000	2.72225e-07	120.000000	2.7389e-07	120.000000	9.86628e-11	
125.000000	2.25443e-07	125.000000	2.66018e-07	125.000000	2.64569e-07	125.000000	2.64265e-07	125.000000	2.65923e-07	125.000000	9.49999e-11	
130.000000	2.19126e-07	130.000000	2.58631e-07	130.000000	2.57186e-07	130.000000	2.5689e-07	130.000000	2.58539e-07	130.000000	9.16081e-11	
135.000000	2.13243e-07	135.000000	2.51765e-07	135.000000	2.50346e-07	135.000000	2.50038e-07	135.000000	2.51676e-07	135.000000	8.8458e-11	
140.000000	2.07751e-07	140.000000	2.45366e-07	140.000000	2.43963e-07	140.000000	2.43654e-07	140.000000	2.4528e-07	140.000000	8.55244e-11	
145.000000	2.0261e-07	145.000000	2.39388e-07	145.000000	2.3799e-07	145.000000	2.37692e-07	145.000000	2.39305e-07	145.000000	8.27855e-11	
150.000000	1.97787e-07	150.000000	2.3379e-07	150.000000	2.32402e-07	150.000000	2.32111e-07	150.000000	2.3371e-07	150.000000	8.02222e-11	
155.000000	1.90997e-07	155.000000	2.28538e-07	155.000000	2.27157e-07	155.000000	2.26877e-07	155.000000	2.2846e-07	155.000000	7.78182e-11	
160.000000	1.87016e-07	160.000000	2.236e-07 	160.000000	2.22235e-07	160.000000	2.21957e-07	160.000000	2.23524e-07	160.000000	7.55587e-11	
165.000000	1.83263e-07	165.000000	2.18948e-07	165.000000	2.17613e-07	165.000000	2.17324e-07	165.000000	2.18875e-07	165.000000	7.3431e-11	
170.000000	1.79718e-07	170.000000	2.14558e-07	170.000000	2.13243e-07	170.000000	2.12954e-07	170.000000	2.14487e-07	170.000000	7.14238e-11	
175.000000	1.76363e-07	175.000000	2.1041e-07	175.000000	2.09106e-07	175.000000	2.08825e-07	175.000000	2.1034e-07	175.000000	6.9527e-11	
180.000000	1.73183e-07	180.000000	2.06482e-07	180.000000	2.05192e-07	180.000000	2.04918e-07	180.000000	2.06414e-07	180.000000	6.77316e-11	
185.000000	1.70166e-07	185.000000	2.02758e-07	185.000000	2.01483e-07	185.000000	2.01215e-07	185.000000	2.02692e-07	185.000000	6.60296e-11	
190.000000	1.67298e-07	190.000000	1.99223e-07	190.000000	1.97962e-07	190.000000	1.97701e-07	190.000000	1.99159e-07	190.000000	6.44139e-11	
195.000000	1.64569e-07	195.000000	1.95863e-07	195.000000	1.94624e-07	195.000000	1.94361e-07	195.000000	1.958e-07 	195.000000	6.28779e-11	
200.000000	1.61969e-07	200.000000	1.92664e-07	200.000000	1.91455e-07	200.000000	1.91184e-07	200.000000	1.92603e-07	200.000000	6.14159e-11	
210.000000	1.5712e-07	210.000000	1.86708e-07	210.000000	1.85538e-07	210.000000	1.85272e-07	210.000000	1.8665e-07	210.000000	5.86932e-11	
220.000000	1.52688e-07	220.000000	1.81276e-07	220.000000	1.80141e-07	220.000000	1.79884e-07	220.000000	1.8122e-07	220.000000	5.62089e-11	
230.000000	1.48621e-07	230.000000	1.76302e-07	230.000000	1.75201e-07	230.000000	1.74955e-07	230.000000	1.76248e-07	230.000000	5.39329e-11	
240.000000	1.44875e-07	240.000000	1.7173e-07	240.000000	1.70681e-07	240.000000	1.70428e-07	240.000000	1.71678e-07	240.000000	5.18397e-11	
250.000000	1.41415e-07	250.000000	1.67514e-07	250.000000	1.66511e-07	250.000000	1.66257e-07	250.000000	1.67464e-07	250.000000	4.99079e-11	
260.000000	1.38207e-07	260.000000	1.63614e-07	260.000000	1.62648e-07	260.000000	1.62403e-07	260.000000	1.63566e-07	260.000000	4.81194e-11	
270.000000	1.35227e-07	270.000000	1.59997e-07	270.000000	1.59069e-07	270.000000	1.5883e-07	270.000000	1.5995e-07	270.000000	4.64586e-11	
280.000000	1.32449e-07	280.000000	1.56632e-07	280.000000	1.55743e-07	280.000000	1.5551e-07	280.000000	1.56587e-07	280.000000	4.49122e-11	
290.000000	1.29854e-07	290.000000	1.53495e-07	290.000000	1.52658e-07	290.000000	1.52418e-07	290.000000	1.53452e-07	290.000000	4.34686e-11	
300.000000	1.27426e-07	300.000000	1.50564e-07	300.000000	1.49772e-07	300.000000	1.49532e-07	300.000000	1.50522e-07	300.000000	4.21178e-11	
310.000000	1.25147e-07	310.000000	1.47819e-07	310.000000	1.47065e-07	310.000000	1.46831e-07	310.000000	1.47778e-07	310.000000	4.0851e-11	
320.000000	1.23006e-07	320.000000	1.45244e-07	320.000000	1.44529e-07	320.000000	1.44299e-07	320.000000	1.45204e-07	320.000000	3.96606e-11	
330.000000	1.2099e-07	330.000000	1.42823e-07	330.000000	1.42145e-07	330.000000	1.41922e-07	330.000000	1.42784e-07	330.000000	3.85397e-11	
340.000000	1.19088e-07	340.000000	1.40544e-07	340.000000	1.39906e-07	340.000000	1.39685e-07	340.000000	1.40506e-07	340.000000	3.74825e-11	
350.000000	1.17292e-07	350.000000	1.38394e-07	350.000000	1.37805e-07	350.000000	1.37578e-07	350.000000	1.38357e-07	350.000000	3.64835e-11	
360.000000	1.15592e-07	360.000000	1.36363e-07	360.000000	1.35818e-07	360.000000	1.35589e-07	360.000000	1.36328e-07	360.000000	3.5538e-11	
370.000000	1.13982e-07	370.000000	1.34442e-07	370.000000	1.33933e-07	370.000000	1.33709e-07	370.000000	1.34408e-07	370.000000	3.46418e-11	
380.000000	1.12454e-07	380.000000	1.32623e-07	380.000000	1.32151e-07	380.000000	1.31931e-07	380.000000	1.32589e-07	380.000000	3.37911e-11	
390.000000	1.11003e-07	390.000000	1.30897e-07	390.000000	1.30462e-07	390.000000	1.30245e-07	390.000000	1.30864e-07	390.000000	3.29825e-11	
400.000000	1.09623e-07	400.000000	1.29259e-07	400.000000	1.28859e-07	400.000000	1.28646e-07	400.000000	1.29226e-07	400.000000	3.2213e-11	
410.000000	1.0831e-07	410.000000	1.27701e-07	410.000000	1.27338e-07	410.000000	1.27128e-07	410.000000	1.27669e-07	410.000000	3.14796e-11	
420.000000	1.07058e-07	420.000000	1.26218e-07	420.000000	1.25897e-07	420.000000	1.25684e-07	420.000000	1.26188e-07	420.000000	3.07799e-11	
430.000000	1.05863e-07	430.000000	1.24806e-07	430.000000	1.24526e-07	430.000000	1.24309e-07	430.000000	1.24776e-07	430.000000	3.01116e-11	
440.000000	1.04723e-07	440.000000	1.23459e-07	440.000000	1.23216e-07	440.000000	1.22999e-07	440.000000	1.2343e-07	440.000000	2.94726e-11	
450.000000	1.03633e-07	450.000000	1.22174e-07	450.000000	1.21963e-07	450.000000	1.2175e-07	450.000000	1.22145e-07	450.000000	2.88611e-11	
460.000000	1.0259e-07	460.000000	1.20946e-07	460.000000	1.20768e-07	460.000000	1.20558e-07	460.000000	1.20918e-07	460.000000	2.82751e-11	
470.000000	1.01592e-07	470.000000	1.19772e-07	470.000000	1.19627e-07	470.000000	1.19419e-07	470.000000	1.19744e-07	470.000000	2.77133e-11	
480.000000	1.00635e-07	480.000000	1.18648e-07	480.000000	1.18535e-07	480.000000	1.1833e-07	480.000000	1.18621e-07	480.000000	2.7174e-11	
490.000000	9.97178e-08	490.000000	1.17572e-07	490.000000	1.1749e-07	490.000000	1.17288e-07	490.000000	1.17545e-07	490.000000	2.6656e-11	
500.000000	9.88378e-08	500.000000	1.1654e-07	500.000000	1.1649e-07	500.000000	1.1629e-07	500.000000	1.16514e-07	500.000000	2.6158e-11	
520.000000	9.7181e-08	520.000000	1.14602e-07	520.000000	1.14621e-07	520.000000	1.14416e-07	520.000000	1.14577e-07	520.000000	2.52174e-11	
540.000000	9.56498e-08	540.000000	1.12815e-07	540.000000	1.12896e-07	540.000000	1.12691e-07	540.000000	1.12791e-07	540.000000	2.43441e-11	
560.000000	9.42314e-08	560.000000	1.11163e-07	560.000000	1.11299e-07	560.000000	1.11098e-07	560.000000	1.11139e-07	560.000000	2.35311e-11	
580.000000	9.29146e-08	580.000000	1.09632e-07	580.000000	1.09822e-07	580.000000	1.09624e-07	580.000000	1.09609e-07	580.000000	2.27722e-11	
600.000000	9.16899e-08	600.000000	1.08211e-07	600.000000	1.08451e-07	600.000000	1.08257e-07	600.000000	1.08189e-07	600.000000	2.20622e-11	
620.000000	9.05487e-08	620.000000	1.0689e-07	620.000000	1.07179e-07	620.000000	1.06988e-07	620.000000	1.06869e-07	620.000000	2.13965e-11	
640.000000	8.94838e-08	640.000000	1.05659e-07	640.000000	1.06001e-07	640.000000	1.05806e-07	640.000000	1.05638e-07	640.000000	2.07709e-11	
660.000000	8.84884e-08	660.000000	1.0451e-07	660.000000	1.04901e-07	660.000000	1.04704e-07	660.000000	1.0449e-07	660.000000	2.0182e-11	
680.000000	8.75567e-08	680.000000	1.03437e-07	680.000000	1.0387e-07	680.000000	1.03675e-07	680.000000	1.03417e-07	680.000000	1.96265e-11	
700.000000	8.66837e-08	700.000000	1.02432e-07	700.000000	1.02904e-07	700.000000	1.02712e-07	700.000000	1.02413e-07	700.000000	1.91017e-11	
720.000000	8.58646e-08	720.000000	1.01491e-07	720.000000	1.02001e-07	720.000000	1.01811e-07	720.000000	1.01472e-07	720.000000	1.86051e-11	
740.000000	8.50954e-08	740.000000	1.00608e-07	740.000000	1.01153e-07	740.000000	1.00965e-07	740.000000	1.0059e-07	740.000000	1.81344e-11	
760.000000	8.43722e-08	760.000000	9.97793e-08	760.000000	1.00356e-07	760.000000	1.00171e-07	760.000000	9.97616e-08	760.000000	1.76877e-11	
780.000000	8.36918e-08	780.000000	9.90003e-08	780.000000	9.96087e-08	780.000000	9.94252e-08	780.000000	9.8983e-08	780.000000	1.72631e-11	
800.000000	8.30511e-08	800.000000	9.82674e-08	800.000000	9.89077e-08	800.000000	9.87229e-08	800.000000	9.82505e-08	800.000000	1.6859e-11	
820.000000	8.24474e-08	820.000000	9.75774e-08	820.000000	9.82487e-08	820.000000	9.80614e-08	820.000000	9.7561e-08	820.000000	1.64739e-11	
840.000000	8.18782e-08	840.000000	9.69274e-08	840.000000	9.76264e-08	840.000000	9.74376e-08	840.000000	9.69113e-08	840.000000	1.61066e-11	
860.000000	8.13412e-08	860.000000	9.63145e-08	860.000000	9.70368e-08	860.000000	9.6849e-08	860.000000	9.62987e-08	860.000000	1.57558e-11	
880.000000	8.08343e-08	880.000000	9.57363e-08	880.000000	9.64787e-08	880.000000	9.62929e-08	880.000000	9.57209e-08	880.000000	1.54204e-11	
900.000000	8.03556e-08	900.000000	9.51906e-08	900.000000	9.59511e-08	900.000000	9.57673e-08	900.000000	9.51755e-08	900.000000	1.50994e-11	
920.000000	7.99035e-08	920.000000	9.46752e-08	920.000000	9.54523e-08	920.000000	9.52701e-08	920.000000	9.46605e-08	920.000000	1.47919e-11	
940.000000	7.94763e-08	940.000000	9.41884e-08	940.000000	9.49805e-08	940.000000	9.47995e-08	940.000000	9.41739e-08	940.000000	1.44971e-11	
960.000000	7.90725e-08	960.000000	9.37283e-08	960.000000	9.45336e-08	960.000000	9.43536e-08	960.000000	9.3714e-08	960.000000	1.42141e-11	
980.000000	7.86908e-08	980.000000	9.32933e-08	980.000000	9.411e-08 	980.000000	9.39311e-08	980.000000	9.32793e-08	980.000000	1.39423e-11	
1000.000000	7.83299e-08	1000.000000	9.2882e-08	1000.000000	9.37082e-08	1000.000000	9.35303e-08	1000.000000	9.28683e-08	1000.000000	1.3681e-11	
1020.000000	7.79888e-08	1020.000000	9.2493e-08	1020.000000	9.33267e-08	1020.000000	9.315e-08 	1020.000000	9.24795e-08	1020.000000	1.34296e-11	
1040.000000	7.76662e-08	1040.000000	9.2125e-08	1040.000000	9.29643e-08	1040.000000	9.2789e-08	1040.000000	9.21118e-08	1040.000000	1.31875e-11	
1060.000000	7.73613e-08	1060.000000	9.17769e-08	1060.000000	9.26199e-08	1060.000000	9.24461e-08	1060.000000	9.1764e-08	1060.000000	1.29543e-11	
1080.000000	7.70732e-08	1080.000000	9.14477e-08	1080.000000	9.22929e-08	1080.000000	9.21203e-08	1080.000000	9.14349e-08	1080.000000	1.27295e-11	
1100.000000	7.68008e-08	1100.000000	9.11362e-08	1100.000000	9.19827e-08	1100.000000	9.18106e-08	1100.000000	9.11236e-08	1100.000000	1.25125e-11	
1120.000000	7.65436e-08	1120.000000	9.08415e-08	1120.000000	9.16885e-08	1120.000000	9.15161e-08	1120.000000	9.08292e-08	1120.000000	1.2303e-11	
1140.000000	7.63007e-08	1140.000000	9.05629e-08	1140.000000	9.14093e-08	1140.000000	9.1236e-08	1140.000000	9.05508e-08	1140.000000	1.21007e-11	
1160.000000	7.60713e-08	1160.000000	9.02994e-08	1160.000000	9.11441e-08	1160.000000	9.09694e-08	1160.000000	9.02875e-08	1160.000000	1.19051e-11	
1180.000000	7.5855e-08	1180.000000	9.00504e-08	1180.000000	9.08915e-08	1180.000000	9.07157e-08	1180.000000	9.00387e-08	1180.000000	1.17159e-11	
1200.000000	7.56511e-08	1200.000000	8.9815e-08	1200.000000	9.06507e-08	1200.000000	9.04741e-08	1200.000000	8.98035e-08	1200.000000	1.15328e-11	
1220.000000	7.54589e-08	1220.000000	8.95928e-08	1220.000000	9.04207e-08	1220.000000	9.02441e-08	1220.000000	8.95814e-08	1220.000000	1.13555e-11	
1240.000000	7.52781e-08	1240.000000	8.93829e-08	1240.000000	9.02012e-08	1240.000000	9.00249e-08	1240.000000	8.93717e-08	1240.000000	1.11837e-11	
1260.000000	7.5108e-08	1260.000000	8.91849e-08	1260.000000	8.99916e-08	1260.000000	8.98162e-08	1260.000000	8.91739e-08	1260.000000	1.10172e-11	
1280.000000	7.49482e-08	1280.000000	8.89982e-08	1280.000000	8.97918e-08	1280.000000	8.96173e-08	1280.000000	8.89873e-08	1280.000000	1.08558e-11	
1300.000000	7.47982e-08	1300.000000	8.88223e-08	1300.000000	8.96013e-08	1300.000000	8.94278e-08	1300.000000	8.88116e-08	1300.000000	1.06991e-11	
1320.000000	7.46577e-08	1320.000000	8.86567e-08	1320.000000	8.94198e-08	1320.000000	8.92472e-08	1320.000000	8.86461e-08	1320.000000	1.0547e-11	
1340.000000	7.45263e-08	1340.000000	8.85009e-08	1340.000000	8.9247e-08	1340.000000	8.90751e-08	1340.000000	8.84905e-08	1340.000000	1.03994e-11	
1360.000000	7.44035e-08	1360.000000	8.83546e-08	1360.000000	8.90824e-08	1360.000000	8.8911e-08	1360.000000	8.83444e-08	1360.000000	1.02559e-11	
1380.000000	7.4289e-08	1380.000000	8.82173e-08	1380.000000	8.89255e-08	1380.000000	8.87547e-08	1380.000000	8.82072e-08	1380.000000	1.01165e-11	
1400.000000	7.41826e-08	1400.000000	8.80887e-08	1400.000000	8.8776e-08	1400.000000	8.86056e-08	1400.000000	8.80787e-08	1400.000000	9.98086e-12	
1420.000000	7.40838e-08	1420.000000	8.79683e-08	1420.000000	8.86334e-08	1420.000000	8.84636e-08	1420.000000	8.79584e-08	1420.000000	9.84896e-12	
1440.000000	7.39924e-08	1440.000000	8.78559e-08	1440.000000	8.84975e-08	1440.000000	8.83282e-08	1440.000000	8.78461e-08	1440.000000	9.7206e-12	
1460.000000	7.39082e-08	1460.000000	8.77511e-08	1460.000000	8.83678e-08	1460.000000	8.81992e-08	1460.000000	8.77415e-08	1460.000000	9.59565e-12	
1480.000000	7.38307e-08	1480.000000	8.76536e-08	1480.000000	8.82442e-08	1480.000000	8.80763e-08	1480.000000	8.76441e-08	1480.000000	9.47396e-12	
1500.000000	7.37599e-08	1500.000000	8.75631e-08	1500.000000	8.81264e-08	1500.000000	8.79593e-08	1500.000000	8.75537e-08	1500.000000	9.35541e-12	
1520.000000	7.36954e-08	1520.000000	8.74794e-08	1520.000000	8.80143e-08	1520.000000	8.78477e-08	1520.000000	8.74702e-08	1520.000000	9.23988e-12	
1540.000000	7.3637e-08	1540.000000	8.74022e-08	1540.000000	8.79075e-08	1540.000000	8.77415e-08	1540.000000	8.73931e-08	1540.000000	9.12726e-12	
1560.000000	7.35845e-08	1560.000000	8.73312e-08	1560.000000	8.78061e-08	1560.000000	8.76404e-08	1560.000000	8.73222e-08	1560.000000	9.01742e-12	
1580.000000	7.35378e-08	1580.000000	8.72663e-08	1580.000000	8.77097e-08	1580.000000	8.75442e-08	1580.000000	8.72573e-08	1580.000000	8.91028e-12	
1600.000000	7.34965e-08	1600.000000	8.72071e-08	1600.000000	8.76181e-08	1600.000000	8.74527e-08	1600.000000	8.71983e-08	1600.000000	8.80573e-12	
1620.000000	7.34605e-08	1620.000000	8.71535e-08	1620.000000	8.75313e-08	1620.000000	8.73656e-08	1620.000000	8.71448e-08	1620.000000	8.70368e-12	
1640.000000	7.34297e-08	1640.000000	8.71053e-08	1640.000000	8.74489e-08	1640.000000	8.72828e-08	1640.000000	8.70967e-08	1640.000000	8.60403e-12	
1660.000000	7.34038e-08	1660.000000	8.70623e-08	1660.000000	8.73708e-08	1660.000000	8.72042e-08	1660.000000	8.70538e-08	1660.000000	8.50671e-12	
1680.000000	7.33828e-08	1680.000000	8.70242e-08	1680.000000	8.72966e-08	1680.000000	8.71295e-08	1680.000000	8.70158e-08	1680.000000	8.41163e-12	
1700.000000	7.33664e-08	1700.000000	8.6991e-08	1700.000000	8.72263e-08	1700.000000	8.70585e-08	1700.000000	8.69827e-08	1700.000000	8.31872e-12	
1750.000000	7.33448e-08	1750.000000	8.69281e-08	1750.000000	8.70659e-08	1750.000000	8.68968e-08	1750.000000	8.692e-08 	1750.000000	8.09543e-12	
1800.000000	7.33492e-08	1800.000000	8.68919e-08	1800.000000	8.69254e-08	1800.000000	8.67557e-08	1800.000000	8.6884e-08	1800.000000	7.88415e-12	
1850.000000	7.33777e-08	1850.000000	8.68802e-08	1850.000000	8.68028e-08	1850.000000	8.66333e-08	1850.000000	8.68725e-08	1850.000000	7.68392e-12	
1900.000000	7.34286e-08	1900.000000	8.68912e-08	1900.000000	8.66967e-08	1900.000000	8.65278e-08	1900.000000	8.68837e-08	1900.000000	7.49391e-12	
1950.000000	7.35003e-08	1950.000000	8.69232e-08	1950.000000	8.66057e-08	1950.000000	8.64377e-08	1950.000000	8.69158e-08	1950.000000	7.31332e-12	
2000.000000	7.35915e-08	2000.000000	8.69744e-08	2000.000000	8.65286e-08	2000.000000	8.63616e-08	2000.000000	8.69673e-08	2000.000000	7.14149e-12	
2100.000000	7.38271e-08	2100.000000	8.71296e-08	2100.000000	8.64123e-08	2100.000000	8.62468e-08	2100.000000	8.71227e-08	2100.000000	6.82159e-12	
2200.000000	7.41267e-08	2200.000000	8.73468e-08	2200.000000	8.63393e-08	2200.000000	8.61749e-08	2200.000000	8.73403e-08	2200.000000	6.52988e-12	
2300.000000	7.44828e-08	2300.000000	8.76181e-08	2300.000000	8.63026e-08	2300.000000	8.6139e-08	2300.000000	8.76118e-08	2300.000000	6.26276e-12	
2400.000000	7.48893e-08	2400.000000	8.79366e-08	2400.000000	8.62961e-08	2400.000000	8.61335e-08	2400.000000	8.79306e-08	2400.000000	6.01721e-12	
2500.000000	7.53409e-08	2500.000000	8.82966e-08	2500.000000	8.63153e-08	2500.000000	8.61537e-08	2500.000000	8.82908e-08	2500.000000	5.79071e-12	
2600.000000	7.58332e-08	2600.000000	8.86933e-08	2600.000000	8.63563e-08	2600.000000	8.61957e-08	2600.000000	8.86878e-08	2600.000000	5.58109e-12	
2700.000000	7.63624e-08	2700.000000	8.91227e-08	2700.000000	8.64162e-08	2700.000000	8.62563e-08	2700.000000	8.91173e-08	2700.000000	5.38652e-12	
2800.000000	7.69252e-08	2800.000000	8.9581e-08	2800.000000	8.64921e-08	2800.000000	8.63327e-08	2800.000000	8.95758e-08	2800.000000	5.20543e-12	
2900.000000	7.75187e-08	2900.000000	9.00653e-08	2900.000000	8.65819e-08	2900.000000	8.64226e-08	2900.000000	9.00603e-08	2900.000000	5.03644e-12	
3000.000000	7.81405e-08	3000.000000	9.0573e-08	3000.000000	8.66835e-08	3000.000000	8.6524e-08	3000.000000	9.05681e-08	3000.000000	4.87837e-12	
3200.000000	7.94603e-08	3200.000000	9.16494e-08	3200.000000	8.69153e-08	3200.000000	8.6755e-08	3200.000000	9.16448e-08	3200.000000	4.59099e-12	
3400.000000	8.08702e-08	3400.000000	9.27949e-08	3400.000000	8.7176e-08	3400.000000	8.70149e-08	3400.000000	9.27905e-08	3400.000000	4.33642e-12	
3600.000000	8.23588e-08	3600.000000	9.39975e-08	3600.000000	8.74574e-08	3600.000000	8.72957e-08	3600.000000	9.39934e-08	3600.000000	4.10929e-12	
3800.000000	8.3917e-08	3800.000000	9.52479e-08	3800.000000	8.77532e-08	3800.000000	8.75914e-08	3800.000000	9.5244e-08	3800.000000	3.90537e-12	
4000.000000	8.55375e-08	4000.000000	9.65386e-08	4000.000000	8.80591e-08	4000.000000	8.78975e-08	4000.000000	9.65349e-08	4000.000000	3.72124e-12	
4200.000000	8.72143e-08	4200.000000	9.78635e-08	4200.000000	8.83717e-08	4200.000000	8.82105e-08	4200.000000	9.786e-08 	4200.000000	3.55413e-12	
4400.000000	8.89426e-08	4400.000000	9.92176e-08	4400.000000	8.86885e-08	4400.000000	8.85278e-08	4400.000000	9.92142e-08	4400.000000	3.40176e-12	
4600.000000	9.07182e-08	4600.000000	1.00597e-07	4600.000000	8.90075e-08	4600.000000	8.88472e-08	4600.000000	1.00594e-07	4600.000000	3.26225e-12	
4800.000000	9.25378e-08	4800.000000	1.01998e-07	4800.000000	8.93271e-08	4800.000000	8.91673e-08	4800.000000	1.01994e-07	4800.000000	3.13402e-12	
5000.000000	9.43984e-08	5000.000000	1.03417e-07	5000.000000	8.96462e-08	5000.000000	8.94867e-08	5000.000000	1.03414e-07	5000.000000	3.01575e-12	
5250.000000	9.67781e-08	5250.000000	1.05215e-07	5250.000000	9.00428e-08	5250.000000	8.98837e-08	5250.000000	1.05212e-07	5250.000000	2.88022e-12	
5500.000000	9.9214e-08	5500.000000	1.07034e-07	5500.000000	9.04357e-08	5500.000000	9.02769e-08	5500.000000	1.07031e-07	5500.000000	2.75664e-12	
6000.000000	1.04242e-07	6000.000000	1.10725e-07	6000.000000	9.12064e-08	6000.000000	9.10482e-08	6000.000000	1.10723e-07	6000.000000	2.53952e-12	
6500.000000	1.0946e-07	6500.000000	1.14471e-07	6500.000000	9.19534e-08	6500.000000	9.17956e-08	6500.000000	1.14469e-07	6500.000000	2.35487e-12	
7000.000000	1.14855e-07	7000.000000	1.18258e-07	7000.000000	9.26745e-08	7000.000000	9.2517e-08	7000.000000	1.18255e-07	7000.000000	2.19586e-12	
7500.000000	1.20414e-07	7500.000000	1.22075e-07	7500.000000	9.33691e-08	7500.000000	9.32118e-08	7500.000000	1.22073e-07	7500.000000	2.05745e-12	
8000.000000	1.26129e-07	8000.000000	1.25915e-07	8000.000000	9.40382e-08	8000.000000	9.38805e-08	8000.000000	1.25913e-07	8000.000000	1.93587e-12	
8500.000000	1.31994e-07	8500.000000	1.29772e-07	8500.000000	9.46803e-08	8500.000000	9.45238e-08	8500.000000	1.2977e-07	8500.000000	1.82819e-12	
9000.000000	1.38004e-07	9000.000000	1.33642e-07	9000.000000	9.52963e-08	9000.000000	9.51428e-08	9000.000000	1.3364e-07	9000.000000	1.73214e-12	
9500.000000	1.44154e-07	9500.000000	1.37522e-07	9500.000000	9.58898e-08	9500.000000	9.57387e-08	9500.000000	1.3752e-07	9500.000000	1.64592e-12	
10000.000000	1.50442e-07	10000.000000	1.41409e-07	10000.000000	9.64631e-08	10000.000000	9.63127e-08	10000.000000	1.41408e-07	10000.000000	1.56808e-12	
11000.000000	1.6342e-07	11000.000000	1.49197e-07	11000.000000	9.75508e-08	11000.000000	9.74001e-08	11000.000000	1.49196e-07	11000.000000	1.43305e-12	
12000.000000	1.76923e-07	12000.000000	1.56993e-07	12000.000000	9.85651e-08	12000.000000	9.8414e-08	12000.000000	1.56992e-07	12000.000000	1.31993e-12	
13000.000000	1.90941e-07	13000.000000	1.64791e-07	13000.000000	9.95132e-08	13000.000000	9.93627e-08	13000.000000	1.6479e-07	13000.000000	1.22374e-12	
14000.000000	2.05468e-07	14000.000000	1.72585e-07	14000.000000	1.00402e-07	14000.000000	1.00253e-07	14000.000000	1.72584e-07	14000.000000	1.14093e-12	
15000.000000	2.20498e-07	15000.000000	1.80372e-07	15000.000000	1.01239e-07	15000.000000	1.01092e-07	15000.000000	1.80371e-07	15000.000000	1.06886e-12	
16000.000000	2.36028e-07	16000.000000	1.88149e-07	16000.000000	1.02029e-07	16000.000000	1.01885e-07	16000.000000	1.88148e-07	16000.000000	1.00556e-12	
17000.000000	2.52058e-07	17000.000000	1.95915e-07	17000.000000	1.02779e-07	17000.000000	1.02636e-07	17000.000000	1.95914e-07	17000.000000	9.49506e-13	
18000.000000	2.68586e-07	18000.000000	2.03669e-07	18000.000000	1.0349e-07	18000.000000	1.03348e-07	18000.000000	2.03668e-07	18000.000000	8.99514e-13	
19000.000000	2.85612e-07	19000.000000	2.11411e-07	19000.000000	1.04168e-07	19000.000000	1.04027e-07	19000.000000	2.1141e-07	19000.000000	8.54642e-13	
20000.000000	3.03136e-07	20000.000000	2.1914e-07	20000.000000	1.04815e-07	20000.000000	1.04674e-07	20000.000000	2.19139e-07	20000.000000	8.14138e-13	
21000.000000	3.21158e-07	21000.000000	2.26856e-07	21000.000000	1.05434e-07	21000.000000	1.05293e-07	21000.000000	2.26856e-07	21000.000000	7.77387e-13	
22000.000000	3.39681e-07	22000.000000	2.3456e-07	22000.000000	1.06026e-07	22000.000000	1.05885e-07	22000.000000	2.34559e-07	22000.000000	7.43888e-13	
23000.000000	3.58706e-07	23000.000000	2.4225e-07	23000.000000	1.0659e-07	23000.000000	1.06454e-07	23000.000000	2.42249e-07	23000.000000	7.13223e-13	
24000.000000	3.78233e-07	24000.000000	2.49927e-07	24000.000000	1.07132e-07	24000.000000	1.07e-07  	24000.000000	2.49927e-07	24000.000000	6.85046e-13	
25000.000000	3.98264e-07	25000.000000	2.57592e-07	25000.000000	1.07658e-07	25000.000000	1.07525e-07	25000.000000	2.57591e-07	25000.000000	6.59062e-13	
26000.000000	4.18802e-07	26000.000000	2.65244e-07	26000.000000	1.08164e-07	26000.000000	1.08031e-07	26000.000000	2.65244e-07	26000.000000	6.35024e-13	
27000.000000	4.39848e-07	27000.000000	2.72885e-07	27000.000000	1.08649e-07	27000.000000	1.0852e-07	27000.000000	2.72884e-07	27000.000000	6.12718e-13	
28000.000000	4.61405e-07	28000.000000	2.80513e-07	28000.000000	1.09117e-07	28000.000000	1.08992e-07	28000.000000	2.80512e-07	28000.000000	5.91963e-13	
29000.000000	4.83474e-07	29000.000000	2.88129e-07	29000.000000	1.09571e-07	29000.000000	1.09448e-07	29000.000000	2.88129e-07	29000.000000	5.72602e-13	
30000.000000	5.06059e-07	30000.000000	2.95734e-07	30000.000000	1.1001e-07	30000.000000	1.09889e-07	30000.000000	2.95734e-07	30000.000000	5.54497e-13	
32000.000000	5.52781e-07	32000.000000	3.10911e-07	32000.000000	1.10848e-07	32000.000000	1.10732e-07	32000.000000	3.10911e-07	32000.000000	5.21592e-13	
34000.000000	6.01593e-07	34000.000000	3.26045e-07	34000.000000	1.11636e-07	34000.000000	1.11526e-07	34000.000000	3.26045e-07	34000.000000	4.92459e-13	
36000.000000	6.52513e-07	36000.000000	3.41138e-07	36000.000000	1.12381e-07	36000.000000	1.12277e-07	36000.000000	3.41138e-07	36000.000000	4.66479e-13	
38000.000000	7.05563e-07	38000.000000	3.56192e-07	38000.000000	1.13088e-07	38000.000000	1.12989e-07	38000.000000	3.56192e-07	38000.000000	4.43163e-13	
40000.000000	7.60766e-07	40000.000000	3.71209e-07	40000.000000	1.1376e-07	40000.000000	1.13666e-07	40000.000000	3.71208e-07	40000.000000	4.22119e-13	
42000.000000	8.18142e-07	42000.000000	3.86189e-07	42000.000000	1.14399e-07	42000.000000	1.14312e-07	42000.000000	3.86189e-07	42000.000000	4.03027e-13	
44000.000000	8.77715e-07	44000.000000	4.01136e-07	44000.000000	1.1501e-07	44000.000000	1.14928e-07	44000.000000	4.01135e-07	44000.000000	3.85626e-13	
46000.000000	9.39507e-07	46000.000000	4.16049e-07	46000.000000	1.15593e-07	46000.000000	1.15517e-07	46000.000000	4.16049e-07	46000.000000	3.69698e-13	
48000.000000	1.00354e-06	48000.000000	4.30932e-07	48000.000000	1.16151e-07	48000.000000	1.16083e-07	48000.000000	4.30931e-07	48000.000000	3.55064e-13	
50000.000000	1.06984e-06	50000.000000	4.45783e-07	50000.000000	1.16686e-07	50000.000000	1.16626e-07	50000.000000	4.45783e-07	50000.000000	3.41571e-13	
