*Energy (MeV/u)1	0 - [He-base] F.Hubert et al. AD&ND Tables 46(1990)1	Energy (MeV/u)2	1 - [H -base] J.F.Ziegler et al.Pergamon Press.NY(low energy)	Energy (MeV/u)3	2 - ATIMA 1.2 LS-theory (recommended for high energy)	Energy (MeV/u)4	3 - ATIMA 1.2 without LS-correction	Energy (MeV/u)5	4 - ATIMA 1.4 H.Weick. improved mean charge formula for HI	Energy (MeV/u)6	5 - electrical component of [1] - J.F.Ziegler et al	Energy (MeV/u)7	6 - nuclear component of [1] - J.F.Ziegler et al	
0.001000	0.401341  	0.001000	0.19621   	0.001000	0.184427  	0.001000	0.184427  	0.001000	0.184403  	0.001000	0.107179  	0.001000	0.0890304 	
0.002000	0.442889  	0.002000	0.219939  	0.002000	0.206394  	0.002000	0.206394  	0.002000	0.206378  	0.002000	0.148455  	0.002000	0.0714841 	
0.005000	0.544433  	0.005000	0.275086  	0.005000	0.260032  	0.005000	0.260032  	0.005000	0.260025  	0.005000	0.228364  	0.005000	0.0467227 	
0.008000	0.623362  	0.008000	0.32057   	0.008000	0.305572  	0.008000	0.305572  	0.008000	0.305567  	0.008000	0.284816  	0.008000	0.0357547 	
0.010000	0.668243  	0.010000	0.347496  	0.010000	0.332852  	0.010000	0.332852  	0.010000	0.332848  	0.010000	0.316309  	0.010000	0.0311874 	
0.015000	0.780669  	0.015000	0.406711  	0.015000	0.39346   	0.015000	0.39346   	0.015000	0.393457  	0.015000	0.382714  	0.015000	0.0239975 	
0.020000	0.86961   	0.020000	0.463225  	0.020000	0.458844  	0.020000	0.458844  	0.020000	0.458842  	0.020000	0.443487  	0.020000	0.0197379 	
0.025000	0.967091  	0.025000	0.520553  	0.025000	0.524881  	0.025000	0.524881  	0.025000	0.52488   	0.025000	0.503831  	0.025000	0.0167218 	
0.030000	1.04912   	0.030000	0.573258  	0.030000	0.571254  	0.030000	0.571254  	0.030000	0.571253  	0.030000	0.558576  	0.030000	0.0146812 	
0.035000	1.10737   	0.035000	0.62086   	0.035000	0.613252  	0.035000	0.613252  	0.035000	0.613251  	0.035000	0.607735  	0.035000	0.0131248 	
0.040000	1.15063   	0.040000	0.658585  	0.040000	0.651176  	0.040000	0.651176  	0.040000	0.651176  	0.040000	0.646691  	0.040000	0.0118942 	
0.045000	1.18077   	0.045000	0.692837  	0.045000	0.685319  	0.045000	0.685319  	0.045000	0.685319  	0.045000	0.681943  	0.045000	0.0108941 	
0.050000	1.19882   	0.050000	0.724041  	0.050000	0.715975  	0.050000	0.715975  	0.050000	0.715975  	0.050000	0.713977  	0.050000	0.0100635 	
0.055000	1.24369   	0.055000	0.74931   	0.055000	0.743441  	0.055000	0.743441  	0.055000	0.74344   	0.055000	0.739949  	0.055000	0.00936147	
0.060000	1.28115   	0.060000	0.772153  	0.060000	0.76801   	0.060000	0.76801   	0.060000	0.76801   	0.060000	0.763393  	0.060000	0.00875946	
0.070000	1.33632   	0.070000	0.811999  	0.070000	0.809594  	0.070000	0.809594  	0.070000	0.809594  	0.070000	0.804221  	0.070000	0.00777857	
0.080000	1.39755   	0.080000	0.844609  	0.080000	0.842847  	0.080000	0.842847  	0.080000	0.842847  	0.080000	0.837598  	0.080000	0.00701125	
0.090000	1.44323   	0.090000	0.873173  	0.090000	0.869589  	0.090000	0.869589  	0.090000	0.869589  	0.090000	0.86678   	0.090000	0.00639296	
0.100000	1.4775    	0.100000	0.898979  	0.100000	0.891303  	0.100000	0.891303  	0.100000	0.891304  	0.100000	0.893096  	0.100000	0.00588306	
0.120000	1.48939   	0.120000	0.922902  	0.120000	0.924029  	0.120000	0.924029  	0.120000	0.92403   	0.120000	0.917813  	0.120000	0.00508916	
0.140000	1.4976    	0.140000	0.94769   	0.140000	0.947349  	0.140000	0.947349  	0.140000	0.947349  	0.140000	0.943193  	0.140000	0.00449737	
0.160000	1.50111   	0.160000	0.96827   	0.160000	0.964779  	0.160000	0.964779  	0.160000	0.964779  	0.160000	0.964233  	0.160000	0.0040377 	
0.180000	1.50483   	0.180000	0.985191  	0.180000	0.978243  	0.180000	0.978243  	0.180000	0.978244  	0.180000	0.981522  	0.180000	0.00366943	
0.200000	1.5104    	0.200000	0.999206  	0.200000	0.988823  	0.200000	0.988823  	0.200000	0.988824  	0.200000	0.995839  	0.200000	0.00336719	
0.250000	1.49258   	0.250000	1.0153    	0.250000	1.00632   	0.250000	1.00632   	0.250000	1.00632   	0.250000	1.0125    	0.250000	0.00280337	
0.300000	1.48676   	0.300000	1.02375   	0.300000	1.0147    	0.300000	1.0147    	0.300000	1.0147    	0.300000	1.02134   	0.300000	0.00241079	
0.350000	1.48264   	0.350000	1.02529   	0.350000	1.01736   	0.350000	1.01736   	0.350000	1.01736   	0.350000	1.02317   	0.350000	0.00212048	
0.400000	1.48988   	0.400000	1.02915   	0.400000	1.0238    	0.400000	1.0238    	0.400000	1.0238    	0.400000	1.02725   	0.400000	0.00189642	
0.450000	1.49289   	0.450000	1.0287    	0.450000	1.02387   	0.450000	1.02387   	0.450000	1.02387   	0.450000	1.02698   	0.450000	0.00171785	
0.500000	1.491     	0.500000	1.02276   	0.500000	1.01945   	0.500000	1.01945   	0.500000	1.01945   	0.500000	1.02119   	0.500000	0.00157195	
0.600000	1.43031   	0.600000	1.02136   	0.600000	1.00094   	0.600000	1.00094   	0.600000	1.00095   	0.600000	1.02001   	0.600000	0.00134728	
0.700000	1.34304   	0.700000	0.997517  	0.700000	0.974719  	0.700000	0.974719  	0.700000	0.97472   	0.700000	0.996335  	0.700000	0.00118186	
0.800000	1.29304   	0.800000	0.97394   	0.800000	0.94667   	0.800000	0.94667   	0.800000	0.94667   	0.800000	0.972886  	0.800000	0.00105462	
0.900000	1.24335   	0.900000	0.949328  	0.900000	0.918246  	0.900000	0.918246  	0.900000	0.918246  	0.900000	0.948375  	0.900000	0.000953518	
1.000000	1.1945    	1.000000	0.924198  	1.000000	0.890224  	1.000000	0.890224  	1.000000	0.890225  	1.000000	0.923327  	1.000000	0.000871106	
1.250000	1.08036   	1.250000	0.850119  	1.250000	0.821745  	1.250000	0.821745  	1.250000	0.821745  	1.250000	0.849401  	1.250000	0.00071881	
1.500000	0.980429  	1.500000	0.784077  	1.500000	0.760336  	1.500000	0.760336  	1.500000	0.760336  	1.500000	0.783463  	1.500000	0.000613936	
1.750000	0.893571  	1.750000	0.725642  	1.750000	0.707784  	1.750000	0.707784  	1.750000	0.707784  	1.750000	0.725104  	1.750000	0.00053705	
2.000000	0.821696  	2.000000	0.677679  	2.000000	0.662077  	2.000000	0.662077  	2.000000	0.662078  	2.000000	0.677201  	2.000000	0.000478119	
2.250000	0.762196  	2.250000	0.632563  	2.250000	0.621915  	2.250000	0.621915  	2.250000	0.621915  	2.250000	0.632132  	2.250000	0.000431424	
2.500000	0.698765  	2.500000	0.593587  	2.500000	0.586357  	2.500000	0.586357  	2.500000	0.586357  	2.500000	0.593193  	2.500000	0.000393457	
3.000000	0.619745  	3.000000	0.527468  	3.000000	0.526302  	3.000000	0.526302  	3.000000	0.526302  	3.000000	0.527133  	3.000000	0.000335345	
3.500000	0.557602  	3.500000	0.477039  	3.500000	0.477652  	3.500000	0.477652  	3.500000	0.477652  	3.500000	0.476746  	3.500000	0.000292848	
4.000000	0.507413  	4.000000	0.43667   	4.000000	0.43753   	4.000000	0.43753   	4.000000	0.43753   	4.000000	0.436409  	4.000000	0.000260342	
4.500000	0.466001  	4.500000	0.403335  	4.500000	0.403918  	4.500000	0.403918  	4.500000	0.403919  	4.500000	0.403101  	4.500000	0.00023463	
5.000000	0.431223  	5.000000	0.375211  	5.000000	0.375376  	5.000000	0.375376  	5.000000	0.375376  	5.000000	0.374997  	5.000000	0.000213755	
5.500000	0.401584  	5.500000	0.351099  	5.500000	0.350838  	5.500000	0.350838  	5.500000	0.350838  	5.500000	0.350902  	5.500000	0.000196451	
6.000000	0.37601   	6.000000	0.330164  	6.000000	0.329516  	6.000000	0.329516  	6.000000	0.329517  	6.000000	0.329982  	6.000000	0.000181861	
6.500000	0.353706  	6.500000	0.311797  	6.500000	0.310816  	6.500000	0.310816  	6.500000	0.310816  	6.500000	0.311627  	6.500000	0.000169384	
7.000000	0.334075  	7.000000	0.295539  	7.000000	0.294277  	7.000000	0.294277  	7.000000	0.294278  	7.000000	0.295381  	7.000000	0.000158586	
7.500000	0.316656  	7.500000	0.28104   	7.500000	0.279542  	7.500000	0.279542  	7.500000	0.279542  	7.500000	0.280891  	7.500000	0.000149143	
8.000000	0.301091  	8.000000	0.268021  	8.000000	0.266326  	8.000000	0.266326  	8.000000	0.266326  	8.000000	0.26788   	8.000000	0.000140812	
8.500000	0.287095  	8.500000	0.256262  	8.500000	0.254403  	8.500000	0.254403  	8.500000	0.254403  	8.500000	0.256129  	8.500000	0.000133405	
9.000000	0.274437  	9.000000	0.245585  	9.000000	0.243587  	9.000000	0.243587  	9.000000	0.243587  	9.000000	0.245458  	9.000000	0.000126774	
9.500000	0.262932  	9.500000	0.235843  	9.500000	0.23373   	9.500000	0.23373   	9.500000	0.23373   	9.500000	0.235722  	9.500000	0.000120801	
10.000000	0.252428  	10.000000	0.228001  	10.000000	0.224705  	10.000000	0.224705  	10.000000	0.224705  	10.000000	0.227886  	10.000000	0.000115391	
11.000000	0.233931  	11.000000	0.212734  	11.000000	0.20884   	11.000000	0.208958  	11.000000	0.208864  	11.000000	0.212628  	11.000000	0.000105965	
12.000000	0.218158  	12.000000	0.199471  	12.000000	0.195273  	12.000000	0.195466  	12.000000	0.195306  	12.000000	0.199373  	12.000000	9.80249e-05	
13.000000	0.20454   	13.000000	0.187849  	13.000000	0.183533  	13.000000	0.183774  	13.000000	0.183567  	13.000000	0.187758  	13.000000	9.12407e-05	
14.000000	0.192657  	14.000000	0.177584  	14.000000	0.173268  	14.000000	0.17354   	14.000000	0.173302  	14.000000	0.177499  	14.000000	8.53736e-05	
15.000000	0.182193  	15.000000	0.168455  	15.000000	0.164215  	15.000000	0.164505  	15.000000	0.164247  	15.000000	0.168374  	15.000000	8.0247e-05	
16.000000	0.172905  	16.000000	0.160282  	16.000000	0.156169  	16.000000	0.156468  	16.000000	0.156199  	16.000000	0.160206  	16.000000	7.57269e-05	
17.000000	0.164602  	17.000000	0.152924  	17.000000	0.148968  	17.000000	0.149271  	17.000000	0.148997  	17.000000	0.152852  	17.000000	7.17104e-05	
18.000000	0.157133  	18.000000	0.146264  	18.000000	0.142489  	18.000000	0.142788  	18.000000	0.142514  	18.000000	0.146196  	18.000000	6.81165e-05	
19.000000	0.150376  	19.000000	0.140207  	19.000000	0.136627  	19.000000	0.136917  	19.000000	0.136646  	19.000000	0.140142  	19.000000	6.48809e-05	
20.000000	0.144232  	20.000000	0.134674  	20.000000	0.131294  	20.000000	0.131575  	20.000000	0.131312  	20.000000	0.134612  	20.000000	6.19519e-05	
21.000000	0.138621  	21.000000	0.1296    	21.000000	0.126423  	21.000000	0.126693  	21.000000	0.126439  	21.000000	0.12954   	21.000000	5.92871e-05	
22.000000	0.133475  	22.000000	0.124929  	22.000000	0.121959  	22.000000	0.122216  	22.000000	0.121972  	22.000000	0.124872  	22.000000	5.6852e-05	
23.000000	0.128737  	23.000000	0.120615  	23.000000	0.117853  	23.000000	0.118094  	23.000000	0.117861  	23.000000	0.120561  	23.000000	5.46175e-05	
24.000000	0.12436   	24.000000	0.116619  	24.000000	0.114061  	24.000000	0.114288  	24.000000	0.114068  	24.000000	0.116566  	24.000000	5.25596e-05	
25.000000	0.120303  	25.000000	0.112905  	25.000000	0.110547  	25.000000	0.110762  	25.000000	0.110555  	25.000000	0.112855  	25.000000	5.06577e-05	
27.000000	0.113018  	27.000000	0.106214  	27.000000	0.104252  	27.000000	0.104441  	27.000000	0.10426   	27.000000	0.106167  	27.000000	4.72554e-05	
29.000000	0.106659  	29.000000	0.100351  	29.000000	0.0987817 	29.000000	0.0989372 	29.000000	0.0987841 	29.000000	0.100307  	29.000000	4.4299e-05	
31.000000	0.101056  	31.000000	0.0951688 	31.000000	0.0938573 	31.000000	0.0939775 	31.000000	0.0938577 	31.000000	0.0951271 	31.000000	4.17053e-05	
33.000000	0.0960802 	33.000000	0.0905548 	33.000000	0.0893568 	33.000000	0.0894484 	33.000000	0.0893625 	33.000000	0.0905154 	33.000000	3.94104e-05	
35.000000	0.0916301 	35.000000	0.0864192 	35.000000	0.0853341 	35.000000	0.08539   	35.000000	0.085332  	35.000000	0.0863818 	35.000000	3.73648e-05	
38.000000	0.0857689 	38.000000	0.0809601 	38.000000	0.0800137 	38.000000	0.0800334 	38.000000	0.0800085 	38.000000	0.0809254 	38.000000	3.46808e-05	
41.000000	0.0807038 	41.000000	0.0762323 	41.000000	0.0754002 	41.000000	0.0753937 	41.000000	0.0753941 	41.000000	0.0761999 	41.000000	3.23708e-05	
44.000000	0.0762802 	44.000000	0.0720965 	44.000000	0.0713524 	44.000000	0.0713334 	44.000000	0.0713536 	44.000000	0.0720661 	44.000000	3.03608e-05	
47.000000	0.0723814 	47.000000	0.0684468 	47.000000	0.067782  	47.000000	0.0677486 	47.000000	0.0677844 	47.000000	0.0684182 	47.000000	2.85952e-05	
50.000000	0.0689176 	50.000000	0.0652013 	50.000000	0.0646104 	50.000000	0.0645588 	50.000000	0.0646072 	50.000000	0.0651743 	50.000000	2.70315e-05	
55.000000	0.0639272 	55.000000	0.0605214 	55.000000	0.0600194 	55.000000	0.0599554 	55.000000	0.0600193 	55.000000	0.0604967 	55.000000	2.47869e-05	
60.000000	0.0597126 	60.000000	0.0565669 	60.000000	0.0561332 	60.000000	0.0560609 	60.000000	0.056136  	60.000000	0.056544  	60.000000	2.28995e-05	
65.000000	0.0561028 	65.000000	0.0531795 	65.000000	0.0528054 	65.000000	0.0527211 	65.000000	0.0528041 	65.000000	0.0531582 	65.000000	2.12892e-05	
70.000000	0.052974  	70.000000	0.0502442 	70.000000	0.0499096 	70.000000	0.0498236 	70.000000	0.0499123 	70.000000	0.0502243 	70.000000	1.98986e-05	
75.000000	0.0502343 	75.000000	0.0476751 	75.000000	0.0473809 	75.000000	0.0472849 	75.000000	0.0473778 	75.000000	0.0476564 	75.000000	1.8685e-05	
80.000000	0.0478139 	80.000000	0.045407  	80.000000	0.0451399 	80.000000	0.0450413 	80.000000	0.0451373 	80.000000	0.0453894 	80.000000	1.76162e-05	
85.000000	0.045659  	85.000000	0.0433895 	85.000000	0.0431436 	85.000000	0.0430437 	85.000000	0.0431418 	85.000000	0.0433728 	85.000000	1.66676e-05	
90.000000	0.0437272 	90.000000	0.0415827 	90.000000	0.0413542 	90.000000	0.0412531 	90.000000	0.0413527 	90.000000	0.0415669 	90.000000	1.58196e-05	
95.000000	0.0419848 	95.000000	0.0399551 	95.000000	0.0397406 	95.000000	0.0396386 	95.000000	0.0397393 	95.000000	0.03994   	95.000000	1.50569e-05	
100.000000	0.0404047 	100.000000	0.0384809 	100.000000	0.0382778 	100.000000	0.0381751 	100.000000	0.0382765 	100.000000	0.0384665 	100.000000	1.43671e-05	
105.000000	0.0389647 	105.000000	0.0371392 	105.000000	0.0369455 	105.000000	0.0368423 	105.000000	0.036944  	105.000000	0.0371254 	105.000000	1.374e-05 	
110.000000	0.0376465 	110.000000	0.0359128 	110.000000	0.0357266 	110.000000	0.0356232 	110.000000	0.0357252 	110.000000	0.0358996 	110.000000	1.31674e-05	
115.000000	0.0364349 	115.000000	0.0347873 	115.000000	0.0346081 	115.000000	0.0345037 	115.000000	0.0346056 	115.000000	0.0347746 	115.000000	1.26424e-05	
120.000000	0.0353173 	120.000000	0.0337506 	120.000000	0.0335743 	120.000000	0.033472  	120.000000	0.0335738 	120.000000	0.0337385 	120.000000	1.21592e-05	
125.000000	0.0342827 	125.000000	0.0327926 	125.000000	0.0326174 	125.000000	0.0325181 	125.000000	0.0326196 	125.000000	0.0327809 	125.000000	1.17129e-05	
130.000000	0.0333221 	130.000000	0.0319045 	130.000000	0.0317332 	130.000000	0.0316335 	130.000000	0.0317347 	130.000000	0.0318932 	130.000000	1.12995e-05	
135.000000	0.0324276 	135.000000	0.031079  	135.000000	0.0309107 	135.000000	0.0308108 	135.000000	0.0309115 	135.000000	0.0310681 	135.000000	1.09153e-05	
140.000000	0.0315924 	140.000000	0.0303095 	140.000000	0.0301436 	140.000000	0.0300437 	140.000000	0.0301441 	140.000000	0.030299  	140.000000	1.05574e-05	
145.000000	0.0308107 	145.000000	0.0295906 	145.000000	0.0294266 	145.000000	0.0293267 	145.000000	0.0294266 	145.000000	0.0295803 	145.000000	1.0223e-05	
150.000000	0.0300774 	150.000000	0.0289173 	150.000000	0.028755  	150.000000	0.0286551 	150.000000	0.0287545 	150.000000	0.0289074 	150.000000	9.91003e-06	
155.000000	0.0290448 	155.000000	0.0282855 	155.000000	0.0281249 	155.000000	0.0280247 	155.000000	0.0281236 	155.000000	0.0282759 	155.000000	9.61633e-06	
160.000000	0.0284396 	160.000000	0.0276914 	160.000000	0.0275312 	160.000000	0.0274318 	160.000000	0.0275301 	160.000000	0.027682  	160.000000	9.34019e-06	
165.000000	0.0278688 	165.000000	0.0271317 	165.000000	0.02697   	165.000000	0.0268732 	165.000000	0.026971  	165.000000	0.0271226 	165.000000	9.08006e-06	
170.000000	0.0273297 	170.000000	0.0266035 	170.000000	0.0264415 	170.000000	0.0263459 	170.000000	0.0264431 	170.000000	0.0265947 	170.000000	8.83457e-06	
175.000000	0.0268195 	175.000000	0.0261042 	175.000000	0.0259433 	175.000000	0.0258474 	175.000000	0.025944  	175.000000	0.0260956 	175.000000	8.6025e-06	
180.000000	0.0263361 	180.000000	0.0256315 	180.000000	0.0254713 	180.000000	0.0253754 	180.000000	0.0254715 	180.000000	0.0256231 	180.000000	8.38276e-06	
185.000000	0.0258772 	185.000000	0.0251833 	185.000000	0.0250237 	185.000000	0.0249278 	185.000000	0.0250234 	185.000000	0.0251752 	185.000000	8.17439e-06	
190.000000	0.0254411 	190.000000	0.0247578 	190.000000	0.0245989 	190.000000	0.0245029 	190.000000	0.024598  	190.000000	0.0247498 	190.000000	7.97651e-06	
195.000000	0.0250262 	195.000000	0.0243533 	195.000000	0.0241939 	195.000000	0.0240989 	195.000000	0.0241935 	195.000000	0.0243455 	195.000000	7.78835e-06	
200.000000	0.0246307 	200.000000	0.0239682 	200.000000	0.0238073 	200.000000	0.0237144 	200.000000	0.0238084 	200.000000	0.0239606 	200.000000	7.60919e-06	
210.000000	0.0238933 	210.000000	0.0232511 	210.000000	0.0230904 	210.000000	0.0229983 	210.000000	0.0230913 	210.000000	0.0232438 	210.000000	7.27538e-06	
220.000000	0.0232193 	220.000000	0.0225969 	220.000000	0.0224371 	220.000000	0.0223453 	220.000000	0.0224372 	220.000000	0.02259   	220.000000	6.97065e-06	
230.000000	0.0226009 	230.000000	0.0219979 	230.000000	0.0218392 	230.000000	0.0217473 	230.000000	0.0218382 	230.000000	0.0219912 	230.000000	6.69131e-06	
240.000000	0.0220313 	240.000000	0.0214472 	240.000000	0.0212874 	240.000000	0.0211978 	240.000000	0.0212878 	240.000000	0.0214408 	240.000000	6.43429e-06	
250.000000	0.0215051 	250.000000	0.0209393 	250.000000	0.0207794 	250.000000	0.0206911 	250.000000	0.0207803 	250.000000	0.0209331 	250.000000	6.19697e-06	
260.000000	0.0210173 	260.000000	0.0204695 	260.000000	0.020311  	260.000000	0.0202226 	260.000000	0.0203109 	260.000000	0.0204635 	260.000000	5.97715e-06	
270.000000	0.020564  	270.000000	0.0200336 	270.000000	0.0198762 	270.000000	0.0197882 	270.000000	0.0198757 	270.000000	0.0200279 	270.000000	5.77295e-06	
280.000000	0.0201416 	280.000000	0.0196282 	280.000000	0.0194715 	280.000000	0.0193843 	280.000000	0.0194709 	280.000000	0.0196226 	280.000000	5.58272e-06	
290.000000	0.0197471 	290.000000	0.0192502 	290.000000	0.0190936 	290.000000	0.0190079 	290.000000	0.0190938 	290.000000	0.0192448 	290.000000	5.40508e-06	
300.000000	0.0193778 	300.000000	0.0188969 	300.000000	0.0187412 	300.000000	0.0186563 	300.000000	0.0187415 	300.000000	0.0188917 	300.000000	5.23879e-06	
310.000000	0.0190313 	310.000000	0.0185661 	310.000000	0.0184122 	310.000000	0.0183273 	310.000000	0.0184118 	310.000000	0.018561  	310.000000	5.08278e-06	
320.000000	0.0187057 	320.000000	0.0182556 	320.000000	0.0181036 	320.000000	0.0180187 	320.000000	0.0181025 	320.000000	0.0182507 	320.000000	4.93613e-06	
330.000000	0.0183991 	330.000000	0.0179638 	330.000000	0.0178124 	330.000000	0.0177288 	330.000000	0.017812  	330.000000	0.017959  	330.000000	4.798e-06 	
340.000000	0.0181099 	340.000000	0.017689  	340.000000	0.0175381 	340.000000	0.017456  	340.000000	0.0175386 	340.000000	0.0176843 	340.000000	4.66767e-06	
350.000000	0.0178367 	350.000000	0.0174298 	350.000000	0.0172807 	350.000000	0.0171989 	350.000000	0.0172808 	350.000000	0.0174252 	350.000000	4.54448e-06	
360.000000	0.0175782 	360.000000	0.0171849 	360.000000	0.0170381 	360.000000	0.0169562 	360.000000	0.0170375 	360.000000	0.0171805 	360.000000	4.42786e-06	
370.000000	0.0173333 	370.000000	0.0169533 	370.000000	0.0168085 	370.000000	0.0167267 	370.000000	0.0168076 	370.000000	0.016949  	370.000000	4.31728e-06	
380.000000	0.017101  	380.000000	0.0167339 	380.000000	0.0165902 	380.000000	0.0165095 	380.000000	0.0165898 	380.000000	0.0167296 	380.000000	4.21229e-06	
390.000000	0.0168804 	390.000000	0.0165257 	390.000000	0.0163831 	390.000000	0.0163036 	390.000000	0.0163834 	390.000000	0.0165216 	390.000000	4.11246e-06	
400.000000	0.0166705 	400.000000	0.0163281 	400.000000	0.0161872 	400.000000	0.0161083 	400.000000	0.0161876 	400.000000	0.0163241 	400.000000	4.01742e-06	
410.000000	0.0164708 	410.000000	0.0161402 	410.000000	0.0160017 	410.000000	0.0159227 	410.000000	0.0160015 	410.000000	0.0161363 	410.000000	3.92683e-06	
420.000000	0.0162804 	420.000000	0.0159613 	420.000000	0.0158253 	420.000000	0.0157462 	420.000000	0.0158245 	420.000000	0.0159575 	420.000000	3.84038e-06	
430.000000	0.0160987 	430.000000	0.0157909 	430.000000	0.015657  	430.000000	0.0155781 	430.000000	0.0156561 	430.000000	0.0157872 	430.000000	3.75779e-06	
440.000000	0.0159253 	440.000000	0.0156284 	440.000000	0.0154959 	440.000000	0.015418  	440.000000	0.0154955 	440.000000	0.0156248 	440.000000	3.6788e-06	
450.000000	0.0157595 	450.000000	0.0154733 	450.000000	0.0153421 	450.000000	0.0152652 	450.000000	0.0153423 	450.000000	0.0154697 	450.000000	3.60319e-06	
460.000000	0.015601  	460.000000	0.0153251 	460.000000	0.0151959 	460.000000	0.0151193 	460.000000	0.0151961 	460.000000	0.0153216 	460.000000	3.53073e-06	
470.000000	0.0154491 	470.000000	0.0151834 	470.000000	0.0150565 	470.000000	0.01498   	470.000000	0.0150563 	470.000000	0.01518   	470.000000	3.46122e-06	
480.000000	0.0153037 	480.000000	0.0150478 	480.000000	0.0149229 	480.000000	0.0148467 	480.000000	0.0149227 	480.000000	0.0150444 	480.000000	3.3945e-06	
490.000000	0.0151642 	490.000000	0.0149179 	490.000000	0.0147945 	490.000000	0.0147192 	490.000000	0.0147948 	490.000000	0.0149146 	490.000000	3.33039e-06	
500.000000	0.0150304 	500.000000	0.0147934 	500.000000	0.0146715 	500.000000	0.014597  	500.000000	0.0146722 	500.000000	0.0147901 	500.000000	3.26875e-06	
520.000000	0.0147784 	520.000000	0.0145594 	520.000000	0.0144416 	520.000000	0.0143676 	520.000000	0.0144422 	520.000000	0.0145563 	520.000000	3.15229e-06	
540.000000	0.0145456 	540.000000	0.0143436 	540.000000	0.0142305 	540.000000	0.0141563 	540.000000	0.0142303 	540.000000	0.0143405 	540.000000	3.04412e-06	
560.000000	0.0143299 	560.000000	0.0141441 	560.000000	0.0140349 	560.000000	0.0139611 	560.000000	0.0140346 	560.000000	0.0141411 	560.000000	2.94338e-06	
580.000000	0.0141296 	580.000000	0.0139592 	580.000000	0.013853  	580.000000	0.0137805 	580.000000	0.0138534 	580.000000	0.0139563 	580.000000	2.84932e-06	
600.000000	0.0139434 	600.000000	0.0137875 	600.000000	0.0136848 	600.000000	0.013613  	600.000000	0.0136854 	600.000000	0.0137848 	600.000000	2.76128e-06	
620.000000	0.0137699 	620.000000	0.0136278 	620.000000	0.0135292 	620.000000	0.0134574 	620.000000	0.0135292 	620.000000	0.0136252 	620.000000	2.6787e-06	
640.000000	0.0136079 	640.000000	0.0134791 	640.000000	0.0133843 	640.000000	0.0133124 	640.000000	0.0133838 	640.000000	0.0134764 	640.000000	2.60108e-06	
660.000000	0.0134565 	660.000000	0.0133402 	660.000000	0.0132487 	660.000000	0.0131772 	660.000000	0.0132482 	660.000000	0.0133377 	660.000000	2.52799e-06	
680.000000	0.0133149 	680.000000	0.0132104 	680.000000	0.0131215 	680.000000	0.0130509 	680.000000	0.0131215 	680.000000	0.0132079 	680.000000	2.45903e-06	
700.000000	0.0131821 	700.000000	0.0130889 	700.000000	0.0130025 	700.000000	0.0129328 	700.000000	0.013003  	700.000000	0.0130865 	700.000000	2.39386e-06	
720.000000	0.0130575 	720.000000	0.0129751 	720.000000	0.0128916 	720.000000	0.0128221 	720.000000	0.0128919 	720.000000	0.0129728 	720.000000	2.33217e-06	
740.000000	0.0129405 	740.000000	0.0128683 	740.000000	0.0127887 	740.000000	0.0127191 	740.000000	0.0127885 	740.000000	0.012866  	740.000000	2.27368e-06	
760.000000	0.0128306 	760.000000	0.012768  	760.000000	0.0126939 	760.000000	0.0126242 	760.000000	0.0126934 	760.000000	0.0127658 	760.000000	2.21816e-06	
780.000000	0.0127271 	780.000000	0.0126737 	780.000000	0.0126045 	780.000000	0.012535  	780.000000	0.0126038 	780.000000	0.0126715 	780.000000	2.16537e-06	
800.000000	0.0126297 	800.000000	0.012585  	800.000000	0.0125199 	800.000000	0.012451  	800.000000	0.0125195 	800.000000	0.0125828 	800.000000	2.11512e-06	
820.000000	0.0125379 	820.000000	0.0125014 	820.000000	0.01244   	820.000000	0.0123718 	820.000000	0.0124401 	820.000000	0.0124993 	820.000000	2.06723e-06	
840.000000	0.0124513 	840.000000	0.0124227 	840.000000	0.0123649 	840.000000	0.0122972 	840.000000	0.0123651 	840.000000	0.0124206 	840.000000	2.02154e-06	
860.000000	0.0123696 	860.000000	0.0123484 	860.000000	0.0122943 	860.000000	0.0122266 	860.000000	0.0122943 	860.000000	0.0123464 	860.000000	1.97789e-06	
880.000000	0.0122926 	880.000000	0.0122783 	880.000000	0.0122277 	880.000000	0.01216   	880.000000	0.0122274 	880.000000	0.0122764 	880.000000	1.93614e-06	
900.000000	0.0122198 	900.000000	0.0122121 	900.000000	0.0121645 	900.000000	0.012097  	900.000000	0.0121642 	900.000000	0.0122103 	900.000000	1.89618e-06	
920.000000	0.012151  	920.000000	0.0121496 	920.000000	0.0121043 	920.000000	0.0120374 	920.000000	0.0121043 	920.000000	0.0121478 	920.000000	1.8579e-06	
940.000000	0.012086  	940.000000	0.0120906 	940.000000	0.0120473 	940.000000	0.0119809 	940.000000	0.0120476 	940.000000	0.0120888 	940.000000	1.82118e-06	
960.000000	0.0120246 	960.000000	0.0120347 	960.000000	0.0119933 	960.000000	0.0119273 	960.000000	0.0119938 	960.000000	0.0120329 	960.000000	1.78593e-06	
980.000000	0.0119666 	980.000000	0.0119819 	980.000000	0.0119424 	980.000000	0.0118766 	980.000000	0.0119429 	980.000000	0.0119802 	980.000000	1.75207e-06	
1000.000000	0.0119117 	1000.000000	0.011932  	1000.000000	0.0118942 	1000.000000	0.0118284 	1000.000000	0.0118945 	1000.000000	0.0119302 	1000.000000	1.71951e-06	
1020.000000	0.0118598 	1020.000000	0.0118847 	1020.000000	0.0118485 	1020.000000	0.0117827 	1020.000000	0.0118486 	1020.000000	0.011883  	1020.000000	1.68817e-06	
1040.000000	0.0118108 	1040.000000	0.01184   	1040.000000	0.0118052 	1040.000000	0.0117393 	1040.000000	0.011805  	1040.000000	0.0118383 	1040.000000	1.658e-06 	
1060.000000	0.0117644 	1060.000000	0.0117976 	1060.000000	0.011764  	1060.000000	0.0116981 	1060.000000	0.0117636 	1060.000000	0.011796  	1060.000000	1.62893e-06	
1080.000000	0.0117206 	1080.000000	0.0117576 	1080.000000	0.0117247 	1080.000000	0.0116588 	1080.000000	0.0117242 	1080.000000	0.011756  	1080.000000	1.60089e-06	
1100.000000	0.0116792 	1100.000000	0.0117197 	1100.000000	0.0116873 	1100.000000	0.0116215 	1100.000000	0.0116867 	1100.000000	0.0117181 	1100.000000	1.57383e-06	
1120.000000	0.0116401 	1120.000000	0.0116838 	1120.000000	0.0116516 	1120.000000	0.0115861 	1120.000000	0.0116511 	1120.000000	0.0116822 	1120.000000	1.5477e-06	
1140.000000	0.0116031 	1140.000000	0.0116498 	1140.000000	0.0116174 	1140.000000	0.0115523 	1140.000000	0.0116172 	1140.000000	0.0116483 	1140.000000	1.52245e-06	
1160.000000	0.0115683 	1160.000000	0.0116177 	1160.000000	0.0115849 	1160.000000	0.0115201 	1160.000000	0.0115849 	1160.000000	0.0116162 	1160.000000	1.49805e-06	
1180.000000	0.0115354 	1180.000000	0.0115873 	1180.000000	0.011554  	1180.000000	0.0114895 	1180.000000	0.0115541 	1180.000000	0.0115858 	1180.000000	1.47444e-06	
1200.000000	0.0115043 	1200.000000	0.0115586 	1200.000000	0.0115246 	1200.000000	0.0114604 	1200.000000	0.0115248 	1200.000000	0.0115571 	1200.000000	1.45158e-06	
1220.000000	0.0114751 	1220.000000	0.0115314 	1220.000000	0.0114967 	1220.000000	0.0114326 	1220.000000	0.0114969 	1220.000000	0.01153   	1220.000000	1.42945e-06	
1240.000000	0.0114476 	1240.000000	0.0115057 	1240.000000	0.0114701 	1240.000000	0.0114061 	1240.000000	0.0114703 	1240.000000	0.0115043 	1240.000000	1.408e-06 	
1260.000000	0.0114218 	1260.000000	0.0114815 	1260.000000	0.0114449 	1260.000000	0.0113808 	1260.000000	0.0114449 	1260.000000	0.0114801 	1260.000000	1.38721e-06	
1280.000000	0.0113975 	1280.000000	0.0114586 	1280.000000	0.0114208 	1280.000000	0.0113568 	1280.000000	0.0114207 	1280.000000	0.0114573 	1280.000000	1.36705e-06	
1300.000000	0.0113747 	1300.000000	0.0114371 	1300.000000	0.0113979 	1300.000000	0.0113338 	1300.000000	0.0113977 	1300.000000	0.0114357 	1300.000000	1.34748e-06	
1320.000000	0.0113533 	1320.000000	0.0114168 	1320.000000	0.0113759 	1320.000000	0.0113119 	1320.000000	0.0113757 	1320.000000	0.0114154 	1320.000000	1.32849e-06	
1340.000000	0.0113333 	1340.000000	0.0113976 	1340.000000	0.0113548 	1340.000000	0.0112911 	1340.000000	0.0113547 	1340.000000	0.0113963 	1340.000000	1.31004e-06	
1360.000000	0.0113146 	1360.000000	0.0113796 	1360.000000	0.0113347 	1360.000000	0.0112711 	1360.000000	0.0113347 	1360.000000	0.0113783 	1360.000000	1.29211e-06	
1380.000000	0.0112972 	1380.000000	0.0113627 	1380.000000	0.0113154 	1380.000000	0.0112522 	1380.000000	0.0113156 	1380.000000	0.0113615 	1380.000000	1.27468e-06	
1400.000000	0.011281  	1400.000000	0.0113469 	1400.000000	0.0112971 	1400.000000	0.011234  	1400.000000	0.0112973 	1400.000000	0.0113456 	1400.000000	1.25774e-06	
1420.000000	0.011266  	1420.000000	0.011332  	1420.000000	0.0112796 	1420.000000	0.0112168 	1420.000000	0.01128   	1420.000000	0.0113308 	1420.000000	1.24125e-06	
1440.000000	0.0112521 	1440.000000	0.0113181 	1440.000000	0.0112629 	1440.000000	0.0112003 	1440.000000	0.0112634 	1440.000000	0.0113169 	1440.000000	1.2252e-06	
1460.000000	0.0112393 	1460.000000	0.0113051 	1460.000000	0.011247  	1460.000000	0.0111845 	1460.000000	0.0112476 	1460.000000	0.0113039 	1460.000000	1.20958e-06	
1480.000000	0.0112275 	1480.000000	0.011293  	1480.000000	0.0112319 	1480.000000	0.0111695 	1480.000000	0.0112325 	1480.000000	0.0112918 	1480.000000	1.19436e-06	
1500.000000	0.0112168 	1500.000000	0.0112817 	1500.000000	0.0112176 	1500.000000	0.0111552 	1500.000000	0.0112181 	1500.000000	0.0112806 	1500.000000	1.17954e-06	
1520.000000	0.0112069 	1520.000000	0.0112713 	1520.000000	0.0112039 	1520.000000	0.0111416 	1520.000000	0.0112043 	1520.000000	0.0112701 	1520.000000	1.16509e-06	
1540.000000	0.0111981 	1540.000000	0.0112616 	1540.000000	0.0111909 	1540.000000	0.0111286 	1540.000000	0.0111913 	1540.000000	0.0112605 	1540.000000	1.151e-06 	
1560.000000	0.0111901 	1560.000000	0.0112527 	1560.000000	0.0111785 	1560.000000	0.0111162 	1560.000000	0.0111788 	1560.000000	0.0112516 	1560.000000	1.13726e-06	
1580.000000	0.011183  	1580.000000	0.0112446 	1580.000000	0.0111667 	1580.000000	0.0111044 	1580.000000	0.0111669 	1580.000000	0.0112434 	1580.000000	1.12385e-06	
1600.000000	0.0111767 	1600.000000	0.0112371 	1600.000000	0.0111555 	1600.000000	0.0110931 	1600.000000	0.0111556 	1600.000000	0.011236  	1600.000000	1.11077e-06	
1620.000000	0.0111712 	1620.000000	0.0112303 	1620.000000	0.0111448 	1620.000000	0.0110824 	1620.000000	0.0111447 	1620.000000	0.0112292 	1620.000000	1.098e-06 	
1640.000000	0.0111665 	1640.000000	0.0112241 	1640.000000	0.0111346 	1640.000000	0.0110722 	1640.000000	0.0111345 	1640.000000	0.011223  	1640.000000	1.08553e-06	
1660.000000	0.0111626 	1660.000000	0.0112186 	1660.000000	0.0111249 	1660.000000	0.0110624 	1660.000000	0.0111247 	1660.000000	0.0112175 	1660.000000	1.07334e-06	
1680.000000	0.0111594 	1680.000000	0.0112136 	1680.000000	0.0111156 	1680.000000	0.0110532 	1680.000000	0.0111153 	1680.000000	0.0112126 	1680.000000	1.06144e-06	
1700.000000	0.0111569 	1700.000000	0.0112093 	1700.000000	0.0111068 	1700.000000	0.0110444 	1700.000000	0.0111065 	1700.000000	0.0112082 	1700.000000	1.04981e-06	
1750.000000	0.0111536 	1750.000000	0.0112008 	1750.000000	0.0110866 	1750.000000	0.0110242 	1750.000000	0.0110862 	1750.000000	0.0111998 	1750.000000	1.02185e-06	
1800.000000	0.0111543 	1800.000000	0.0111956 	1800.000000	0.0110687 	1800.000000	0.0110065 	1800.000000	0.0110683 	1800.000000	0.0111946 	1800.000000	9.95387e-07	
1850.000000	0.0111586 	1850.000000	0.0111934 	1850.000000	0.011053  	1850.000000	0.0109911 	1850.000000	0.0110527 	1850.000000	0.0111924 	1850.000000	9.70304e-07	
1900.000000	0.0111664 	1900.000000	0.0111938 	1900.000000	0.0110392 	1900.000000	0.0109776 	1900.000000	0.0110391 	1900.000000	0.0111929 	1900.000000	9.46493e-07	
1950.000000	0.0111773 	1950.000000	0.0111968 	1950.000000	0.0110273 	1950.000000	0.010966  	1950.000000	0.0110273 	1950.000000	0.0111959 	1950.000000	9.2386e-07	
2000.000000	0.0111911 	2000.000000	0.0112022 	2000.000000	0.011017  	2000.000000	0.010956  	2000.000000	0.0110172 	2000.000000	0.0112013 	2000.000000	9.02318e-07	
2100.000000	0.011227  	2100.000000	0.0112192 	2100.000000	0.0110013 	2100.000000	0.0109405 	2100.000000	0.0110015 	2100.000000	0.0112183 	2100.000000	8.62204e-07	
2200.000000	0.0112725 	2200.000000	0.0112437 	2200.000000	0.0109908 	2200.000000	0.01093   	2200.000000	0.0109909 	2200.000000	0.0112429 	2200.000000	8.2561e-07	
2300.000000	0.0113267 	2300.000000	0.0112747 	2300.000000	0.0109846 	2300.000000	0.0109238 	2300.000000	0.0109845 	2300.000000	0.0112739 	2300.000000	7.92088e-07	
2400.000000	0.0113885 	2400.000000	0.0113115 	2400.000000	0.0109819 	2400.000000	0.0109212 	2400.000000	0.0109817 	2400.000000	0.0113107 	2400.000000	7.61262e-07	
2500.000000	0.0114572 	2500.000000	0.0113532 	2500.000000	0.0109821 	2500.000000	0.0109216 	2500.000000	0.0109819 	2500.000000	0.0113525 	2500.000000	7.32817e-07	
2600.000000	0.011532  	2600.000000	0.0113994 	2600.000000	0.0109847 	2600.000000	0.0109246 	2600.000000	0.0109848 	2600.000000	0.0113987 	2600.000000	7.06485e-07	
2700.000000	0.0116125 	2700.000000	0.0114495 	2700.000000	0.0109896 	2700.000000	0.0109297 	2700.000000	0.0109898 	2700.000000	0.0114488 	2700.000000	6.82035e-07	
2800.000000	0.0116981 	2800.000000	0.0115031 	2800.000000	0.0109963 	2800.000000	0.0109367 	2800.000000	0.0109967 	2800.000000	0.0115025 	2800.000000	6.59272e-07	
2900.000000	0.0117884 	2900.000000	0.0115599 	2900.000000	0.0110047 	2900.000000	0.0109452 	2900.000000	0.0110051 	2900.000000	0.0115593 	2900.000000	6.38025e-07	
3000.000000	0.0118829 	3000.000000	0.0116195 	3000.000000	0.0110145 	3000.000000	0.0109551 	3000.000000	0.0110149 	3000.000000	0.0116189 	3000.000000	6.18145e-07	
3200.000000	0.0120836 	3200.000000	0.011746  	3200.000000	0.0110375 	3200.000000	0.0109781 	3200.000000	0.0110377 	3200.000000	0.0117454 	3200.000000	5.81988e-07	
3400.000000	0.012298  	3400.000000	0.0118809 	3400.000000	0.0110639 	3400.000000	0.0110045 	3400.000000	0.0110639 	3400.000000	0.0118804 	3400.000000	5.49943e-07	
3600.000000	0.0125244 	3600.000000	0.0120227 	3600.000000	0.0110926 	3600.000000	0.0110332 	3600.000000	0.0110925 	3600.000000	0.0120222 	3600.000000	5.21341e-07	
3800.000000	0.0127614 	3800.000000	0.0121703 	3800.000000	0.0111229 	3800.000000	0.0110636 	3800.000000	0.0111227 	3800.000000	0.0121698 	3800.000000	4.9565e-07	
4000.000000	0.0130078 	4000.000000	0.0123227 	4000.000000	0.0111543 	4000.000000	0.0110951 	4000.000000	0.0111541 	4000.000000	0.0123222 	4000.000000	4.72442e-07	
4200.000000	0.0132628 	4200.000000	0.0124793 	4200.000000	0.0111864 	4200.000000	0.0111274 	4200.000000	0.0111863 	4200.000000	0.0124788 	4200.000000	4.51372e-07	
4400.000000	0.0135256 	4400.000000	0.0126394 	4400.000000	0.0112189 	4400.000000	0.0111601 	4400.000000	0.0112189 	4400.000000	0.012639  	4400.000000	4.32153e-07	
4600.000000	0.0137956 	4600.000000	0.0128025 	4600.000000	0.0112517 	4600.000000	0.011193  	4600.000000	0.0112517 	4600.000000	0.0128021 	4600.000000	4.14551e-07	
4800.000000	0.0140723 	4800.000000	0.0129683 	4800.000000	0.0112845 	4800.000000	0.0112259 	4800.000000	0.0112846 	4800.000000	0.0129679 	4800.000000	3.98367e-07	
5000.000000	0.0143553 	5000.000000	0.0131363 	5000.000000	0.0113172 	5000.000000	0.0112587 	5000.000000	0.0113173 	5000.000000	0.013136  	5000.000000	3.83435e-07	
5250.000000	0.0147172 	5250.000000	0.0133492 	5250.000000	0.0113577 	5250.000000	0.0112994 	5250.000000	0.0113579 	5250.000000	0.0133488 	5250.000000	3.66317e-07	
5500.000000	0.0150876 	5500.000000	0.0135646 	5500.000000	0.0113978 	5500.000000	0.0113396 	5500.000000	0.011398  	5500.000000	0.0135643 	5500.000000	3.50705e-07	
6000.000000	0.0158521 	6000.000000	0.014002  	6000.000000	0.0114762 	6000.000000	0.0114182 	6000.000000	0.0114764 	6000.000000	0.0140016 	6000.000000	3.23261e-07	
6500.000000	0.0166457 	6500.000000	0.0144459 	6500.000000	0.0115517 	6500.000000	0.0114938 	6500.000000	0.0115519 	6500.000000	0.0144456 	6500.000000	2.99907e-07	
7000.000000	0.0174661 	7000.000000	0.0148948 	7000.000000	0.0116242 	7000.000000	0.0115664 	7000.000000	0.0116243 	7000.000000	0.0148946 	7000.000000	2.79786e-07	
7500.000000	0.0183115 	7500.000000	0.0153475 	7500.000000	0.0116936 	7500.000000	0.0116359 	7500.000000	0.0116937 	7500.000000	0.0153472 	7500.000000	2.62263e-07	
8000.000000	0.0191806 	8000.000000	0.0158029 	8000.000000	0.01176   	8000.000000	0.0117024 	8000.000000	0.0117601 	8000.000000	0.0158026 	8000.000000	2.46862e-07	
8500.000000	0.0200725 	8500.000000	0.0162604 	8500.000000	0.0118235 	8500.000000	0.011766  	8500.000000	0.0118235 	8500.000000	0.0162602 	8500.000000	2.33217e-07	
9000.000000	0.0209864 	9000.000000	0.0167195 	9000.000000	0.0118842 	9000.000000	0.0118269 	9000.000000	0.0118842 	9000.000000	0.0167193 	9000.000000	2.21041e-07	
9500.000000	0.0219216 	9500.000000	0.0171799 	9500.000000	0.0119423 	9500.000000	0.0118851 	9500.000000	0.0119423 	9500.000000	0.0171796 	9500.000000	2.10106e-07	
10000.000000	0.0228778 	10000.000000	0.0176411 	10000.000000	0.011998  	10000.000000	0.011941  	10000.000000	0.011998  	10000.000000	0.0176409 	10000.000000	2.00231e-07	
11000.000000	0.0248514 	11000.000000	0.0185652 	11000.000000	0.0121029 	11000.000000	0.0120459 	11000.000000	0.0121026 	11000.000000	0.018565  	11000.000000	1.83092e-07	
12000.000000	0.0269049 	12000.000000	0.0194904 	12000.000000	0.0121996 	12000.000000	0.0121428 	12000.000000	0.0121992 	12000.000000	0.0194903 	12000.000000	1.68725e-07	
13000.000000	0.0290367 	13000.000000	0.0204159 	13000.000000	0.0122891 	13000.000000	0.0122327 	13000.000000	0.0122888 	13000.000000	0.0204158 	13000.000000	1.56502e-07	
14000.000000	0.0312457 	14000.000000	0.021341  	14000.000000	0.0123721 	14000.000000	0.0123164 	14000.000000	0.0123721 	14000.000000	0.0213409 	14000.000000	1.45974e-07	
15000.000000	0.0335313 	15000.000000	0.0222653 	15000.000000	0.0124496 	15000.000000	0.0123946 	15000.000000	0.0124499 	15000.000000	0.0222651 	15000.000000	1.36807e-07	
16000.000000	0.0358931 	16000.000000	0.0231885 	16000.000000	0.0125224 	16000.000000	0.0124679 	16000.000000	0.0125228 	16000.000000	0.0231883 	16000.000000	1.28752e-07	
17000.000000	0.0383307 	17000.000000	0.0241104 	17000.000000	0.0125908 	17000.000000	0.0125369 	17000.000000	0.0125914 	17000.000000	0.0241103 	17000.000000	1.21616e-07	
18000.000000	0.0408441 	18000.000000	0.0250309 	18000.000000	0.0126555 	18000.000000	0.012602  	18000.000000	0.012656  	18000.000000	0.0250308 	18000.000000	1.1525e-07	
19000.000000	0.0434333 	19000.000000	0.02595   	19000.000000	0.0127169 	19000.000000	0.0126635 	19000.000000	0.0127171 	19000.000000	0.0259499 	19000.000000	1.09534e-07	
20000.000000	0.0460982 	20000.000000	0.0268676 	20000.000000	0.0127751 	20000.000000	0.0127219 	20000.000000	0.012775  	20000.000000	0.0268675 	20000.000000	1.04372e-07	
21000.000000	0.0488389 	21000.000000	0.0277837 	21000.000000	0.0128303 	21000.000000	0.0127774 	21000.000000	0.0128299 	21000.000000	0.0277836 	21000.000000	9.96871e-08	
22000.000000	0.0516557 	22000.000000	0.0286982 	22000.000000	0.0128824 	22000.000000	0.0128303 	22000.000000	0.0128823 	22000.000000	0.0286981 	22000.000000	9.54156e-08	
23000.000000	0.0545488 	23000.000000	0.0296112 	23000.000000	0.0129322 	23000.000000	0.0128807 	23000.000000	0.0129322 	23000.000000	0.0296111 	23000.000000	9.15044e-08	
24000.000000	0.0575183 	24000.000000	0.0305227 	24000.000000	0.0129798 	24000.000000	0.012929  	24000.000000	0.0129798 	24000.000000	0.0305226 	24000.000000	8.79096e-08	
25000.000000	0.0605645 	25000.000000	0.0314327 	25000.000000	0.0130253 	25000.000000	0.0129752 	25000.000000	0.0130254 	25000.000000	0.0314326 	25000.000000	8.45937e-08	
26000.000000	0.0636877 	26000.000000	0.0323413 	26000.000000	0.013069  	26000.000000	0.0130195 	26000.000000	0.0130691 	26000.000000	0.0323412 	26000.000000	8.15254e-08	
27000.000000	0.0668882 	27000.000000	0.0332484 	27000.000000	0.0131111 	27000.000000	0.0130621 	27000.000000	0.0131111 	27000.000000	0.0332483 	27000.000000	7.86776e-08	
28000.000000	0.0701664 	28000.000000	0.0341541 	28000.000000	0.0131516 	28000.000000	0.0131031 	28000.000000	0.0131514 	28000.000000	0.034154  	28000.000000	7.60272e-08	
29000.000000	0.0735225 	29000.000000	0.0350584 	29000.000000	0.0131905 	29000.000000	0.0131426 	29000.000000	0.0131901 	29000.000000	0.0350583 	29000.000000	7.35542e-08	
30000.000000	0.0769569 	30000.000000	0.0359614 	30000.000000	0.0132279 	30000.000000	0.0131807 	30000.000000	0.0132275 	30000.000000	0.0359613 	30000.000000	7.12412e-08	
32000.000000	0.0840621 	32000.000000	0.0377633 	32000.000000	0.0132986 	32000.000000	0.013253  	32000.000000	0.0132983 	32000.000000	0.0377633 	32000.000000	6.70363e-08	
34000.000000	0.0914849 	34000.000000	0.0395602 	34000.000000	0.0133645 	34000.000000	0.0133207 	34000.000000	0.0133644 	34000.000000	0.0395602 	34000.000000	6.3312e-08	
36000.000000	0.0992284 	36000.000000	0.0413523 	36000.000000	0.0134263 	36000.000000	0.0133844 	36000.000000	0.0134263 	36000.000000	0.0413522 	36000.000000	5.99897e-08	
38000.000000	0.107296  	38000.000000	0.0431397 	38000.000000	0.0134846 	38000.000000	0.0134444 	38000.000000	0.0134845 	38000.000000	0.0431397 	38000.000000	5.70071e-08	
40000.000000	0.115691  	40000.000000	0.0449227 	40000.000000	0.0135395 	40000.000000	0.0135011 	40000.000000	0.0135394 	40000.000000	0.0449227 	40000.000000	5.43142e-08	
42000.000000	0.124416  	42000.000000	0.0467015 	42000.000000	0.0135915 	42000.000000	0.0135549 	42000.000000	0.0135912 	42000.000000	0.0467014 	42000.000000	5.18705e-08	
44000.000000	0.133475  	44000.000000	0.0484762 	44000.000000	0.0136406 	44000.000000	0.0136061 	44000.000000	0.0136404 	44000.000000	0.0484761 	44000.000000	4.96426e-08	
46000.000000	0.142872  	46000.000000	0.050247  	46000.000000	0.0136873 	46000.000000	0.0136549 	46000.000000	0.013687  	46000.000000	0.0502469 	46000.000000	4.76029e-08	
48000.000000	0.15261   	48000.000000	0.052014  	48000.000000	0.0137316 	48000.000000	0.0137014 	48000.000000	0.0137313 	48000.000000	0.052014  	48000.000000	4.57283e-08	
50000.000000	0.162692  	50000.000000	0.0537775 	50000.000000	0.0137739 	50000.000000	0.013746  	50000.000000	0.0137735 	50000.000000	0.0537774 	50000.000000	4.39995e-08	
