*Energy (MeV/u)1	0 - [He-base] F.Hubert et al, AD&ND Tables 46(1990)1	Energy (MeV/u)2	1 - [H -base] J.F.Ziegler et al, Pergamon Press, NY (low energy)	Energy (MeV/u)3	2 - ATIMA 1.2  LS-theory (recommended for high energy)	Energy (MeV/u)4	3 - ATIMA 1.2  without LS-correction	Energy (MeV/u)5	4 - electrical component of [1] - J.F.Ziegler et al	Energy (MeV/u)6	5 - nuclear component of [1] - J.F.Ziegler et al	
0.001000	1.02584e-05	0.001000	1.07155e-05	0.001000	1.08951e-05	0.001000	1.08951e-05	0.001000	3.08813e-06	0.001000	7.6274e-06	
0.002000	1.0418e-05	0.002000	9.77393e-06	0.002000	1.03902e-05	0.002000	1.03902e-05	0.002000	4.00481e-06	0.002000	5.76912e-06	
0.005000	1.13762e-05	0.005000	9.18217e-06	0.005000	1.08417e-05	0.005000	1.08417e-05	0.005000	5.64689e-06	0.005000	3.53528e-06	
0.008000	1.24062e-05	0.008000	9.37192e-06	0.008000	1.18786e-05	0.008000	1.18786e-05	0.008000	6.73526e-06	0.008000	2.63666e-06	
0.010000	1.30504e-05	0.010000	9.59867e-06	0.010000	1.26084e-05	0.010000	1.26084e-05	0.010000	7.32311e-06	0.010000	2.27556e-06	
0.015000	1.53752e-05	0.015000	1.02472e-05	0.015000	1.43765e-05	0.015000	1.43765e-05	0.015000	8.5257e-06	0.015000	1.72151e-06	
0.020000	1.76257e-05	0.020000	1.08856e-05	0.020000	1.60014e-05	0.020000	1.60014e-05	0.020000	9.4969e-06	0.020000	1.38867e-06	
0.025000	2.01999e-05	0.025000	1.16061e-05	0.025000	1.75243e-05	0.025000	1.75243e-05	0.025000	1.04269e-05	0.025000	1.17919e-06	
0.030000	2.25607e-05	0.030000	1.44615e-05	0.030000	1.94477e-05	0.030000	1.94477e-05	0.030000	1.34323e-05	0.030000	1.02913e-06	
0.035000	2.46591e-05	0.035000	1.73778e-05	0.035000	2.13624e-05	0.035000	2.13624e-05	0.035000	1.6462e-05	0.035000	9.15793e-07	
0.040000	2.64627e-05	0.040000	2.02072e-05	0.040000	2.32591e-05	0.040000	2.32591e-05	0.040000	1.93803e-05	0.040000	8.26846e-07	
0.045000	2.79379e-05	0.045000	2.29079e-05	0.045000	2.5131e-05	0.045000	2.5131e-05	0.045000	2.21529e-05	0.045000	7.54989e-07	
0.050000	2.88495e-05	0.050000	2.54772e-05	0.050000	2.69723e-05	0.050000	2.69723e-05	0.050000	2.47816e-05	0.050000	6.95604e-07	
0.055000	3.03938e-05	0.055000	2.79288e-05	0.055000	2.87782e-05	0.055000	2.87782e-05	0.055000	2.72832e-05	0.055000	6.45619e-07	
0.060000	3.17603e-05	0.060000	3.0042e-05	0.060000	3.05447e-05	0.060000	3.05447e-05	0.060000	2.94391e-05	0.060000	6.02907e-07	
0.070000	3.39915e-05	0.070000	3.37617e-05	0.070000	3.39461e-05	0.070000	3.39461e-05	0.070000	3.32281e-05	0.070000	5.33617e-07	
0.080000	3.63545e-05	0.080000	3.72134e-05	0.080000	3.71555e-05	0.080000	3.71555e-05	0.080000	3.67337e-05	0.080000	4.79679e-07	
0.090000	3.82944e-05	0.090000	4.04146e-05	0.090000	4.0159e-05	0.090000	4.0159e-05	0.090000	3.99782e-05	0.090000	4.36389e-07	
0.100000	3.9807e-05	0.100000	4.33679e-05	0.100000	4.29491e-05	0.100000	4.29491e-05	0.100000	4.29671e-05	0.100000	4.00807e-07	
0.120000	4.08321e-05	0.120000	4.807e-05 	0.120000	4.78838e-05	0.120000	4.78838e-05	0.120000	4.77244e-05	0.120000	3.45624e-07	
0.140000	4.15229e-05	0.140000	5.16811e-05	0.140000	5.1986e-05	0.140000	5.1986e-05	0.140000	5.13764e-05	0.140000	3.04669e-07	
0.160000	4.2146e-05	0.160000	5.47024e-05	0.160000	5.53241e-05	0.160000	5.53241e-05	0.160000	5.44295e-05	0.160000	2.72967e-07	
0.180000	4.28116e-05	0.180000	5.72247e-05	0.180000	5.79876e-05	0.180000	5.79876e-05	0.180000	5.6977e-05	0.180000	2.47641e-07	
0.200000	4.38625e-05	0.200000	5.95288e-05	0.200000	6.00724e-05	0.200000	6.00724e-05	0.200000	5.93019e-05	0.200000	2.26906e-07	
0.250000	4.5035e-05	0.250000	6.43242e-05	0.250000	6.33445e-05	0.250000	6.33445e-05	0.250000	6.41359e-05	0.250000	1.8835e-07	
0.300000	4.60792e-05	0.300000	6.71985e-05	0.300000	6.47598e-05	0.300000	6.47598e-05	0.300000	6.70369e-05	0.300000	1.61606e-07	
0.350000	4.72071e-05	0.350000	6.91417e-05	0.350000	6.51201e-05	0.350000	6.51201e-05	0.350000	6.89998e-05	0.350000	1.41887e-07	
0.400000	4.81568e-05	0.400000	7.05023e-05	0.400000	6.51756e-05	0.400000	6.51756e-05	0.400000	7.03756e-05	0.400000	1.26704e-07	
0.450000	4.88167e-05	0.450000	7.1162e-05	0.450000	6.55938e-05	0.450000	6.55938e-05	0.450000	7.10474e-05	0.450000	1.14627e-07	
0.500000	4.9238e-05	0.500000	7.13421e-05	0.500000	6.5617e-05	0.500000	6.5617e-05	0.500000	7.12373e-05	0.500000	1.04776e-07	
0.600000	4.80844e-05	0.600000	7.10674e-05	0.600000	6.50116e-05	0.600000	6.50116e-05	0.600000	7.09778e-05	0.600000	8.96369e-08	
0.700000	4.64635e-05	0.700000	7.02716e-05	0.700000	6.39788e-05	0.700000	6.39788e-05	0.700000	7.0193e-05	0.700000	7.85156e-08	
0.800000	4.62731e-05	0.800000	6.90102e-05	0.800000	6.24134e-05	0.800000	6.24134e-05	0.800000	6.89402e-05	0.800000	6.99775e-08	
0.900000	4.58326e-05	0.900000	6.75045e-05	0.900000	6.08083e-05	0.900000	6.08083e-05	0.900000	6.74413e-05	0.900000	6.3203e-08	
1.000000	4.53084e-05	1.000000	6.599e-05 	1.000000	5.92666e-05	1.000000	5.92666e-05	1.000000	6.59323e-05	1.000000	5.76884e-08	
1.250000	4.35038e-05	1.250000	6.21577e-05	1.250000	5.56858e-05	1.250000	5.56858e-05	1.250000	6.21102e-05	1.250000	4.75158e-08	
1.500000	4.12216e-05	1.500000	5.79819e-05	1.500000	5.20403e-05	1.500000	5.20403e-05	1.500000	5.79413e-05	1.500000	4.0526e-08	
1.750000	3.90049e-05	1.750000	5.42081e-05	1.750000	4.89662e-05	1.750000	4.89662e-05	1.750000	5.41727e-05	1.750000	3.54101e-08	
2.000000	3.68969e-05	2.000000	5.07783e-05	2.000000	4.62901e-05	2.000000	4.62901e-05	2.000000	5.07468e-05	2.000000	3.14944e-08	
2.250000	3.5032e-05	2.250000	4.77583e-05	2.250000	4.39174e-05	2.250000	4.39174e-05	2.250000	4.77299e-05	2.250000	2.83953e-08	
2.500000	3.46585e-05	2.500000	4.50388e-05	2.500000	4.17893e-05	2.500000	4.17893e-05	2.500000	4.50129e-05	2.500000	2.58781e-08	
3.000000	3.14212e-05	3.000000	4.04073e-05	3.000000	3.81142e-05	3.000000	3.81142e-05	3.000000	4.03853e-05	3.000000	2.20298e-08	
3.500000	2.87489e-05	3.500000	3.66895e-05	3.500000	3.50433e-05	3.500000	3.50433e-05	3.500000	3.66703e-05	3.500000	1.92195e-08	
4.000000	2.65113e-05	4.000000	3.35899e-05	4.000000	3.24353e-05	4.000000	3.24353e-05	4.000000	3.35728e-05	4.000000	1.70723e-08	
4.500000	2.46119e-05	4.500000	3.0997e-05	4.500000	3.0192e-05	4.500000	3.0192e-05	4.500000	3.09816e-05	4.500000	1.53755e-08	
5.000000	2.29799e-05	5.000000	2.87933e-05	5.000000	2.82416e-05	5.000000	2.82416e-05	5.000000	2.87793e-05	5.000000	1.39991e-08	
5.500000	2.15625e-05	5.500000	2.68924e-05	5.500000	2.653e-05 	5.500000	2.653e-05 	5.500000	2.68795e-05	5.500000	1.2859e-08	
6.000000	2.03199e-05	6.000000	2.52329e-05	6.000000	2.50159e-05	6.000000	2.50159e-05	6.000000	2.5221e-05	6.000000	1.18983e-08	
6.500000	1.92213e-05	6.500000	2.37694e-05	6.500000	2.36668e-05	6.500000	2.36668e-05	6.500000	2.37583e-05	6.500000	1.10772e-08	
7.000000	1.82429e-05	7.000000	2.24683e-05	7.000000	2.24571e-05	7.000000	2.24571e-05	7.000000	2.2458e-05	7.000000	1.03669e-08	
7.500000	1.73657e-05	7.500000	2.13043e-05	7.500000	2.13663e-05	7.500000	2.13663e-05	7.500000	2.12945e-05	7.500000	9.74616e-09	
8.000000	1.65747e-05	8.000000	2.02562e-05	8.000000	2.03776e-05	8.000000	2.03776e-05	8.000000	2.0247e-05	8.000000	9.19872e-09	
8.500000	1.58575e-05	8.500000	1.93072e-05	8.500000	1.94773e-05	8.500000	1.94773e-05	8.500000	1.92985e-05	8.500000	8.71216e-09	
9.000000	1.52043e-05	9.000000	1.84438e-05	9.000000	1.8654e-05	9.000000	1.8654e-05	9.000000	1.84355e-05	9.000000	8.27671e-09	
9.500000	1.46066e-05	9.500000	1.76547e-05	9.500000	1.78982e-05	9.500000	1.78982e-05	9.500000	1.76468e-05	9.500000	7.88462e-09	
10.000000	1.40576e-05	10.000000	1.62263e-05	10.000000	1.7202e-05	10.000000	1.7202e-05	10.000000	1.62188e-05	10.000000	7.52961e-09	
11.000000	1.30835e-05	11.000000	1.52017e-05	11.000000	1.59364e-05	11.000000	1.59624e-05	11.000000	1.51948e-05	11.000000	6.91136e-09	
12.000000	1.22451e-05	12.000000	1.43011e-05	12.000000	1.48505e-05	12.000000	1.48945e-05	12.000000	1.42947e-05	12.000000	6.39086e-09	
13.000000	1.15157e-05	13.000000	1.3504e-05	13.000000	1.39096e-05	13.000000	1.39658e-05	13.000000	1.34981e-05	13.000000	5.94634e-09	
14.000000	1.0875e-05	14.000000	1.2794e-05	14.000000	1.30869e-05	14.000000	1.31516e-05	14.000000	1.27885e-05	14.000000	5.56208e-09	
15.000000	1.03075e-05	15.000000	1.21578e-05	15.000000	1.2362e-05	15.000000	1.24325e-05	15.000000	1.21526e-05	15.000000	5.22644e-09	
16.000000	9.80121e-06	16.000000	1.15847e-05	16.000000	1.17194e-05	16.000000	1.17934e-05	16.000000	1.15798e-05	16.000000	4.93064e-09	
17.000000	9.34661e-06	17.000000	1.10659e-05	17.000000	1.11464e-05	17.000000	1.12222e-05	17.000000	1.10612e-05	17.000000	4.66787e-09	
18.000000	8.93604e-06	18.000000	1.0594e-05	18.000000	1.06324e-05	18.000000	1.0709e-05	18.000000	1.05896e-05	18.000000	4.43283e-09	
19.000000	8.56332e-06	19.000000	1.01631e-05	19.000000	1.0169e-05	19.000000	1.02458e-05	19.000000	1.01589e-05	19.000000	4.22128e-09	
20.000000	8.22337e-06	20.000000	9.76802e-06	20.000000	9.74965e-06	20.000000	9.82611e-06	20.000000	9.76399e-06	20.000000	4.02983e-09	
21.000000	7.91198e-06	21.000000	9.40455e-06	21.000000	9.36869e-06	21.000000	9.44429e-06	21.000000	9.40069e-06	21.000000	3.8557e-09	
22.000000	7.62565e-06	22.000000	9.06904e-06	22.000000	9.02149e-06	22.000000	9.09579e-06	22.000000	9.06535e-06	22.000000	3.69661e-09	
23.000000	7.36143e-06	23.000000	8.75841e-06	23.000000	8.70405e-06	23.000000	8.7767e-06	23.000000	8.75486e-06	23.000000	3.55067e-09	
24.000000	7.11681e-06	24.000000	8.46998e-06	24.000000	8.41295e-06	24.000000	8.48372e-06	24.000000	8.46656e-06	24.000000	3.41628e-09	
25.000000	6.88965e-06	25.000000	8.20146e-06	25.000000	8.14528e-06	25.000000	8.214e-06 	25.000000	8.19817e-06	25.000000	3.29212e-09	
27.000000	6.48064e-06	27.000000	7.71645e-06	27.000000	7.67063e-06	27.000000	7.73491e-06	27.000000	7.71338e-06	27.000000	3.07005e-09	
29.000000	6.12249e-06	29.000000	7.29027e-06	29.000000	7.26385e-06	29.000000	7.32353e-06	29.000000	7.2874e-06	29.000000	2.87717e-09	
31.000000	5.80612e-06	31.000000	6.91282e-06	31.000000	6.89822e-06	31.000000	6.9507e-06	31.000000	6.91012e-06	31.000000	2.708e-09 	
33.000000	5.52453e-06	33.000000	6.57617e-06	33.000000	6.56082e-06	33.000000	6.60491e-06	33.000000	6.57361e-06	33.000000	2.55836e-09	
35.000000	5.27218e-06	35.000000	6.27402e-06	35.000000	6.25814e-06	35.000000	6.29549e-06	35.000000	6.27159e-06	35.000000	2.42503e-09	
38.000000	4.93912e-06	38.000000	5.87465e-06	38.000000	5.85902e-06	38.000000	5.88777e-06	38.000000	5.8724e-06	38.000000	2.25013e-09	
41.000000	4.65066e-06	41.000000	5.52839e-06	41.000000	5.51314e-06	41.000000	5.53537e-06	41.000000	5.52629e-06	41.000000	2.09965e-09	
44.000000	4.39828e-06	44.000000	5.22524e-06	44.000000	5.21077e-06	44.000000	5.22761e-06	44.000000	5.22328e-06	44.000000	1.96877e-09	
47.000000	4.17549e-06	47.000000	4.95758e-06	47.000000	4.94372e-06	47.000000	4.95643e-06	47.000000	4.95573e-06	47.000000	1.85383e-09	
50.000000	3.97731e-06	50.000000	4.71947e-06	50.000000	4.70632e-06	50.000000	4.7156e-06	50.000000	4.71772e-06	50.000000	1.75207e-09	
55.000000	3.69134e-06	55.000000	4.37603e-06	55.000000	4.36369e-06	55.000000	4.36886e-06	55.000000	4.37443e-06	55.000000	1.60604e-09	
60.000000	3.44948e-06	60.000000	4.08578e-06	60.000000	4.07488e-06	60.000000	4.07635e-06	60.000000	4.0843e-06	60.000000	1.48329e-09	
65.000000	3.24206e-06	65.000000	3.83716e-06	65.000000	3.82718e-06	65.000000	3.82614e-06	65.000000	3.83578e-06	65.000000	1.37861e-09	
70.000000	3.06211e-06	70.000000	3.62174e-06	70.000000	3.61231e-06	70.000000	3.60958e-06	70.000000	3.62045e-06	70.000000	1.28823e-09	
75.000000	2.9044e-06	75.000000	3.43322e-06	75.000000	3.42465e-06	75.000000	3.42025e-06	75.000000	3.43201e-06	75.000000	1.20939e-09	
80.000000	2.76498e-06	80.000000	3.26683e-06	80.000000	3.25876e-06	80.000000	3.25325e-06	80.000000	3.26569e-06	80.000000	1.13997e-09	
85.000000	2.64077e-06	85.000000	3.11884e-06	85.000000	3.11123e-06	85.000000	3.10483e-06	85.000000	3.11776e-06	85.000000	1.07837e-09	
90.000000	2.52937e-06	90.000000	2.98634e-06	90.000000	2.97918e-06	90.000000	2.97201e-06	90.000000	2.98532e-06	90.000000	1.02331e-09	
95.000000	2.42886e-06	95.000000	2.867e-06 	95.000000	2.86028e-06	95.000000	2.85245e-06	95.000000	2.86603e-06	95.000000	9.73806e-10	
100.000000	2.33767e-06	100.000000	2.75893e-06	100.000000	2.75263e-06	100.000000	2.74422e-06	100.000000	2.758e-06 	100.000000	9.29038e-10	
105.000000	2.25453e-06	105.000000	2.66059e-06	105.000000	2.65473e-06	105.000000	2.64579e-06	105.000000	2.65971e-06	105.000000	8.88352e-10	
110.000000	2.17842e-06	110.000000	2.57072e-06	110.000000	2.56499e-06	110.000000	2.55587e-06	110.000000	2.56987e-06	110.000000	8.51206e-10	
115.000000	2.10844e-06	115.000000	2.48826e-06	115.000000	2.48284e-06	115.000000	2.47339e-06	115.000000	2.48744e-06	115.000000	8.17153e-10	
120.000000	2.04387e-06	120.000000	2.41232e-06	120.000000	2.4072e-06	120.000000	2.39746e-06	120.000000	2.41153e-06	120.000000	7.85817e-10	
125.000000	1.98409e-06	125.000000	2.34215e-06	125.000000	2.33711e-06	125.000000	2.32733e-06	125.000000	2.34139e-06	125.000000	7.56881e-10	
130.000000	1.92857e-06	130.000000	2.27711e-06	130.000000	2.27224e-06	130.000000	2.26235e-06	130.000000	2.27638e-06	130.000000	7.30078e-10	
135.000000	1.87687e-06	135.000000	2.21666e-06	135.000000	2.21213e-06	135.000000	2.20198e-06	135.000000	2.21596e-06	135.000000	7.05176e-10	
140.000000	1.82859e-06	140.000000	2.16032e-06	140.000000	2.15604e-06	140.000000	2.14574e-06	140.000000	2.15964e-06	140.000000	6.81977e-10	
145.000000	1.78339e-06	145.000000	2.10769e-06	145.000000	2.10354e-06	145.000000	2.09321e-06	145.000000	2.10703e-06	145.000000	6.60311e-10	
150.000000	1.74099e-06	150.000000	2.05841e-06	150.000000	2.05442e-06	150.000000	2.04405e-06	150.000000	2.05777e-06	150.000000	6.40029e-10	
155.000000	1.68126e-06	155.000000	2.01217e-06	155.000000	2.00834e-06	155.000000	1.99793e-06	155.000000	2.01155e-06	155.000000	6.21001e-10	
160.000000	1.64626e-06	160.000000	1.96869e-06	160.000000	1.96503e-06	160.000000	1.95459e-06	160.000000	1.96809e-06	160.000000	6.03112e-10	
165.000000	1.61325e-06	165.000000	1.92774e-06	165.000000	1.92424e-06	165.000000	1.91378e-06	165.000000	1.92715e-06	165.000000	5.86262e-10	
170.000000	1.58206e-06	170.000000	1.88909e-06	170.000000	1.88576e-06	170.000000	1.87529e-06	170.000000	1.88852e-06	170.000000	5.70362e-10	
175.000000	1.55255e-06	175.000000	1.85256e-06	175.000000	1.84941e-06	175.000000	1.83891e-06	175.000000	1.852e-06 	175.000000	5.55332e-10	
180.000000	1.52459e-06	180.000000	1.81798e-06	180.000000	1.815e-06 	180.000000	1.8045e-06	180.000000	1.81744e-06	180.000000	5.41103e-10	
185.000000	1.49804e-06	185.000000	1.7852e-06	185.000000	1.78239e-06	185.000000	1.77188e-06	185.000000	1.78467e-06	185.000000	5.27611e-10	
190.000000	1.47281e-06	190.000000	1.75407e-06	190.000000	1.75144e-06	190.000000	1.74093e-06	190.000000	1.75356e-06	190.000000	5.148e-10 	
195.000000	1.44881e-06	195.000000	1.72449e-06	195.000000	1.72205e-06	195.000000	1.71151e-06	195.000000	1.72398e-06	195.000000	5.02619e-10	
200.000000	1.42593e-06	200.000000	1.69632e-06	200.000000	1.69407e-06	200.000000	1.68353e-06	200.000000	1.69583e-06	200.000000	4.91021e-10	
210.000000	1.38326e-06	210.000000	1.64389e-06	210.000000	1.64183e-06	210.000000	1.63145e-06	210.000000	1.64342e-06	210.000000	4.69416e-10	
220.000000	1.34426e-06	220.000000	1.59606e-06	220.000000	1.59433e-06	220.000000	1.584e-06 	220.000000	1.59561e-06	220.000000	4.49696e-10	
230.000000	1.30847e-06	230.000000	1.55226e-06	230.000000	1.55091e-06	230.000000	1.54058e-06	230.000000	1.55183e-06	230.000000	4.31622e-10	
240.000000	1.27551e-06	240.000000	1.51201e-06	240.000000	1.51105e-06	240.000000	1.50071e-06	240.000000	1.51159e-06	240.000000	4.14994e-10	
250.000000	1.24505e-06	250.000000	1.47489e-06	250.000000	1.4742e-06	250.000000	1.46397e-06	250.000000	1.47449e-06	250.000000	3.99643e-10	
260.000000	1.21682e-06	260.000000	1.44056e-06	260.000000	1.44015e-06	260.000000	1.43002e-06	260.000000	1.44017e-06	260.000000	3.85425e-10	
270.000000	1.19058e-06	270.000000	1.4087e-06	270.000000	1.4087e-06	270.000000	1.39856e-06	270.000000	1.40833e-06	270.000000	3.72219e-10	
280.000000	1.16613e-06	280.000000	1.37908e-06	280.000000	1.37944e-06	280.000000	1.36933e-06	280.000000	1.37872e-06	280.000000	3.59919e-10	
290.000000	1.1433e-06	290.000000	1.35146e-06	290.000000	1.35208e-06	290.000000	1.34209e-06	290.000000	1.35111e-06	290.000000	3.48433e-10	
300.000000	1.12192e-06	300.000000	1.32566e-06	300.000000	1.3266e-06	300.000000	1.31667e-06	300.000000	1.32532e-06	300.000000	3.37683e-10	
310.000000	1.10186e-06	310.000000	1.30149e-06	310.000000	1.30279e-06	310.000000	1.29288e-06	310.000000	1.30116e-06	310.000000	3.27599e-10	
320.000000	1.08301e-06	320.000000	1.27881e-06	320.000000	1.28038e-06	320.000000	1.27059e-06	320.000000	1.2785e-06	320.000000	3.1812e-10	
330.000000	1.06526e-06	330.000000	1.2575e-06	330.000000	1.25938e-06	330.000000	1.24965e-06	330.000000	1.25719e-06	330.000000	3.09193e-10	
340.000000	1.04852e-06	340.000000	1.23743e-06	340.000000	1.23969e-06	340.000000	1.22995e-06	340.000000	1.23713e-06	340.000000	3.0077e-10	
350.000000	1.03271e-06	350.000000	1.2185e-06	350.000000	1.22113e-06	350.000000	1.21139e-06	350.000000	1.21821e-06	350.000000	2.9281e-10	
360.000000	1.01775e-06	360.000000	1.20062e-06	360.000000	1.20355e-06	360.000000	1.19388e-06	360.000000	1.20034e-06	360.000000	2.85275e-10	
370.000000	1.00357e-06	370.000000	1.18371e-06	370.000000	1.1869e-06	370.000000	1.17733e-06	370.000000	1.18343e-06	370.000000	2.78131e-10	
380.000000	9.90121e-07	380.000000	1.16769e-06	380.000000	1.1712e-06	380.000000	1.16166e-06	380.000000	1.16742e-06	380.000000	2.71349e-10	
390.000000	9.77347e-07	390.000000	1.1525e-06	390.000000	1.15635e-06	390.000000	1.14682e-06	390.000000	1.15224e-06	390.000000	2.649e-10 	
400.000000	9.65199e-07	400.000000	1.13807e-06	400.000000	1.1422e-06	400.000000	1.13274e-06	400.000000	1.13782e-06	400.000000	2.58762e-10	
410.000000	9.53634e-07	410.000000	1.12436e-06	410.000000	1.12875e-06	410.000000	1.11937e-06	410.000000	1.12411e-06	410.000000	2.52911e-10	
420.000000	9.42612e-07	420.000000	1.11131e-06	420.000000	1.11598e-06	420.000000	1.10665e-06	420.000000	1.11106e-06	420.000000	2.47328e-10	
430.000000	9.32096e-07	430.000000	1.09887e-06	430.000000	1.10385e-06	430.000000	1.09455e-06	430.000000	1.09863e-06	430.000000	2.41995e-10	
440.000000	9.22055e-07	440.000000	1.08701e-06	440.000000	1.09229e-06	440.000000	1.08301e-06	440.000000	1.08678e-06	440.000000	2.36894e-10	
450.000000	9.12458e-07	450.000000	1.0757e-06	450.000000	1.08124e-06	450.000000	1.07201e-06	450.000000	1.07546e-06	450.000000	2.32012e-10	
460.000000	9.03277e-07	460.000000	1.06488e-06	460.000000	1.07067e-06	460.000000	1.06151e-06	460.000000	1.06466e-06	460.000000	2.27334e-10	
470.000000	8.94487e-07	470.000000	1.05455e-06	470.000000	1.06058e-06	470.000000	1.05148e-06	470.000000	1.05432e-06	470.000000	2.22847e-10	
480.000000	8.86066e-07	480.000000	1.04465e-06	480.000000	1.05095e-06	480.000000	1.04189e-06	480.000000	1.04443e-06	480.000000	2.18539e-10	
490.000000	8.77991e-07	490.000000	1.03518e-06	490.000000	1.04177e-06	490.000000	1.03272e-06	490.000000	1.03496e-06	490.000000	2.14401e-10	
500.000000	8.70243e-07	500.000000	1.0261e-06	500.000000	1.03297e-06	500.000000	1.02393e-06	500.000000	1.02589e-06	500.000000	2.10422e-10	
520.000000	8.55657e-07	520.000000	1.00903e-06	520.000000	1.01637e-06	520.000000	1.00743e-06	520.000000	1.00883e-06	520.000000	2.02906e-10	
540.000000	8.42175e-07	540.000000	9.93297e-07	540.000000	1.00112e-06	540.000000	9.92234e-07	540.000000	9.93101e-07	540.000000	1.95925e-10	
560.000000	8.29686e-07	560.000000	9.7875e-07	560.000000	9.87078e-07	560.000000	9.78209e-07	560.000000	9.78561e-07	560.000000	1.89424e-10	
580.000000	8.18093e-07	580.000000	9.65274e-07	580.000000	9.74019e-07	580.000000	9.65231e-07	580.000000	9.65091e-07	580.000000	1.83355e-10	
600.000000	8.0731e-07	600.000000	9.52765e-07	600.000000	9.61888e-07	600.000000	9.53197e-07	600.000000	9.52587e-07	600.000000	1.77675e-10	
620.000000	7.97263e-07	620.000000	9.4113e-07	620.000000	9.50644e-07	620.000000	9.42017e-07	620.000000	9.40958e-07	620.000000	1.72348e-10	
640.000000	7.87886e-07	640.000000	9.30291e-07	640.000000	9.40224e-07	640.000000	9.3161e-07	640.000000	9.30124e-07	640.000000	1.67342e-10	
660.000000	7.79122e-07	660.000000	9.20177e-07	660.000000	9.30496e-07	660.000000	9.21906e-07	660.000000	9.20014e-07	660.000000	1.62627e-10	
680.000000	7.70919e-07	680.000000	9.10726e-07	680.000000	9.21367e-07	680.000000	9.12844e-07	680.000000	9.10567e-07	680.000000	1.5818e-10	
700.000000	7.63233e-07	700.000000	9.01882e-07	700.000000	9.1284e-07	700.000000	9.04369e-07	700.000000	9.01728e-07	700.000000	1.53977e-10	
720.000000	7.56021e-07	720.000000	8.93595e-07	720.000000	9.0489e-07	720.000000	8.9643e-07	720.000000	8.93445e-07	720.000000	1.49999e-10	
740.000000	7.49248e-07	740.000000	8.85823e-07	740.000000	8.97433e-07	740.000000	8.88986e-07	740.000000	8.85677e-07	740.000000	1.46228e-10	
760.000000	7.42881e-07	760.000000	8.78525e-07	760.000000	8.90402e-07	760.000000	8.81996e-07	760.000000	8.78383e-07	760.000000	1.42649e-10	
780.000000	7.3689e-07	780.000000	8.71666e-07	780.000000	8.83774e-07	780.000000	8.75424e-07	780.000000	8.71527e-07	780.000000	1.39246e-10	
800.000000	7.31249e-07	800.000000	8.65214e-07	800.000000	8.77533e-07	800.000000	8.69241e-07	800.000000	8.65078e-07	800.000000	1.36006e-10	
820.000000	7.25934e-07	820.000000	8.59139e-07	820.000000	8.71662e-07	820.000000	8.63416e-07	820.000000	8.59006e-07	820.000000	1.3292e-10	
840.000000	7.20922e-07	840.000000	8.53416e-07	840.000000	8.66142e-07	840.000000	8.57923e-07	840.000000	8.53286e-07	840.000000	1.29974e-10	
860.000000	7.16194e-07	860.000000	8.4802e-07	860.000000	8.60949e-07	860.000000	8.52739e-07	860.000000	8.47893e-07	860.000000	1.27161e-10	
880.000000	7.11731e-07	880.000000	8.42929e-07	880.000000	8.56047e-07	880.000000	8.47843e-07	880.000000	8.42805e-07	880.000000	1.2447e-10	
900.000000	7.07516e-07	900.000000	8.38125e-07	900.000000	8.51403e-07	900.000000	8.43215e-07	900.000000	8.38003e-07	900.000000	1.21895e-10	
920.000000	7.03535e-07	920.000000	8.33587e-07	920.000000	8.46996e-07	920.000000	8.38837e-07	920.000000	8.33468e-07	920.000000	1.19428e-10	
940.000000	6.99774e-07	940.000000	8.29301e-07	940.000000	8.42814e-07	940.000000	8.34693e-07	940.000000	8.29184e-07	940.000000	1.17062e-10	
960.000000	6.96218e-07	960.000000	8.2525e-07	960.000000	8.38849e-07	960.000000	8.30767e-07	960.000000	8.25135e-07	960.000000	1.14791e-10	
980.000000	6.92858e-07	980.000000	8.2142e-07	980.000000	8.35091e-07	980.000000	8.27046e-07	980.000000	8.21308e-07	980.000000	1.12609e-10	
1000.000000	6.8968e-07	1000.000000	8.17799e-07	1000.000000	8.3153e-07	1000.000000	8.23518e-07	1000.000000	8.17688e-07	1000.000000	1.10512e-10	
1020.000000	6.86677e-07	1020.000000	8.14374e-07	1020.000000	8.28158e-07	1020.000000	8.20169e-07	1020.000000	8.14266e-07	1020.000000	1.08493e-10	
1040.000000	6.83837e-07	1040.000000	8.11134e-07	1040.000000	8.24966e-07	1040.000000	8.1699e-07	1040.000000	8.11028e-07	1040.000000	1.06549e-10	
1060.000000	6.81152e-07	1060.000000	8.0807e-07	1060.000000	8.21941e-07	1060.000000	8.13971e-07	1060.000000	8.07965e-07	1060.000000	1.04677e-10	
1080.000000	6.78615e-07	1080.000000	8.05171e-07	1080.000000	8.19068e-07	1080.000000	8.11102e-07	1080.000000	8.05068e-07	1080.000000	1.0287e-10	
1100.000000	6.76217e-07	1100.000000	8.02428e-07	1100.000000	8.16336e-07	1100.000000	8.08375e-07	1100.000000	8.02327e-07	1100.000000	1.01128e-10	
1120.000000	6.73952e-07	1120.000000	7.99834e-07	1120.000000	8.1373e-07	1120.000000	8.05782e-07	1120.000000	7.99735e-07	1120.000000	9.94448e-11	
1140.000000	6.71813e-07	1140.000000	7.97381e-07	1140.000000	8.11245e-07	1140.000000	8.03315e-07	1140.000000	7.97283e-07	1140.000000	9.78189e-11	
1160.000000	6.69794e-07	1160.000000	7.95061e-07	1160.000000	8.08876e-07	1160.000000	8.00968e-07	1160.000000	7.94965e-07	1160.000000	9.6247e-11	
1180.000000	6.6789e-07	1180.000000	7.92869e-07	1180.000000	8.06617e-07	1180.000000	7.98734e-07	1180.000000	7.92774e-07	1180.000000	9.47265e-11	
1200.000000	6.66094e-07	1200.000000	7.90797e-07	1200.000000	8.04466e-07	1200.000000	7.96607e-07	1200.000000	7.90703e-07	1200.000000	9.32548e-11	
1220.000000	6.64402e-07	1220.000000	7.8884e-07	1220.000000	8.02417e-07	1220.000000	7.94581e-07	1220.000000	7.88748e-07	1220.000000	9.18296e-11	
1240.000000	6.6281e-07	1240.000000	7.86992e-07	1240.000000	8.00466e-07	1240.000000	7.92652e-07	1240.000000	7.86902e-07	1240.000000	9.04488e-11	
1260.000000	6.61312e-07	1260.000000	7.85249e-07	1260.000000	7.98609e-07	1260.000000	7.90814e-07	1260.000000	7.8516e-07	1260.000000	8.91102e-11	
1280.000000	6.59905e-07	1280.000000	7.83605e-07	1280.000000	7.96841e-07	1280.000000	7.89063e-07	1280.000000	7.83517e-07	1280.000000	8.78119e-11	
1300.000000	6.58585e-07	1300.000000	7.82056e-07	1300.000000	7.95157e-07	1300.000000	7.87394e-07	1300.000000	7.8197e-07	1300.000000	8.65522e-11	
1320.000000	6.57348e-07	1320.000000	7.80598e-07	1320.000000	7.93554e-07	1320.000000	7.85804e-07	1320.000000	7.80513e-07	1320.000000	8.53292e-11	
1340.000000	6.5619e-07	1340.000000	7.79227e-07	1340.000000	7.92028e-07	1340.000000	7.84288e-07	1340.000000	7.79143e-07	1340.000000	8.41415e-11	
1360.000000	6.55109e-07	1360.000000	7.77939e-07	1360.000000	7.90575e-07	1360.000000	7.82844e-07	1360.000000	7.77856e-07	1360.000000	8.29874e-11	
1380.000000	6.54101e-07	1380.000000	7.7673e-07	1380.000000	7.89191e-07	1380.000000	7.81467e-07	1380.000000	7.76648e-07	1380.000000	8.18656e-11	
1400.000000	6.53164e-07	1400.000000	7.75598e-07	1400.000000	7.87871e-07	1400.000000	7.80155e-07	1400.000000	7.75517e-07	1400.000000	8.07747e-11	
1420.000000	6.52295e-07	1420.000000	7.74538e-07	1420.000000	7.86613e-07	1420.000000	7.78904e-07	1420.000000	7.74458e-07	1420.000000	7.97134e-11	
1440.000000	6.5149e-07	1440.000000	7.73548e-07	1440.000000	7.85414e-07	1440.000000	7.77712e-07	1440.000000	7.73469e-07	1440.000000	7.86805e-11	
1460.000000	6.50748e-07	1460.000000	7.72625e-07	1460.000000	7.84271e-07	1460.000000	7.76576e-07	1460.000000	7.72548e-07	1460.000000	7.76749e-11	
1480.000000	6.50066e-07	1480.000000	7.71767e-07	1480.000000	7.83181e-07	1480.000000	7.75494e-07	1480.000000	7.7169e-07	1480.000000	7.66956e-11	
1500.000000	6.49442e-07	1500.000000	7.70971e-07	1500.000000	7.82142e-07	1500.000000	7.74463e-07	1500.000000	7.70895e-07	1500.000000	7.57414e-11	
1520.000000	6.48874e-07	1520.000000	7.70234e-07	1520.000000	7.81151e-07	1520.000000	7.73481e-07	1520.000000	7.70159e-07	1520.000000	7.48114e-11	
1540.000000	6.4836e-07	1540.000000	7.69554e-07	1540.000000	7.80207e-07	1540.000000	7.72546e-07	1540.000000	7.6948e-07	1540.000000	7.39048e-11	
1560.000000	6.47898e-07	1560.000000	7.68929e-07	1560.000000	7.79308e-07	1560.000000	7.71656e-07	1560.000000	7.68856e-07	1560.000000	7.30205e-11	
1580.000000	6.47487e-07	1580.000000	7.68357e-07	1580.000000	7.78451e-07	1580.000000	7.70809e-07	1580.000000	7.68285e-07	1580.000000	7.21579e-11	
1600.000000	6.47123e-07	1600.000000	7.67836e-07	1600.000000	7.77636e-07	1600.000000	7.70003e-07	1600.000000	7.67765e-07	1600.000000	7.1316e-11	
1620.000000	6.46806e-07	1620.000000	7.67365e-07	1620.000000	7.76859e-07	1620.000000	7.69236e-07	1620.000000	7.67294e-07	1620.000000	7.04942e-11	
1640.000000	6.46535e-07	1640.000000	7.6694e-07	1640.000000	7.76121e-07	1640.000000	7.68507e-07	1640.000000	7.6687e-07	1640.000000	6.96917e-11	
1660.000000	6.46307e-07	1660.000000	7.66561e-07	1660.000000	7.75419e-07	1660.000000	7.67815e-07	1660.000000	7.66493e-07	1660.000000	6.89079e-11	
1680.000000	6.46122e-07	1680.000000	7.66227e-07	1680.000000	7.74751e-07	1680.000000	7.67157e-07	1680.000000	7.66159e-07	1680.000000	6.81421e-11	
1700.000000	6.45978e-07	1700.000000	7.65934e-07	1700.000000	7.74117e-07	1700.000000	7.66532e-07	1700.000000	7.65867e-07	1700.000000	6.73937e-11	
1750.000000	6.45787e-07	1750.000000	7.6538e-07	1750.000000	7.72669e-07	1750.000000	7.65109e-07	1750.000000	7.65315e-07	1750.000000	6.55948e-11	
1800.000000	6.45826e-07	1800.000000	7.65061e-07	1800.000000	7.71404e-07	1800.000000	7.63866e-07	1800.000000	7.64998e-07	1800.000000	6.38924e-11	
1850.000000	6.46077e-07	1850.000000	7.64959e-07	1850.000000	7.70303e-07	1850.000000	7.62788e-07	1850.000000	7.64897e-07	1850.000000	6.22788e-11	
1900.000000	6.46525e-07	1900.000000	7.65056e-07	1900.000000	7.69354e-07	1900.000000	7.61859e-07	1900.000000	7.64995e-07	1900.000000	6.07472e-11	
1950.000000	6.47157e-07	1950.000000	7.65337e-07	1950.000000	7.68542e-07	1950.000000	7.61066e-07	1950.000000	7.65278e-07	1950.000000	5.92915e-11	
2000.000000	6.4796e-07	2000.000000	7.65789e-07	2000.000000	7.67856e-07	2000.000000	7.60396e-07	2000.000000	7.65731e-07	2000.000000	5.7906e-11	
2100.000000	6.50034e-07	2100.000000	7.67155e-07	2100.000000	7.66822e-07	2100.000000	7.59385e-07	2100.000000	7.671e-07 	2100.000000	5.53262e-11	
2200.000000	6.52672e-07	2200.000000	7.69068e-07	2200.000000	7.66173e-07	2200.000000	7.58752e-07	2200.000000	7.69015e-07	2200.000000	5.29731e-11	
2300.000000	6.55808e-07	2300.000000	7.71457e-07	2300.000000	7.65845e-07	2300.000000	7.58436e-07	2300.000000	7.71406e-07	2300.000000	5.08177e-11	
2400.000000	6.59387e-07	2400.000000	7.74261e-07	2400.000000	7.65784e-07	2400.000000	7.58387e-07	2400.000000	7.74213e-07	2400.000000	4.88359e-11	
2500.000000	6.63363e-07	2500.000000	7.77432e-07	2500.000000	7.6595e-07	2500.000000	7.58565e-07	2500.000000	7.77385e-07	2500.000000	4.70073e-11	
2600.000000	6.67698e-07	2600.000000	7.80925e-07	2600.000000	7.66307e-07	2600.000000	7.58935e-07	2600.000000	7.8088e-07	2600.000000	4.53147e-11	
2700.000000	6.72357e-07	2700.000000	7.84705e-07	2700.000000	7.66828e-07	2700.000000	7.59469e-07	2700.000000	7.84661e-07	2700.000000	4.37433e-11	
2800.000000	6.77313e-07	2800.000000	7.88741e-07	2800.000000	7.67488e-07	2800.000000	7.60141e-07	2800.000000	7.88699e-07	2800.000000	4.22803e-11	
2900.000000	6.82538e-07	2900.000000	7.93006e-07	2900.000000	7.68267e-07	2900.000000	7.60933e-07	2900.000000	7.92965e-07	2900.000000	4.09149e-11	
3000.000000	6.88013e-07	3000.000000	7.97476e-07	3000.000000	7.69148e-07	3000.000000	7.61826e-07	3000.000000	7.97436e-07	3000.000000	3.96375e-11	
3200.000000	6.99634e-07	3200.000000	8.06953e-07	3200.000000	7.71159e-07	3200.000000	7.6386e-07	3200.000000	8.06916e-07	3200.000000	3.73144e-11	
3400.000000	7.12048e-07	3400.000000	8.17039e-07	3400.000000	7.73427e-07	3400.000000	7.66148e-07	3400.000000	8.17004e-07	3400.000000	3.52558e-11	
3600.000000	7.25154e-07	3600.000000	8.27628e-07	3600.000000	7.75881e-07	3600.000000	7.68621e-07	3600.000000	8.27595e-07	3600.000000	3.34185e-11	
3800.000000	7.38874e-07	3800.000000	8.38638e-07	3800.000000	7.78468e-07	3800.000000	7.71225e-07	3800.000000	8.38606e-07	3800.000000	3.17685e-11	
4000.000000	7.53142e-07	4000.000000	8.50003e-07	4000.000000	7.81149e-07	4000.000000	7.7392e-07	4000.000000	8.49972e-07	4000.000000	3.02781e-11	
4200.000000	7.67906e-07	4200.000000	8.61668e-07	4200.000000	7.83892e-07	4200.000000	7.76676e-07	4200.000000	8.61639e-07	4200.000000	2.89251e-11	
4400.000000	7.83123e-07	4400.000000	8.7359e-07	4400.000000	7.86673e-07	4400.000000	7.79469e-07	4400.000000	8.73563e-07	4400.000000	2.76912e-11	
4600.000000	7.98758e-07	4600.000000	8.85734e-07	4600.000000	7.89474e-07	4600.000000	7.82282e-07	4600.000000	8.85707e-07	4600.000000	2.65611e-11	
4800.000000	8.14778e-07	4800.000000	8.98068e-07	4800.000000	7.92281e-07	4800.000000	7.851e-07 	4800.000000	8.98043e-07	4800.000000	2.55222e-11	
5000.000000	8.31161e-07	5000.000000	9.10569e-07	5000.000000	7.95084e-07	5000.000000	7.87913e-07	5000.000000	9.10544e-07	5000.000000	2.45638e-11	
5250.000000	8.52113e-07	5250.000000	9.26395e-07	5250.000000	7.98567e-07	5250.000000	7.91408e-07	5250.000000	9.26372e-07	5250.000000	2.34651e-11	
5500.000000	8.73561e-07	5500.000000	9.42413e-07	5500.000000	8.02018e-07	5500.000000	7.94871e-07	5500.000000	9.42391e-07	5500.000000	2.24632e-11	
6000.000000	9.17829e-07	6000.000000	9.74914e-07	6000.000000	8.08787e-07	6000.000000	8.01661e-07	6000.000000	9.74893e-07	6000.000000	2.07022e-11	
6500.000000	9.63778e-07	6500.000000	1.0079e-06	6500.000000	8.15351e-07	6500.000000	8.08242e-07	6500.000000	1.00788e-06	6500.000000	1.92039e-11	
7000.000000	1.01127e-06	7000.000000	1.04124e-06	7000.000000	8.21689e-07	7000.000000	8.14594e-07	7000.000000	1.04122e-06	7000.000000	1.79131e-11	
7500.000000	1.06022e-06	7500.000000	1.07484e-06	7500.000000	8.27796e-07	7500.000000	8.20712e-07	7500.000000	1.07483e-06	7500.000000	1.67893e-11	
8000.000000	1.11054e-06	8000.000000	1.10865e-06	8000.000000	8.33678e-07	8000.000000	8.266e-07 	8000.000000	1.10864e-06	8000.000000	1.58016e-11	
8500.000000	1.16218e-06	8500.000000	1.14262e-06	8500.000000	8.39328e-07	8500.000000	8.32264e-07	8500.000000	1.1426e-06	8500.000000	1.49266e-11	
9000.000000	1.2151e-06	9000.000000	1.17669e-06	9000.000000	8.44752e-07	9000.000000	8.37714e-07	9000.000000	1.17668e-06	9000.000000	1.4146e-11	
9500.000000	1.26925e-06	9500.000000	1.21086e-06	9500.000000	8.49977e-07	9500.000000	8.42961e-07	9500.000000	1.21084e-06	9500.000000	1.3445e-11	
10000.000000	1.32461e-06	10000.000000	1.24508e-06	10000.000000	8.55018e-07	10000.000000	8.48015e-07	10000.000000	1.24507e-06	10000.000000	1.28119e-11	
11000.000000	1.43888e-06	11000.000000	1.31365e-06	11000.000000	8.64571e-07	11000.000000	8.57589e-07	11000.000000	1.31364e-06	11000.000000	1.17135e-11	
12000.000000	1.55778e-06	12000.000000	1.3823e-06	12000.000000	8.73468e-07	12000.000000	8.66516e-07	12000.000000	1.38229e-06	12000.000000	1.07928e-11	
13000.000000	1.6812e-06	13000.000000	1.45096e-06	13000.000000	8.81784e-07	13000.000000	8.7487e-07	13000.000000	1.45095e-06	13000.000000	1.00097e-11	
14000.000000	1.8091e-06	14000.000000	1.51958e-06	14000.000000	8.89587e-07	14000.000000	8.82713e-07	14000.000000	1.51957e-06	14000.000000	9.33516e-12	
15000.000000	1.94144e-06	15000.000000	1.58814e-06	15000.000000	8.96932e-07	15000.000000	8.901e-07 	15000.000000	1.58813e-06	15000.000000	8.74799e-12	
16000.000000	2.07819e-06	16000.000000	1.65661e-06	16000.000000	9.03865e-07	16000.000000	8.97077e-07	16000.000000	1.65661e-06	16000.000000	8.23208e-12	
17000.000000	2.21932e-06	17000.000000	1.72499e-06	17000.000000	9.10428e-07	17000.000000	9.03687e-07	17000.000000	1.72499e-06	17000.000000	7.77511e-12	
18000.000000	2.36485e-06	18000.000000	1.79327e-06	18000.000000	9.16657e-07	18000.000000	9.09964e-07	18000.000000	1.79326e-06	18000.000000	7.36745e-12	
19000.000000	2.51476e-06	19000.000000	1.86144e-06	19000.000000	9.22585e-07	19000.000000	9.15938e-07	19000.000000	1.86143e-06	19000.000000	7.00145e-12	
20000.000000	2.66905e-06	20000.000000	1.92949e-06	20000.000000	9.28238e-07	20000.000000	9.21638e-07	20000.000000	1.92948e-06	20000.000000	6.67099e-12	
21000.000000	2.82774e-06	21000.000000	1.99743e-06	21000.000000	9.33644e-07	21000.000000	9.27085e-07	21000.000000	1.99742e-06	21000.000000	6.37109e-12	
22000.000000	2.99083e-06	22000.000000	2.06525e-06	22000.000000	9.38819e-07	22000.000000	9.32302e-07	22000.000000	2.06525e-06	22000.000000	6.09766e-12	
23000.000000	3.15834e-06	23000.000000	2.13296e-06	23000.000000	9.43753e-07	23000.000000	9.37306e-07	23000.000000	2.13296e-06	23000.000000	5.84732e-12	
24000.000000	3.33027e-06	24000.000000	2.20056e-06	24000.000000	9.48486e-07	24000.000000	9.42114e-07	24000.000000	2.20056e-06	24000.000000	5.61725e-12	
25000.000000	3.50664e-06	25000.000000	2.26805e-06	25000.000000	9.53058e-07	25000.000000	9.4674e-07	25000.000000	2.26805e-06	25000.000000	5.40504e-12	
26000.000000	3.68748e-06	26000.000000	2.33543e-06	26000.000000	9.57461e-07	26000.000000	9.51197e-07	26000.000000	2.33542e-06	26000.000000	5.20869e-12	
27000.000000	3.87278e-06	27000.000000	2.4027e-06	27000.000000	9.61695e-07	27000.000000	9.55497e-07	27000.000000	2.40269e-06	27000.000000	5.02647e-12	
28000.000000	4.06259e-06	28000.000000	2.46986e-06	28000.000000	9.65775e-07	28000.000000	9.5965e-07	28000.000000	2.46986e-06	28000.000000	4.85688e-12	
29000.000000	4.2569e-06	29000.000000	2.53693e-06	29000.000000	9.69717e-07	29000.000000	9.63666e-07	29000.000000	2.53692e-06	29000.000000	4.69866e-12	
30000.000000	4.45575e-06	30000.000000	2.60389e-06	30000.000000	9.73532e-07	30000.000000	9.67554e-07	30000.000000	2.60388e-06	30000.000000	4.55068e-12	
32000.000000	4.86714e-06	32000.000000	2.73752e-06	32000.000000	9.80811e-07	32000.000000	9.74976e-07	32000.000000	2.73751e-06	32000.000000	4.28168e-12	
34000.000000	5.29691e-06	34000.000000	2.87077e-06	34000.000000	9.87661e-07	34000.000000	9.8197e-07	34000.000000	2.87076e-06	34000.000000	4.04345e-12	
36000.000000	5.74526e-06	36000.000000	3.00366e-06	36000.000000	9.9411e-07	36000.000000	9.88582e-07	36000.000000	3.00366e-06	36000.000000	3.83096e-12	
38000.000000	6.21236e-06	38000.000000	3.13621e-06	38000.000000	1.00019e-06	38000.000000	9.94851e-07	38000.000000	3.1362e-06	38000.000000	3.64021e-12	
40000.000000	6.6984e-06	40000.000000	3.26842e-06	40000.000000	1.00595e-06	40000.000000	1.00081e-06	40000.000000	3.26842e-06	40000.000000	3.468e-12 	
42000.000000	7.20359e-06	42000.000000	3.40033e-06	42000.000000	1.01142e-06	42000.000000	1.00649e-06	42000.000000	3.40032e-06	42000.000000	3.31174e-12	
44000.000000	7.72812e-06	44000.000000	3.53193e-06	44000.000000	1.01665e-06	44000.000000	1.01192e-06	44000.000000	3.53192e-06	44000.000000	3.1693e-12	
46000.000000	8.27219e-06	46000.000000	3.66324e-06	46000.000000	1.02164e-06	46000.000000	1.01711e-06	46000.000000	3.66324e-06	46000.000000	3.03889e-12	
48000.000000	8.836e-06 	48000.000000	3.79427e-06	48000.000000	1.02643e-06	48000.000000	1.02209e-06	48000.000000	3.79427e-06	48000.000000	2.91905e-12	
50000.000000	9.41977e-06	50000.000000	3.92504e-06	50000.000000	1.03101e-06	50000.000000	1.02687e-06	50000.000000	3.92504e-06	50000.000000	2.80853e-12	
