*Energy (MeV/u)1	0 - [He-base] F.Hubert et al. AD&ND Tables 46(1990)1	Energy (MeV/u)2	1 - [H -base] J.F.Ziegler et al.Pergamon Press.NY(low energy)	Energy (MeV/u)3	2 - ATIMA 1.2 LS-theory (recommended for high energy)	Energy (MeV/u)4	3 - ATIMA 1.2 without LS-correction	Energy (MeV/u)5	4 - ATIMA 1.4 H.Weick. improved mean charge formula for HI	Energy (MeV/u)6	5 - electrical component of [1] - J.F.Ziegler et al	Energy (MeV/u)7	6 - nuclear component of [1] - J.F.Ziegler et al	
0.001000	0.289128  	0.001000	0.141162  	0.001000	0.1451    	0.001000	0.1451    	0.001000	0.145065  	0.001000	0.0762496 	0.001000	0.0649129 	
0.002000	0.317619  	0.002000	0.156498  	0.002000	0.164284  	0.002000	0.164284  	0.002000	0.164262  	0.002000	0.105614  	0.002000	0.0508835 	
0.005000	0.390713  	0.005000	0.194852  	0.005000	0.211691  	0.005000	0.211691  	0.005000	0.21168   	0.005000	0.162463  	0.005000	0.0323895 	
0.008000	0.447905  	0.008000	0.227147  	0.008000	0.251323  	0.008000	0.251323  	0.008000	0.251317  	0.008000	0.202623  	0.008000	0.0245233 	
0.010000	0.480205  	0.010000	0.246325  	0.010000	0.274867  	0.010000	0.274867  	0.010000	0.274861  	0.010000	0.225028  	0.010000	0.0212966 	
0.015000	0.562333  	0.015000	0.288542  	0.015000	0.32683   	0.015000	0.32683   	0.015000	0.326827  	0.015000	0.27227   	0.015000	0.0162718 	
0.020000	0.628136  	0.020000	0.329291  	0.020000	0.379631  	0.020000	0.379631  	0.020000	0.379629  	0.020000	0.315965  	0.020000	0.0133257 	
0.025000	0.702168  	0.025000	0.371506  	0.025000	0.431894  	0.025000	0.431894  	0.025000	0.431892  	0.025000	0.360246  	0.025000	0.0112598 	
0.030000	0.765055  	0.030000	0.411637  	0.030000	0.46748   	0.030000	0.46748   	0.030000	0.467478  	0.030000	0.401776  	0.030000	0.0098609 	
0.035000	0.81682   	0.035000	0.448574  	0.035000	0.499321  	0.035000	0.499321  	0.035000	0.499319  	0.035000	0.439776  	0.035000	0.0087984 	
0.040000	0.857637  	0.040000	0.482471  	0.040000	0.527751  	0.040000	0.527751  	0.040000	0.52775   	0.040000	0.47451   	0.040000	0.007961  	
0.045000	0.887715  	0.045000	0.513529  	0.045000	0.553067  	0.045000	0.553067  	0.045000	0.553066  	0.045000	0.506247  	0.045000	0.00728218	
0.050000	0.906301  	0.050000	0.541567  	0.050000	0.575549  	0.050000	0.575549  	0.050000	0.575548  	0.050000	0.534847  	0.050000	0.0067196 	
0.055000	0.94468   	0.055000	0.564014  	0.055000	0.595464  	0.055000	0.595464  	0.055000	0.595463  	0.055000	0.557769  	0.055000	0.00624494	
0.060000	0.977034  	0.060000	0.584326  	0.060000	0.613072  	0.060000	0.613072  	0.060000	0.613071  	0.060000	0.578488  	0.060000	0.00583852	
0.070000	1.02546   	0.070000	0.619656  	0.070000	0.642332  	0.070000	0.642332  	0.070000	0.642332  	0.070000	0.614478  	0.070000	0.00517754	
0.080000	1.07715   	0.080000	0.64841   	0.080000	0.665104  	0.080000	0.665104  	0.080000	0.665104  	0.080000	0.643748  	0.080000	0.00466155	
0.090000	1.11566   	0.090000	0.673152  	0.090000	0.682874  	0.090000	0.682874  	0.090000	0.682874  	0.090000	0.668906  	0.090000	0.00424647	
0.100000	1.14432   	0.100000	0.695011  	0.100000	0.696834  	0.100000	0.696834  	0.100000	0.696833  	0.100000	0.691106  	0.100000	0.00390464	
0.120000	1.15458   	0.120000	0.715462  	0.120000	0.716782  	0.120000	0.716782  	0.120000	0.716782  	0.120000	0.712089  	0.120000	0.00337329	
0.140000	1.1533    	0.140000	0.73039   	0.140000	0.729889  	0.140000	0.729889  	0.140000	0.729889  	0.140000	0.727412  	0.140000	0.00297794	
0.160000	1.15493   	0.160000	0.74427   	0.160000	0.738843  	0.160000	0.738843  	0.160000	0.738843  	0.160000	0.741599  	0.160000	0.0026713 	
0.180000	1.16172   	0.180000	0.760649  	0.180000	0.745087  	0.180000	0.745087  	0.180000	0.745087  	0.180000	0.758223  	0.180000	0.00242592	
0.200000	1.16775   	0.200000	0.773165  	0.200000	0.749413  	0.200000	0.749413  	0.200000	0.749413  	0.200000	0.770941  	0.200000	0.00222474	
0.250000	1.15347   	0.250000	0.786225  	0.250000	0.75446   	0.250000	0.75446   	0.250000	0.75446   	0.250000	0.784375  	0.250000	0.00184995	
0.300000	1.14872   	0.300000	0.793199  	0.300000	0.753833  	0.300000	0.753833  	0.300000	0.753834  	0.300000	0.791609  	0.300000	0.0015894 	
0.350000	1.14212   	0.350000	0.792822  	0.350000	0.754173  	0.350000	0.754173  	0.350000	0.754173  	0.350000	0.791425  	0.350000	0.00139696	
0.400000	1.14059   	0.400000	0.792039  	0.400000	0.752038  	0.400000	0.752038  	0.400000	0.752039  	0.400000	0.79079   	0.400000	0.00124858	
0.450000	1.13257   	0.450000	0.785205  	0.450000	0.746199  	0.450000	0.746199  	0.450000	0.7462    	0.450000	0.784075  	0.450000	0.00113042	
0.500000	1.11821   	0.500000	0.77246   	0.500000	0.737686  	0.500000	0.737686  	0.500000	0.737687  	0.500000	0.771426  	0.500000	0.00103394	
0.600000	1.04159   	0.600000	0.748017  	0.600000	0.714921  	0.600000	0.714921  	0.600000	0.714921  	0.600000	0.747132  	0.600000	0.000885505	
0.700000	0.961344  	0.700000	0.717223  	0.700000	0.690608  	0.700000	0.690608  	0.700000	0.690609  	0.700000	0.716447  	0.700000	0.000776314	
0.800000	0.91615   	0.800000	0.692875  	0.800000	0.666253  	0.800000	0.666253  	0.800000	0.666253  	0.800000	0.692182  	0.800000	0.000692395	
0.900000	0.873365  	0.900000	0.669303  	0.900000	0.642566  	0.900000	0.642566  	0.900000	0.642567  	0.900000	0.668677  	0.900000	0.000625749	
1.000000	0.833388  	1.000000	0.647006  	1.000000	0.619869  	1.000000	0.619869  	1.000000	0.61987   	1.000000	0.646435  	1.000000	0.000571456	
1.250000	0.74058   	1.250000	0.583955  	1.250000	0.56547   	1.250000	0.56547   	1.250000	0.565471  	1.250000	0.583484  	1.250000	0.000471197	
1.500000	0.665663  	1.500000	0.533137  	1.500000	0.519765  	1.500000	0.519765  	1.500000	0.519766  	1.500000	0.532735  	1.500000	0.000402218	
1.750000	0.604481  	1.750000	0.491794  	1.750000	0.480967  	1.750000	0.480967  	1.750000	0.480967  	1.750000	0.491442  	1.750000	0.000351682	
2.000000	0.550674  	2.000000	0.454633  	2.000000	0.44748   	2.000000	0.44748   	2.000000	0.44748   	2.000000	0.45432   	2.000000	0.00031297	
2.250000	0.506305  	2.250000	0.420283  	2.250000	0.418274  	2.250000	0.418274  	2.250000	0.418274  	2.250000	0.420001  	2.250000	0.00028231	
2.500000	0.459632  	2.500000	0.391974  	2.500000	0.392605  	2.500000	0.392605  	2.500000	0.392605  	2.500000	0.391717  	2.500000	0.000257392	
3.000000	0.405711  	3.000000	0.347306  	3.000000	0.349731  	3.000000	0.349731  	3.000000	0.349731  	3.000000	0.347086  	3.000000	0.00021927	
3.500000	0.36374   	3.500000	0.313042  	3.500000	0.315428  	3.500000	0.315428  	3.500000	0.315429  	3.500000	0.31285   	3.500000	0.000191408	
4.000000	0.330102  	4.000000	0.285602  	4.000000	0.287459  	4.000000	0.287459  	4.000000	0.287459  	4.000000	0.285432  	4.000000	0.000170106	
4.500000	0.30251   	4.500000	0.263007  	4.500000	0.264269  	4.500000	0.264269  	4.500000	0.264269  	4.500000	0.262854  	4.500000	0.000153263	
5.000000	0.279448  	5.000000	0.244024  	5.000000	0.244752  	5.000000	0.244752  	5.000000	0.244753  	5.000000	0.243885  	5.000000	0.000139593	
5.500000	0.25987   	5.500000	0.227828  	5.500000	0.228109  	5.500000	0.228109  	5.500000	0.228109  	5.500000	0.2277    	5.500000	0.000128265	
6.000000	0.243031  	6.000000	0.213833  	6.000000	0.213748  	6.000000	0.213748  	6.000000	0.213748  	6.000000	0.213714  	6.000000	0.000118716	
6.500000	0.228385  	6.500000	0.201609  	6.500000	0.201229  	6.500000	0.201229  	6.500000	0.201229  	6.500000	0.201499  	6.500000	0.000110552	
7.000000	0.215525  	7.000000	0.190835  	7.000000	0.190215  	7.000000	0.190215  	7.000000	0.190215  	7.000000	0.190731  	7.000000	0.000103487	
7.500000	0.204137  	7.500000	0.18126   	7.500000	0.180446  	7.500000	0.180446  	7.500000	0.180446  	7.500000	0.181163  	7.500000	9.73113e-05	
8.000000	0.193978  	8.000000	0.172692  	8.000000	0.17172   	8.000000	0.17172   	8.000000	0.17172   	8.000000	0.1726    	8.000000	9.18635e-05	
8.500000	0.184857  	8.500000	0.164976  	8.500000	0.163874  	8.500000	0.163874  	8.500000	0.163874  	8.500000	0.164889  	8.500000	8.70204e-05	
9.000000	0.17662   	9.000000	0.157987  	9.000000	0.156778  	9.000000	0.156778  	9.000000	0.156778  	9.000000	0.157904  	9.000000	8.26851e-05	
9.500000	0.169142  	9.500000	0.151625  	9.500000	0.150328  	9.500000	0.150328  	9.500000	0.150328  	9.500000	0.151547  	9.500000	7.87806e-05	
10.000000	0.162321  	10.000000	0.146505  	10.000000	0.144437  	10.000000	0.144437  	10.000000	0.144438  	10.000000	0.14643   	10.000000	7.52448e-05	
11.000000	0.150328  	11.000000	0.136577  	11.000000	0.134105  	11.000000	0.134153  	11.000000	0.134111  	11.000000	0.136507  	11.000000	6.90854e-05	
12.000000	0.140117  	12.000000	0.127977  	12.000000	0.125301  	12.000000	0.125378  	12.000000	0.125308  	12.000000	0.127914  	12.000000	6.38982e-05	
13.000000	0.131313  	13.000000	0.12046   	13.000000	0.117703  	13.000000	0.117799  	13.000000	0.11771   	13.000000	0.120401  	13.000000	5.9467e-05	
14.000000	0.123639  	14.000000	0.113834  	14.000000	0.111075  	14.000000	0.111181  	14.000000	0.111081  	14.000000	0.113778  	14.000000	5.56354e-05	
15.000000	0.116888  	15.000000	0.107949  	15.000000	0.105239  	15.000000	0.105351  	15.000000	0.105244  	15.000000	0.107896  	15.000000	5.22879e-05	
16.000000	0.1109    	16.000000	0.102687  	16.000000	0.10006   	16.000000	0.100173  	16.000000	0.100064  	16.000000	0.102638  	16.000000	4.9337e-05	
17.000000	0.10555   	17.000000	0.0979542 	17.000000	0.0954314 	17.000000	0.0955421 	17.000000	0.0954332 	17.000000	0.0979075 	17.000000	4.67151e-05	
18.000000	0.100741  	18.000000	0.093674  	18.000000	0.0912682 	18.000000	0.0913751 	18.000000	0.091268  	18.000000	0.0936296 	18.000000	4.43694e-05	
19.000000	0.096393  	19.000000	0.0897838 	19.000000	0.0875012 	19.000000	0.0876048 	19.000000	0.0875012 	19.000000	0.0897416 	19.000000	4.22579e-05	
20.000000	0.0924414 	20.000000	0.0862324 	20.000000	0.084075  	20.000000	0.0841767 	20.000000	0.084078  	20.000000	0.086192  	20.000000	4.03466e-05	
21.000000	0.0888337 	21.000000	0.0829768 	21.000000	0.0809471 	21.000000	0.0810461 	21.000000	0.0809524 	21.000000	0.0829382 	21.000000	3.86079e-05	
22.000000	0.085526  	22.000000	0.0799812 	22.000000	0.0780835 	22.000000	0.0781758 	22.000000	0.078088  	22.000000	0.0799442 	22.000000	3.70192e-05	
23.000000	0.0824819 	23.000000	0.0772154 	23.000000	0.0754516 	23.000000	0.0755346 	23.000000	0.0754529 	23.000000	0.0771799 	23.000000	3.55616e-05	
24.000000	0.0796704 	24.000000	0.0746537 	24.000000	0.073021  	24.000000	0.0730964 	24.000000	0.0730212 	24.000000	0.0746194 	24.000000	3.42193e-05	
25.000000	0.0770655 	25.000000	0.0722739 	25.000000	0.0707689 	25.000000	0.0708387 	25.000000	0.0707701 	25.000000	0.0722409 	25.000000	3.29789e-05	
27.000000	0.072389  	27.000000	0.067987  	27.000000	0.066734  	27.000000	0.0667915 	27.000000	0.0667363 	27.000000	0.0679562 	27.000000	3.076e-05 	
29.000000	0.068308  	29.000000	0.0642313 	29.000000	0.0632262 	29.000000	0.0632696 	29.000000	0.0632277 	29.000000	0.0642025 	29.000000	2.88323e-05	
31.000000	0.0647139 	31.000000	0.0609128 	31.000000	0.0600724 	31.000000	0.0600988 	31.000000	0.0600715 	31.000000	0.0608857 	31.000000	2.71413e-05	
33.000000	0.0615229 	33.000000	0.0579585 	33.000000	0.0571952 	33.000000	0.0572056 	33.000000	0.0571919 	33.000000	0.0579329 	33.000000	2.56453e-05	
35.000000	0.0586697 	35.000000	0.0553108 	35.000000	0.0546093 	35.000000	0.0546128 	35.000000	0.0546101 	35.000000	0.0552865 	35.000000	2.4312e-05	
38.000000	0.0549126 	38.000000	0.0518161 	38.000000	0.0512023 	38.000000	0.0511901 	38.000000	0.0512005 	38.000000	0.0517935 	38.000000	2.25627e-05	
41.000000	0.0516666 	41.000000	0.0487898 	41.000000	0.0482468 	41.000000	0.0482252 	41.000000	0.0482453 	41.000000	0.0487687 	41.000000	2.10575e-05	
44.000000	0.0488322 	44.000000	0.0461426 	44.000000	0.0456568 	44.000000	0.0456302 	44.000000	0.0456579 	44.000000	0.0461228 	44.000000	1.97479e-05	
47.000000	0.0463345 	47.000000	0.0438066 	47.000000	0.0433706 	47.000000	0.0433388 	47.000000	0.0433724 	47.000000	0.043788  	47.000000	1.85977e-05	
50.000000	0.0441158 	50.000000	0.0417293 	50.000000	0.0413347 	50.000000	0.0412998 	50.000000	0.041338  	50.000000	0.0417117 	50.000000	1.75791e-05	
55.000000	0.0409196 	55.000000	0.0387341 	55.000000	0.0384031 	55.000000	0.0383568 	55.000000	0.0384007 	55.000000	0.038718  	55.000000	1.61172e-05	
60.000000	0.0382207 	60.000000	0.0362031 	60.000000	0.0359158 	60.000000	0.0358667 	60.000000	0.0359145 	60.000000	0.0361882 	60.000000	1.48881e-05	
65.000000	0.0359093 	65.000000	0.0340351 	65.000000	0.0337789 	65.000000	0.0337311 	65.000000	0.0337815 	65.000000	0.0340213 	65.000000	1.38397e-05	
70.000000	0.0339061 	70.000000	0.0321565 	70.000000	0.0319291 	70.000000	0.0318782 	70.000000	0.0319305 	70.000000	0.0321435 	70.000000	1.29343e-05	
75.000000	0.0321521 	75.000000	0.0305122 	75.000000	0.0303076 	75.000000	0.0302546 	75.000000	0.0303081 	75.000000	0.0305001 	75.000000	1.21444e-05	
80.000000	0.0306026 	80.000000	0.0290607 	80.000000	0.0288743 	80.000000	0.0288197 	80.000000	0.028874  	80.000000	0.0290492 	80.000000	1.14487e-05	
85.000000	0.0292231 	85.000000	0.0277694 	85.000000	0.0275979 	85.000000	0.027542  	85.000000	0.0275968 	85.000000	0.0277586 	85.000000	1.08314e-05	
90.000000	0.0279865 	90.000000	0.0266131 	90.000000	0.0264499 	90.000000	0.0263967 	90.000000	0.0264517 	90.000000	0.0266028 	90.000000	1.02795e-05	
95.000000	0.0268712 	95.000000	0.0255714 	95.000000	0.0254184 	95.000000	0.025364  	95.000000	0.0254191 	95.000000	0.0255616 	95.000000	9.78324e-06	
100.000000	0.0258597 	100.000000	0.0246279 	100.000000	0.0244831 	100.000000	0.0244278 	100.000000	0.024483  	100.000000	0.0246186 	100.000000	9.3344e-06	
105.000000	0.024938  	105.000000	0.0237692 	105.000000	0.0236315 	105.000000	0.0235753 	105.000000	0.0236303 	105.000000	0.0237603 	105.000000	8.92643e-06	
110.000000	0.0240943 	110.000000	0.0229843 	110.000000	0.0228496 	110.000000	0.0227954 	110.000000	0.0228502 	110.000000	0.0229757 	110.000000	8.55392e-06	
115.000000	0.0233188 	115.000000	0.022264  	115.000000	0.022133  	115.000000	0.0220792 	115.000000	0.0221338 	115.000000	0.0222558 	115.000000	8.21239e-06	
120.000000	0.0226034 	120.000000	0.0216005 	120.000000	0.0214742 	120.000000	0.0214192 	120.000000	0.0214735 	120.000000	0.0215926 	120.000000	7.89809e-06	
125.000000	0.0219412 	125.000000	0.0209874 	125.000000	0.0208636 	125.000000	0.0208089 	125.000000	0.0208629 	125.000000	0.0209798 	125.000000	7.60784e-06	
130.000000	0.0213264 	130.000000	0.020419  	130.000000	0.0202958 	130.000000	0.020243  	130.000000	0.0202966 	130.000000	0.0204117 	130.000000	7.33894e-06	
135.000000	0.0207539 	135.000000	0.0198906 	135.000000	0.0197695 	135.000000	0.0197166 	135.000000	0.0197699 	135.000000	0.0198836 	135.000000	7.0891e-06	
140.000000	0.0202194 	140.000000	0.0193982 	140.000000	0.0192796 	140.000000	0.0192258 	140.000000	0.0192788 	140.000000	0.0193913 	140.000000	6.85634e-06	
145.000000	0.019719  	145.000000	0.0189381 	145.000000	0.0188206 	145.000000	0.0187671 	145.000000	0.0188197 	145.000000	0.0189314 	145.000000	6.63894e-06	
150.000000	0.0192497 	150.000000	0.0185072 	150.000000	0.0183893 	150.000000	0.0183375 	150.000000	0.0183897 	150.000000	0.0185007 	150.000000	6.4354e-06	
155.000000	0.0185888 	155.000000	0.0181028 	155.000000	0.0179859 	155.000000	0.0179341 	155.000000	0.017986  	155.000000	0.0180966 	155.000000	6.24444e-06	
160.000000	0.0182014 	160.000000	0.0177226 	160.000000	0.0176067 	160.000000	0.0175548 	160.000000	0.0176063 	160.000000	0.0177165 	160.000000	6.0649e-06	
165.000000	0.0178361 	165.000000	0.0173644 	165.000000	0.0172478 	165.000000	0.0171973 	165.000000	0.0172485 	165.000000	0.0173585 	165.000000	5.89577e-06	
170.000000	0.0174911 	170.000000	0.0170263 	170.000000	0.0169099 	170.000000	0.0168599 	170.000000	0.0169107 	170.000000	0.0170206 	170.000000	5.73617e-06	
175.000000	0.0171646 	175.000000	0.0167068 	175.000000	0.0165914 	175.000000	0.016541  	175.000000	0.0165914 	175.000000	0.0167012 	175.000000	5.5853e-06	
180.000000	0.0168551 	180.000000	0.0164042 	180.000000	0.0162899 	180.000000	0.016239  	180.000000	0.0162891 	180.000000	0.0163988 	180.000000	5.44245e-06	
185.000000	0.0165615 	185.000000	0.0161174 	185.000000	0.0160032 	185.000000	0.0159526 	185.000000	0.0160024 	185.000000	0.0161121 	185.000000	5.307e-06 	
190.000000	0.0162824 	190.000000	0.0158451 	190.000000	0.0157301 	190.000000	0.0156807 	190.000000	0.0157302 	190.000000	0.0158399 	190.000000	5.17838e-06	
195.000000	0.0160168 	195.000000	0.0155862 	195.000000	0.0154712 	195.000000	0.0154223 	195.000000	0.0154714 	195.000000	0.0155811 	195.000000	5.05607e-06	
200.000000	0.0157637 	200.000000	0.0153397 	200.000000	0.0152255 	200.000000	0.0151762 	200.000000	0.015225  	200.000000	0.0153348 	200.000000	4.93962e-06	
210.000000	0.0152918 	210.000000	0.0148808 	210.000000	0.0147658 	210.000000	0.014718  	210.000000	0.0147662 	210.000000	0.014876  	210.000000	4.72266e-06	
220.000000	0.0148604 	220.000000	0.0144621 	220.000000	0.0143479 	220.000000	0.0143001 	220.000000	0.0143478 	220.000000	0.0144576 	220.000000	4.52461e-06	
230.000000	0.0144646 	230.000000	0.0140787 	230.000000	0.0139641 	230.000000	0.0139175 	230.000000	0.0139646 	230.000000	0.0140744 	230.000000	4.34308e-06	
240.000000	0.0141001 	240.000000	0.0137263 	240.000000	0.013612  	240.000000	0.0135659 	240.000000	0.0136124 	240.000000	0.0137221 	240.000000	4.17606e-06	
250.000000	0.0137633 	250.000000	0.0134012 	250.000000	0.0132884 	250.000000	0.0132417 	250.000000	0.0132877 	250.000000	0.0133972 	250.000000	4.02185e-06	
260.000000	0.0134511 	260.000000	0.0131005 	260.000000	0.012988  	260.000000	0.0129419 	260.000000	0.0129875 	260.000000	0.0130967 	260.000000	3.87902e-06	
270.000000	0.013161  	270.000000	0.0128216 	270.000000	0.012709  	270.000000	0.0126639 	270.000000	0.012709  	270.000000	0.0128178 	270.000000	3.74634e-06	
280.000000	0.0128907 	280.000000	0.0125621 	280.000000	0.0124508 	280.000000	0.0124055 	280.000000	0.0124501 	280.000000	0.0125585 	280.000000	3.62276e-06	
290.000000	0.0126382 	290.000000	0.0123202 	290.000000	0.0122088 	290.000000	0.0121646 	290.000000	0.0122088 	290.000000	0.0123167 	290.000000	3.50734e-06	
300.000000	0.0124018 	300.000000	0.0120941 	300.000000	0.0119836 	300.000000	0.0119396 	300.000000	0.0119835 	300.000000	0.0120907 	300.000000	3.39932e-06	
310.000000	0.01218   	310.000000	0.0118823 	310.000000	0.011773  	310.000000	0.0117291 	310.000000	0.0117725 	310.000000	0.011879  	310.000000	3.29797e-06	
320.000000	0.0119716 	320.000000	0.0116837 	320.000000	0.0115746 	320.000000	0.0115316 	320.000000	0.0115747 	320.000000	0.0116804 	320.000000	3.20271e-06	
330.000000	0.0117754 	330.000000	0.0114969 	330.000000	0.0113889 	330.000000	0.0113461 	330.000000	0.0113888 	330.000000	0.0114938 	330.000000	3.11299e-06	
340.000000	0.0115903 	340.000000	0.011321  	340.000000	0.0112144 	340.000000	0.0111715 	340.000000	0.0112139 	340.000000	0.011318  	340.000000	3.02833e-06	
350.000000	0.0114155 	350.000000	0.0111551 	350.000000	0.011049  	350.000000	0.011007  	350.000000	0.0110491 	350.000000	0.0111522 	350.000000	2.94832e-06	
360.000000	0.0112501 	360.000000	0.0109984 	360.000000	0.0108933 	360.000000	0.0108517 	360.000000	0.0108934 	360.000000	0.0109955 	360.000000	2.87257e-06	
370.000000	0.0110933 	370.000000	0.0108501 	370.000000	0.0107466 	370.000000	0.0107048 	370.000000	0.0107463 	370.000000	0.0108473 	370.000000	2.80076e-06	
380.000000	0.0109447 	380.000000	0.0107097 	380.000000	0.0106072 	380.000000	0.0105658 	380.000000	0.010607  	380.000000	0.010707  	380.000000	2.73257e-06	
390.000000	0.0108034 	390.000000	0.0105765 	390.000000	0.0104747 	390.000000	0.0104341 	390.000000	0.010475  	390.000000	0.0105738 	390.000000	2.66774e-06	
400.000000	0.0106691 	400.000000	0.01045   	400.000000	0.0103497 	400.000000	0.0103091 	400.000000	0.0103497 	400.000000	0.0104474 	400.000000	2.60602e-06	
410.000000	0.0105413 	410.000000	0.0103298 	410.000000	0.010231  	410.000000	0.0101903 	410.000000	0.0102307 	410.000000	0.0103272 	410.000000	2.54719e-06	
420.000000	0.0104194 	420.000000	0.0102153 	420.000000	0.0101175 	420.000000	0.0100773 	420.000000	0.0101175 	420.000000	0.0102128 	420.000000	2.49105e-06	
430.000000	0.0103032 	430.000000	0.0101062 	430.000000	0.0100094 	430.000000	0.00996978	430.000000	0.0100097 	430.000000	0.0101038 	430.000000	2.43742e-06	
440.000000	0.0101922 	440.000000	0.0100022 	440.000000	0.00990692	440.000000	0.0098673 	440.000000	0.00990703	440.000000	0.00999985	440.000000	2.38613e-06	
450.000000	0.0100861 	450.000000	0.00990296	450.000000	0.00980929	450.000000	0.00976954	450.000000	0.00980905	450.000000	0.00990063	450.000000	2.33703e-06	
460.000000	0.00998461	460.000000	0.00980811	460.000000	0.00971566	460.000000	0.0096762 	460.000000	0.00971551	460.000000	0.00980582	460.000000	2.28999e-06	
470.000000	0.00988745	470.000000	0.00971741	470.000000	0.00962592	470.000000	0.00958702	470.000000	0.00962613	470.000000	0.00971517	470.000000	2.24486e-06	
480.000000	0.00979435	480.000000	0.00963061	480.000000	0.00954036	480.000000	0.00950173	480.000000	0.00954064	480.000000	0.00962841	480.000000	2.20154e-06	
490.000000	0.00970509	490.000000	0.00954748	490.000000	0.00945883	490.000000	0.0094201 	490.000000	0.00945882	490.000000	0.00954532	490.000000	2.15992e-06	
500.000000	0.00961944	500.000000	0.00946781	500.000000	0.0093807 	500.000000	0.00934192	500.000000	0.00938046	500.000000	0.00946569	500.000000	2.11989e-06	
520.000000	0.0094582 	520.000000	0.00931804	520.000000	0.00923313	520.000000	0.00919511	520.000000	0.00923331	520.000000	0.009316  	520.000000	2.04429e-06	
540.000000	0.00930917	540.000000	0.00917992	540.000000	0.00909765	540.000000	0.00905988	540.000000	0.00909775	540.000000	0.00917794	540.000000	1.97407e-06	
560.000000	0.00917112	560.000000	0.00905222	560.000000	0.0089728 	560.000000	0.00893501	560.000000	0.00897258	560.000000	0.00905031	560.000000	1.90867e-06	
580.000000	0.00904296	580.000000	0.00893389	580.000000	0.00885651	580.000000	0.00881943	580.000000	0.00885672	580.000000	0.00893204	580.000000	1.84761e-06	
600.000000	0.00892377	600.000000	0.00882403	600.000000	0.00874913	600.000000	0.00871224	600.000000	0.00874926	600.000000	0.00882224	600.000000	1.79046e-06	
620.000000	0.0088127 	620.000000	0.00872184	620.000000	0.0086496 	620.000000	0.00861261	620.000000	0.00864937	620.000000	0.0087201 	620.000000	1.73686e-06	
640.000000	0.00870905	640.000000	0.00862661	640.000000	0.00855633	640.000000	0.00851985	640.000000	0.00855638	640.000000	0.00862493	640.000000	1.68649e-06	
660.000000	0.00861218	660.000000	0.00853774	660.000000	0.00846939	660.000000	0.00843334	660.000000	0.00846964	660.000000	0.0085361 	660.000000	1.63905e-06	
680.000000	0.0085215 	680.000000	0.00845467	680.000000	0.00838866	680.000000	0.00835252	680.000000	0.0083886 	680.000000	0.00845308	680.000000	1.59429e-06	
700.000000	0.00843654	700.000000	0.00837693	700.000000	0.008313  	700.000000	0.00827691	700.000000	0.00831279	700.000000	0.00837538	700.000000	1.55199e-06	
720.000000	0.00835682	720.000000	0.00830407	720.000000	0.00824169	720.000000	0.00820606	720.000000	0.00824175	720.000000	0.00830256	720.000000	1.51196e-06	
740.000000	0.00828195	740.000000	0.00823572	740.000000	0.00817541	740.000000	0.00814014	740.000000	0.00817564	740.000000	0.00823425	740.000000	1.474e-06 	
760.000000	0.00821157	760.000000	0.00817153	760.000000	0.00811475	760.000000	0.00807944	760.000000	0.00811477	760.000000	0.00817009	760.000000	1.43797e-06	
780.000000	0.00814535	780.000000	0.00811118	780.000000	0.00805772	780.000000	0.00802234	780.000000	0.00805751	780.000000	0.00810977	780.000000	1.40372e-06	
800.000000	0.008083  	800.000000	0.00805439	800.000000	0.00800373	800.000000	0.00796859	800.000000	0.00800359	800.000000	0.00805302	800.000000	1.37111e-06	
820.000000	0.00802424	820.000000	0.00800091	820.000000	0.00795267	820.000000	0.00791792	820.000000	0.00795278	820.000000	0.00799957	820.000000	1.34004e-06	
840.000000	0.00796884	840.000000	0.00795052	840.000000	0.00790464	840.000000	0.00787013	840.000000	0.00790484	840.000000	0.0079492 	840.000000	1.31039e-06	
860.000000	0.00791657	860.000000	0.00790299	860.000000	0.00785954	860.000000	0.007825  	860.000000	0.00785957	860.000000	0.0079017 	860.000000	1.28207e-06	
880.000000	0.00786724	880.000000	0.00785814	880.000000	0.00781698	880.000000	0.00778236	880.000000	0.0078168 	880.000000	0.00785688	880.000000	1.25498e-06	
900.000000	0.00782065	900.000000	0.00781579	900.000000	0.00777657	900.000000	0.00774203	900.000000	0.00777635	900.000000	0.00781456	900.000000	1.22906e-06	
920.000000	0.00777665	920.000000	0.00777579	920.000000	0.00773814	920.000000	0.00770386	920.000000	0.00773805	920.000000	0.00777458	920.000000	1.20421e-06	
940.000000	0.00773507	940.000000	0.00773798	940.000000	0.00770169	940.000000	0.00766772	940.000000	0.00770179	940.000000	0.0077368 	940.000000	1.18039e-06	
960.000000	0.00769577	960.000000	0.00770225	960.000000	0.00766726	960.000000	0.00763347	960.000000	0.00766743	960.000000	0.00770109	960.000000	1.15752e-06	
980.000000	0.00765862	980.000000	0.00766845	980.000000	0.00763478	980.000000	0.00760099	980.000000	0.00763485	980.000000	0.00766731	980.000000	1.13555e-06	
1000.000000	0.0076235 	1000.000000	0.00763647	1000.000000	0.00760403	1000.000000	0.00757017	1000.000000	0.00760392	1000.000000	0.00763536	1000.000000	1.11443e-06	
1020.000000	0.0075903 	1020.000000	0.00760622	1020.000000	0.00757481	1020.000000	0.00754092	1020.000000	0.00757457	1020.000000	0.00760513	1020.000000	1.09411e-06	
1040.000000	0.00755891	1040.000000	0.0075776 	1040.000000	0.00754693	1040.000000	0.00751313	1040.000000	0.00754669	1040.000000	0.00757652	1040.000000	1.07453e-06	
1060.000000	0.00752923	1060.000000	0.0075505 	1060.000000	0.00752032	1060.000000	0.00748673	1060.000000	0.0075202 	1060.000000	0.00754945	1060.000000	1.05567e-06	
1080.000000	0.00750119	1080.000000	0.00752486	1080.000000	0.00749499	1080.000000	0.00746163	1080.000000	0.00749501	1080.000000	0.00752382	1080.000000	1.03748e-06	
1100.000000	0.00747468	1100.000000	0.00750059	1100.000000	0.00747093	1100.000000	0.00743776	1100.000000	0.00747105	1100.000000	0.00749957	1100.000000	1.01993e-06	
1120.000000	0.00744964	1120.000000	0.00747763	1120.000000	0.00744814	1120.000000	0.00741505	1120.000000	0.00744826	1120.000000	0.00747662	1120.000000	1.00298e-06	
1140.000000	0.007426  	1140.000000	0.00745589	1140.000000	0.00742654	1140.000000	0.00739344	1140.000000	0.00742658	1140.000000	0.00745491	1140.000000	9.86606e-07	
1160.000000	0.00740368	1160.000000	0.00743533	1160.000000	0.00740601	1160.000000	0.00737287	1160.000000	0.00740592	1160.000000	0.00743436	1160.000000	9.70774e-07	
1180.000000	0.00738263	1180.000000	0.00741588	1180.000000	0.00738646	1180.000000	0.00735327	1180.000000	0.00738625	1180.000000	0.00741493	1180.000000	9.55459e-07	
1200.000000	0.00736278	1200.000000	0.00739749	1200.000000	0.00736779	1200.000000	0.00733461	1200.000000	0.00736751	1200.000000	0.00739655	1200.000000	9.40636e-07	
1220.000000	0.00734408	1220.000000	0.00738011	1220.000000	0.00734992	1220.000000	0.00731682	1220.000000	0.00734966	1220.000000	0.00737919	1220.000000	9.2628e-07	
1240.000000	0.00732648	1240.000000	0.00736369	1240.000000	0.00733282	1240.000000	0.00729987	1240.000000	0.00733265	1240.000000	0.00736278	1240.000000	9.12371e-07	
1260.000000	0.00730992	1260.000000	0.00734818	1260.000000	0.0073165 	1260.000000	0.00728372	1260.000000	0.00731643	1260.000000	0.00734728	1260.000000	8.98887e-07	
1280.000000	0.00729437	1280.000000	0.00733355	1280.000000	0.00730094	1280.000000	0.00726831	1280.000000	0.00730096	1280.000000	0.00733266	1280.000000	8.85809e-07	
1300.000000	0.00727978	1300.000000	0.00731974	1300.000000	0.00728613	1300.000000	0.00725363	1300.000000	0.00728621	1300.000000	0.00731887	1300.000000	8.73119e-07	
1320.000000	0.0072661 	1320.000000	0.00730674	1320.000000	0.00727205	1320.000000	0.00723962	1320.000000	0.00727214	1320.000000	0.00730588	1320.000000	8.60799e-07	
1340.000000	0.00725331	1340.000000	0.00729449	1340.000000	0.00725867	1340.000000	0.00722626	1340.000000	0.00725873	1340.000000	0.00729364	1340.000000	8.48833e-07	
1360.000000	0.00724136	1360.000000	0.00728298	1360.000000	0.00724595	1360.000000	0.00721352	1360.000000	0.00724593	1360.000000	0.00728214	1360.000000	8.37207e-07	
1380.000000	0.00723022	1380.000000	0.00727215	1380.000000	0.00723383	1380.000000	0.00720136	1380.000000	0.00723372	1380.000000	0.00727133	1380.000000	8.25905e-07	
1400.000000	0.00721986	1400.000000	0.007262  	1400.000000	0.00722227	1400.000000	0.00718977	1400.000000	0.00722207	1400.000000	0.00726119	1400.000000	8.14914e-07	
1420.000000	0.00721025	1420.000000	0.00725249	1420.000000	0.00721123	1420.000000	0.00717871	1420.000000	0.00721096	1420.000000	0.00725168	1420.000000	8.04221e-07	
1440.000000	0.00720135	1440.000000	0.00724359	1440.000000	0.00720066	1440.000000	0.00716815	1440.000000	0.00720036	1440.000000	0.00724279	1440.000000	7.93815e-07	
1460.000000	0.00719315	1460.000000	0.00723527	1460.000000	0.00719054	1460.000000	0.00715809	1460.000000	0.00719026	1460.000000	0.00723449	1460.000000	7.83684e-07	
1480.000000	0.00718562	1480.000000	0.00722753	1480.000000	0.00718085	1480.000000	0.00714849	1480.000000	0.00718061	1480.000000	0.00722675	1480.000000	7.73816e-07	
1500.000000	0.00717872	1500.000000	0.00722032	1500.000000	0.0071716 	1500.000000	0.00713934	1500.000000	0.00717141	1500.000000	0.00721956	1500.000000	7.64202e-07	
1520.000000	0.00717244	1520.000000	0.00721364	1520.000000	0.00716275	1520.000000	0.00713061	1520.000000	0.00716263	1520.000000	0.00721288	1520.000000	7.54831e-07	
1540.000000	0.00716676	1540.000000	0.00720746	1540.000000	0.00715432	1540.000000	0.00712228	1540.000000	0.00715427	1540.000000	0.00720671	1540.000000	7.45696e-07	
1560.000000	0.00716165	1560.000000	0.00720176	1560.000000	0.00714629	1560.000000	0.00711435	1560.000000	0.00714629	1560.000000	0.00720102	1560.000000	7.36786e-07	
1580.000000	0.0071571 	1580.000000	0.00719652	1580.000000	0.00713864	1580.000000	0.00710678	1580.000000	0.00713869	1580.000000	0.00719579	1580.000000	7.28093e-07	
1600.000000	0.00715308	1600.000000	0.00719173	1600.000000	0.00713138	1600.000000	0.00709958	1600.000000	0.00713144	1600.000000	0.00719101	1600.000000	7.1961e-07	
1620.000000	0.00714958	1620.000000	0.00718738	1620.000000	0.00712449	1620.000000	0.00709271	1620.000000	0.00712454	1620.000000	0.00718667	1620.000000	7.11328e-07	
1640.000000	0.00714658	1640.000000	0.00718344	1640.000000	0.00711795	1640.000000	0.00708618	1640.000000	0.00711796	1640.000000	0.00718273	1640.000000	7.03242e-07	
1660.000000	0.00714407	1660.000000	0.00717989	1660.000000	0.00711173	1660.000000	0.00707995	1660.000000	0.0071117 	1660.000000	0.0071792 	1660.000000	6.95343e-07	
1680.000000	0.00714202	1680.000000	0.00717674	1680.000000	0.00710583	1680.000000	0.00707403	1680.000000	0.00710575	1680.000000	0.00717605	1680.000000	6.87625e-07	
1700.000000	0.00714042	1700.000000	0.00717396	1700.000000	0.00710022	1700.000000	0.0070684 	1700.000000	0.00710008	1700.000000	0.00717328	1700.000000	6.80083e-07	
1750.000000	0.00713832	1750.000000	0.00716855	1750.000000	0.00708737	1750.000000	0.0070555 	1750.000000	0.0070871 	1750.000000	0.00716788	1750.000000	6.61954e-07	
1800.000000	0.00713875	1800.000000	0.0071652 	1800.000000	0.00707602	1800.000000	0.00704417	1800.000000	0.0070757 	1800.000000	0.00716456	1800.000000	6.44797e-07	
1850.000000	0.00714152	1850.000000	0.00716376	1850.000000	0.00706602	1850.000000	0.00703427	1850.000000	0.00706572	1850.000000	0.00716313	1850.000000	6.28534e-07	
1900.000000	0.00714648	1900.000000	0.00716406	1900.000000	0.00705726	1900.000000	0.00702565	1900.000000	0.00705703	1900.000000	0.00716345	1900.000000	6.13097e-07	
1950.000000	0.00715346	1950.000000	0.00716598	1950.000000	0.00704965	1950.000000	0.0070182 	1950.000000	0.00704952	1950.000000	0.00716538	1950.000000	5.98423e-07	
2000.000000	0.00716233	2000.000000	0.00716939	2000.000000	0.00704312	2000.000000	0.00701182	2000.000000	0.00704307	2000.000000	0.00716881	2000.000000	5.84458e-07	
2100.000000	0.00718526	2100.000000	0.00718028	2100.000000	0.00703299	2100.000000	0.00700188	2100.000000	0.00703302	2100.000000	0.00717972	2100.000000	5.58453e-07	
2200.000000	0.00721442	2200.000000	0.00719597	2200.000000	0.00702622	2200.000000	0.0069952 	2200.000000	0.00702624	2200.000000	0.00719544	2200.000000	5.34731e-07	
2300.000000	0.00724908	2300.000000	0.00721583	2300.000000	0.00702222	2300.000000	0.00699123	2300.000000	0.00702218	2300.000000	0.00721532	2300.000000	5.13001e-07	
2400.000000	0.00728864	2400.000000	0.00723934	2400.000000	0.00702051	2400.000000	0.00698956	2400.000000	0.00702042	2400.000000	0.00723885	2400.000000	4.93019e-07	
2500.000000	0.00733259	2500.000000	0.00726606	2500.000000	0.00702073	2500.000000	0.00698982	2500.000000	0.0070206 	2500.000000	0.00726559	2500.000000	4.74582e-07	
2600.000000	0.00738051	2600.000000	0.00729562	2600.000000	0.00702257	2600.000000	0.00699172	2600.000000	0.00702243	2600.000000	0.00729516	2600.000000	4.57515e-07	
2700.000000	0.00743201	2700.000000	0.0073277 	2700.000000	0.00702578	2700.000000	0.00699501	2700.000000	0.00702565	2700.000000	0.00732725	2700.000000	4.41668e-07	
2800.000000	0.00748679	2800.000000	0.00736201	2800.000000	0.00703016	2800.000000	0.00699948	2800.000000	0.00703007	2800.000000	0.00736159	2800.000000	4.26916e-07	
2900.000000	0.00754455	2900.000000	0.00739834	2900.000000	0.00703554	2900.000000	0.00700495	2900.000000	0.00703548	2900.000000	0.00739793	2900.000000	4.13145e-07	
3000.000000	0.00760507	3000.000000	0.00743647	3000.000000	0.00704177	3000.000000	0.00701128	3000.000000	0.00704176	3000.000000	0.00743607	3000.000000	4.00262e-07	
3200.000000	0.00773352	3200.000000	0.00751746	3200.000000	0.00705631	3200.000000	0.00702601	3200.000000	0.0070564 	3200.000000	0.00751708	3200.000000	3.76831e-07	
3400.000000	0.00787074	3400.000000	0.00760378	3400.000000	0.00707301	3400.000000	0.00704287	3400.000000	0.00707317	3400.000000	0.00760343	3400.000000	3.56066e-07	
3600.000000	0.00801561	3600.000000	0.00769453	3600.000000	0.00709127	3600.000000	0.00706124	3600.000000	0.00709147	3600.000000	0.00769419	3600.000000	3.37533e-07	
3800.000000	0.00816726	3800.000000	0.00778897	3800.000000	0.00711064	3800.000000	0.00708068	3800.000000	0.00711084	3800.000000	0.00778865	3800.000000	3.20886e-07	
4000.000000	0.00832498	4000.000000	0.00788654	4000.000000	0.00713078	4000.000000	0.00710086	4000.000000	0.00713096	4000.000000	0.00788623	4000.000000	3.0585e-07	
4200.000000	0.00848818	4200.000000	0.00798674	4200.000000	0.00715142	4200.000000	0.00712151	4200.000000	0.00715155	4200.000000	0.00798645	4200.000000	2.92199e-07	
4400.000000	0.00865639	4400.000000	0.00808921	4400.000000	0.00717234	4400.000000	0.00714244	4400.000000	0.00717243	4400.000000	0.00808893	4400.000000	2.79748e-07	
4600.000000	0.0088292 	4600.000000	0.00819362	4600.000000	0.00719338	4600.000000	0.0071635 	4600.000000	0.00719344	4600.000000	0.00819335	4600.000000	2.68345e-07	
4800.000000	0.00900629	4800.000000	0.00829971	4800.000000	0.00721445	4800.000000	0.00718458	4800.000000	0.00721447	4800.000000	0.00829945	4800.000000	2.57861e-07	
5000.000000	0.00918737	5000.000000	0.00840726	5000.000000	0.00723543	5000.000000	0.00720558	5000.000000	0.00723543	5000.000000	0.00840701	5000.000000	2.48188e-07	
5250.000000	0.00941898	5250.000000	0.00854347	5250.000000	0.00726145	5250.000000	0.00723163	5250.000000	0.00726143	5250.000000	0.00854323	5250.000000	2.371e-07 	
5500.000000	0.00965606	5500.000000	0.00868137	5500.000000	0.00728714	5500.000000	0.00725736	5500.000000	0.00728711	5500.000000	0.00868114	5500.000000	2.26987e-07	
6000.000000	0.0101454 	6000.000000	0.00896126	6000.000000	0.00733732	6000.000000	0.00730762	6000.000000	0.00733729	6000.000000	0.00896105	6000.000000	2.09212e-07	
6500.000000	0.0106533 	6500.000000	0.0092454 	6500.000000	0.00738568	6500.000000	0.00735605	6500.000000	0.00738563	6500.000000	0.0092452 	6500.000000	1.94086e-07	
7000.000000	0.0111783 	7000.000000	0.0095327 	7000.000000	0.00743208	7000.000000	0.00740251	7000.000000	0.00743201	7000.000000	0.00953252	7000.000000	1.81055e-07	
7500.000000	0.0117193 	7500.000000	0.00982237	7500.000000	0.00747652	7500.000000	0.007447  	7500.000000	0.00747641	7500.000000	0.0098222 	7500.000000	1.69708e-07	
8000.000000	0.0122756 	8000.000000	0.0101138 	8000.000000	0.00751907	8000.000000	0.00748955	8000.000000	0.00751888	8000.000000	0.0101137 	8000.000000	1.59735e-07	
8500.000000	0.0128464 	8500.000000	0.0104067 	8500.000000	0.00755968	8500.000000	0.00753025	8500.000000	0.0075595 	8500.000000	0.0104065 	8500.000000	1.509e-07 	
9000.000000	0.0134313 	9000.000000	0.0107005 	9000.000000	0.00759842	9000.000000	0.0075692 	9000.000000	0.00759837	9000.000000	0.0107004 	9000.000000	1.43016e-07	
9500.000000	0.0140298 	9500.000000	0.0109951 	9500.000000	0.0076355 	9500.000000	0.00760649	9500.000000	0.00763557	9500.000000	0.010995  	9500.000000	1.35936e-07	
10000.000000	0.0146418 	10000.000000	0.0112903 	10000.000000	0.00767107	10000.000000	0.00764221	10000.000000	0.00767121	10000.000000	0.0112902 	10000.000000	1.29542e-07	
11000.000000	0.0159049 	11000.000000	0.0118817 	11000.000000	0.00773808	11000.000000	0.00770938	11000.000000	0.0077382 	11000.000000	0.0118816 	11000.000000	1.18447e-07	
12000.000000	0.0172191 	12000.000000	0.0124739 	12000.000000	0.00780009	12000.000000	0.00777141	12000.000000	0.00780004	12000.000000	0.0124738 	12000.000000	1.09146e-07	
13000.000000	0.0185835 	13000.000000	0.0130662 	13000.000000	0.00785751	13000.000000	0.00782894	13000.000000	0.00785736	13000.000000	0.0130661 	13000.000000	1.01234e-07	
14000.000000	0.0199972 	14000.000000	0.0136582 	14000.000000	0.00791082	14000.000000	0.00788249	14000.000000	0.00791071	14000.000000	0.0136581 	14000.000000	9.44194e-08	
15000.000000	0.02146   	15000.000000	0.0142498 	15000.000000	0.00796052	15000.000000	0.00793254	15000.000000	0.00796053	15000.000000	0.0142497 	15000.000000	8.84863e-08	
16000.000000	0.0229716 	16000.000000	0.0148406 	16000.000000	0.00800711	16000.000000	0.00797947	16000.000000	0.00800722	16000.000000	0.0148405 	16000.000000	8.3273e-08	
17000.000000	0.0245317 	17000.000000	0.0154306 	17000.000000	0.00805096	17000.000000	0.00802361	17000.000000	0.00805111	17000.000000	0.0154306 	17000.000000	7.86549e-08	
18000.000000	0.0261403 	18000.000000	0.0160198 	18000.000000	0.00809237	18000.000000	0.00806526	18000.000000	0.0080925 	18000.000000	0.0160197 	18000.000000	7.45348e-08	
19000.000000	0.0277973 	19000.000000	0.016608  	19000.000000	0.00813158	19000.000000	0.00810466	19000.000000	0.00813161	19000.000000	0.0166079 	19000.000000	7.08356e-08	
20000.000000	0.0295028 	20000.000000	0.0171953 	20000.000000	0.0081688 	20000.000000	0.00814203	20000.000000	0.00816869	20000.000000	0.0171952 	20000.000000	6.74954e-08	
21000.000000	0.0312569 	21000.000000	0.0177815 	21000.000000	0.00820408	21000.000000	0.00817754	21000.000000	0.0082039 	21000.000000	0.0177815 	21000.000000	6.44639e-08	
22000.000000	0.0330597 	22000.000000	0.0183668 	22000.000000	0.0082374 	22000.000000	0.00821138	22000.000000	0.00823742	22000.000000	0.0183668 	22000.000000	6.17e-08  	
23000.000000	0.0349112 	23000.000000	0.0189512 	23000.000000	0.00826942	23000.000000	0.00824367	23000.000000	0.00826938	23000.000000	0.0189511 	23000.000000	5.91693e-08	
24000.000000	0.0368117 	24000.000000	0.0195345 	24000.000000	0.00830016	24000.000000	0.00827455	24000.000000	0.00829991	24000.000000	0.0195345 	24000.000000	5.68433e-08	
25000.000000	0.0387613 	25000.000000	0.0201169 	25000.000000	0.00832947	25000.000000	0.00830413	25000.000000	0.00832914	25000.000000	0.0201169 	25000.000000	5.46979e-08	
26000.000000	0.0407601 	26000.000000	0.0206984 	26000.000000	0.00835746	26000.000000	0.0083325 	26000.000000	0.00835713	26000.000000	0.0206984 	26000.000000	5.27127e-08	
27000.000000	0.0428085 	27000.000000	0.021279  	27000.000000	0.00838428	27000.000000	0.00835977	27000.000000	0.00838402	27000.000000	0.0212789 	27000.000000	5.08702e-08	
28000.000000	0.0449065 	28000.000000	0.0218586 	28000.000000	0.00841005	28000.000000	0.008386  	28000.000000	0.00840984	28000.000000	0.0218586 	28000.000000	4.91555e-08	
29000.000000	0.0470544 	29000.000000	0.0224374 	29000.000000	0.00843486	29000.000000	0.00841126	29000.000000	0.0084347 	29000.000000	0.0224373 	29000.000000	4.75556e-08	
30000.000000	0.0492524 	30000.000000	0.0230153 	30000.000000	0.00845878	30000.000000	0.00843564	30000.000000	0.00845864	30000.000000	0.0230152 	30000.000000	4.60593e-08	
32000.000000	0.0537997 	32000.000000	0.0241685 	32000.000000	0.00850419	32000.000000	0.00848192	32000.000000	0.00850404	32000.000000	0.0241685 	32000.000000	4.33391e-08	
34000.000000	0.0585503 	34000.000000	0.0253186 	34000.000000	0.00854667	34000.000000	0.00852526	34000.000000	0.00854642	34000.000000	0.0253185 	34000.000000	4.09299e-08	
36000.000000	0.0635062 	36000.000000	0.0264655 	36000.000000	0.00858642	36000.000000	0.00856599	36000.000000	0.00858614	36000.000000	0.0264654 	36000.000000	3.87808e-08	
38000.000000	0.0686693 	38000.000000	0.0276094 	38000.000000	0.0086237 	38000.000000	0.00860439	38000.000000	0.0086235 	38000.000000	0.0276094 	38000.000000	3.68516e-08	
40000.000000	0.0740419 	40000.000000	0.0287505 	40000.000000	0.00865881	40000.000000	0.00864071	40000.000000	0.00865872	40000.000000	0.0287505 	40000.000000	3.51098e-08	
42000.000000	0.0796261 	42000.000000	0.0298889 	42000.000000	0.0086921 	42000.000000	0.00867516	42000.000000	0.008692  	42000.000000	0.0298889 	42000.000000	3.35292e-08	
44000.000000	0.0854241 	44000.000000	0.0310247 	44000.000000	0.00872379	44000.000000	0.00870791	44000.000000	0.00872356	44000.000000	0.0310247 	44000.000000	3.20883e-08	
46000.000000	0.091438  	46000.000000	0.0321581 	46000.000000	0.00875405	46000.000000	0.00873912	46000.000000	0.00875348	46000.000000	0.032158  	46000.000000	3.07691e-08	
48000.000000	0.0976703 	48000.000000	0.033289  	48000.000000	0.00878296	48000.000000	0.00876892	48000.000000	0.00878199	48000.000000	0.0332889 	48000.000000	2.95567e-08	
50000.000000	0.104123  	50000.000000	0.0344176 	50000.000000	0.00881048	50000.000000	0.00879744	50000.000000	0.00880912	50000.000000	0.0344176 	50000.000000	2.84386e-08	
