*Energy (MeV/u)1	0 - [He-base] F.Hubert et al, AD&ND Tables 46(1990)1	Energy (MeV/u)2	1 - [H -base] J.F.Ziegler et al, Pergamon Press, NY (low energy)	Energy (MeV/u)3	2 - ATIMA 1.2  LS-theory (recommended for high energy)	Energy (MeV/u)4	3 - ATIMA 1.2  without LS-correction	Energy (MeV/u)5	4 - electrical component of [1] - J.F.Ziegler et al	Energy (MeV/u)6	5 - nuclear component of [1] - J.F.Ziegler et al	
0.001000	0.200987  	0.001000	0.200987  	0.001000	0.178116  	0.001000	0.178116  	0.001000	0.131798  	0.001000	0.0691888 	
0.002000	0.219174  	0.002000	0.219174  	0.002000	0.202298  	0.002000	0.202298  	0.002000	0.170921  	0.002000	0.0482534 	
0.005000	0.268251  	0.005000	0.268251  	0.005000	0.270813  	0.005000	0.270813  	0.005000	0.241003  	0.005000	0.0272488 	
0.008000	0.306956  	0.008000	0.306956  	0.008000	0.327591  	0.008000	0.327591  	0.008000	0.287453  	0.008000	0.0195036 	
0.010000	0.329164  	0.010000	0.329164  	0.010000	0.361074  	0.010000	0.361074  	0.010000	0.312542  	0.010000	0.016622  	
0.015000	0.385269  	0.015000	0.385269  	0.015000	0.40873   	0.015000	0.40873   	0.015000	0.372953  	0.015000	0.0123159 	
0.020000	0.43026   	0.020000	0.43026   	0.020000	0.454942  	0.020000	0.454942  	0.020000	0.420366  	0.020000	0.00989387	
0.025000	0.48091   	0.025000	0.48091   	0.025000	0.498922  	0.025000	0.498922  	0.025000	0.472587  	0.025000	0.00832275	
0.030000	0.523942  	0.030000	0.523942  	0.030000	0.526096  	0.030000	0.526096  	0.030000	0.516729  	0.030000	0.00721319	
0.035000	0.559366  	0.035000	0.559366  	0.035000	0.55049   	0.035000	0.55049   	0.035000	0.552983  	0.035000	0.00638389	
0.040000	0.5873    	0.040000	0.5873    	0.040000	0.572352  	0.040000	0.572352  	0.040000	0.581561  	0.040000	0.00573837	
0.045000	0.607883  	0.045000	0.607883  	0.045000	0.591901  	0.045000	0.591901  	0.045000	0.602663  	0.045000	0.00522031	
0.050000	0.6206    	0.050000	0.6206    	0.050000	0.609334  	0.050000	0.609334  	0.050000	0.615805  	0.050000	0.00479452	
0.055000	0.64687   	0.055000	0.64687   	0.055000	0.624834  	0.055000	0.624834  	0.055000	0.642432  	0.055000	0.0044378 	
0.060000	0.669017  	0.060000	0.669017  	0.060000	0.638572  	0.060000	0.638572  	0.060000	0.664883  	0.060000	0.00413422	
0.070000	0.702166  	0.070000	0.702166  	0.070000	0.661386  	0.070000	0.661386  	0.070000	0.698522  	0.070000	0.00364419	
0.080000	0.737548  	0.080000	0.737548  	0.080000	0.678923  	0.080000	0.678923  	0.080000	0.734283  	0.080000	0.0032649 	
0.090000	0.763912  	0.090000	0.763912  	0.090000	0.692176  	0.090000	0.692176  	0.090000	0.76095   	0.090000	0.00296191	
0.100000	0.783529  	0.100000	0.783529  	0.100000	0.701987  	0.100000	0.701987  	0.100000	0.780815  	0.100000	0.00271384	
0.120000	0.79055   	0.120000	0.79055   	0.120000	0.713978  	0.120000	0.713978  	0.120000	0.788219  	0.120000	0.00233092	
0.140000	0.789666  	0.140000	0.789666  	0.140000	0.719124  	0.140000	0.719124  	0.140000	0.787618  	0.140000	0.00204822	
0.160000	0.790778  	0.160000	0.790778  	0.160000	0.720145  	0.160000	0.720145  	0.160000	0.788948  	0.160000	0.00183031	
0.180000	0.795428  	0.180000	0.795428  	0.180000	0.718721  	0.180000	0.718721  	0.180000	0.793771  	0.180000	0.00165683	
0.200000	0.79955   	0.200000	0.79955   	0.200000	0.71586   	0.200000	0.71586   	0.200000	0.798035  	0.200000	0.0015152 	
0.250000	0.789772  	0.250000	0.789772  	0.250000	0.705726  	0.250000	0.705726  	0.250000	0.788519  	0.250000	0.00125293	
0.300000	0.786516  	0.300000	0.786516  	0.300000	0.693941  	0.300000	0.693941  	0.300000	0.785444  	0.300000	0.00107186	
0.350000	0.781992  	0.350000	0.781992  	0.350000	0.686177  	0.350000	0.686177  	0.350000	0.781053  	0.350000	0.000938856	
0.400000	0.780948  	0.400000	0.780948  	0.400000	0.677754  	0.400000	0.677754  	0.400000	0.780111  	0.400000	0.000836746	
0.450000	0.775457  	0.450000	0.775457  	0.450000	0.667624  	0.450000	0.667624  	0.450000	0.774702  	0.450000	0.000755728	
0.500000	0.765623  	0.500000	0.765623  	0.500000	0.656197  	0.500000	0.656197  	0.500000	0.764933  	0.500000	0.000689779	
0.600000	0.71316   	0.600000	0.71316   	0.600000	0.630805  	0.600000	0.630805  	0.600000	0.712572  	0.600000	0.000588695	
0.700000	0.658217  	0.700000	0.658217  	0.700000	0.605854  	0.700000	0.605854  	0.700000	0.657702  	0.700000	0.000514653	
0.800000	0.627272  	0.800000	0.627272  	0.800000	0.581904  	0.800000	0.581904  	0.800000	0.626815  	0.800000	0.000457945	
0.900000	0.597978  	0.900000	0.597978  	0.900000	0.559183  	0.900000	0.559183  	0.900000	0.597565  	0.900000	0.000413039	
1.000000	0.570606  	1.000000	0.570606  	1.000000	0.537756  	1.000000	0.537756  	1.000000	0.57023   	1.000000	0.000376547	
1.250000	0.507062  	1.250000	0.507062  	1.250000	0.487485  	1.250000	0.487485  	1.250000	0.506753  	1.250000	0.000309391	
1.500000	0.455768  	1.500000	0.455768  	1.500000	0.445728  	1.500000	0.445728  	1.500000	0.455504  	1.500000	0.000263377	
1.750000	0.413877  	1.750000	0.413877  	1.750000	0.410523  	1.750000	0.410523  	1.750000	0.413647  	1.750000	0.000229775	
2.000000	0.377036  	2.000000	0.377036  	2.000000	0.380314  	2.000000	0.380314  	2.000000	0.376832  	2.000000	0.000204102	
2.250000	0.346658  	2.250000	0.346658  	2.250000	0.354099  	2.250000	0.354099  	2.250000	0.346474  	2.250000	0.000183815	
2.500000	0.3147    	2.500000	0.321439  	2.500000	0.331157  	2.500000	0.331157  	2.500000	0.321272  	2.500000	0.000167358	
3.000000	0.277781  	3.000000	0.281527  	3.000000	0.293039  	3.000000	0.293039  	3.000000	0.281385  	3.000000	0.000142241	
3.500000	0.249045  	3.500000	0.250983  	3.500000	0.262726  	3.500000	0.262726  	3.500000	0.250859  	3.500000	0.000123932	
4.000000	0.226013  	4.000000	0.226651  	4.000000	0.238132  	4.000000	0.238132  	4.000000	0.226541  	4.000000	0.000109965	
4.500000	0.207122  	4.500000	0.206733  	4.500000	0.217829  	4.500000	0.217829  	4.500000	0.206634  	4.500000	9.89425e-05	
5.000000	0.191332  	5.000000	0.190098  	5.000000	0.200807  	5.000000	0.200807  	5.000000	0.190008  	5.000000	9.00107e-05	
5.500000	0.177927  	5.500000	0.176277  	5.500000	0.186342  	5.500000	0.186342  	5.500000	0.176195  	5.500000	8.26193e-05	
6.000000	0.166398  	6.000000	0.164399  	6.000000	0.173901  	6.000000	0.173901  	6.000000	0.164322  	6.000000	7.63967e-05	
6.500000	0.15637   	6.500000	0.154077  	6.500000	0.16309   	6.500000	0.16309   	6.500000	0.154006  	6.500000	7.10825e-05	
7.000000	0.147565  	7.000000	0.145022  	7.000000	0.153605  	7.000000	0.153605  	7.000000	0.144956  	7.000000	6.64887e-05	
7.500000	0.139768  	7.500000	0.137013  	7.500000	0.145217  	7.500000	0.145217  	7.500000	0.136951  	7.500000	6.24762e-05	
8.000000	0.132813  	8.000000	0.129877  	8.000000	0.137744  	8.000000	0.137744  	8.000000	0.129818  	8.000000	5.89399e-05	
8.500000	0.126568  	8.500000	0.123477  	8.500000	0.131041  	8.500000	0.131041  	8.500000	0.123421  	8.500000	5.57986e-05	
9.000000	0.120928  	9.000000	0.117704  	9.000000	0.124996  	9.000000	0.124996  	9.000000	0.117651  	9.000000	5.29887e-05	
9.500000	0.115808  	9.500000	0.112469  	9.500000	0.119513  	9.500000	0.119513  	9.500000	0.112418  	9.500000	5.04598e-05	
10.000000	0.111138  	10.000000	0.111236  	10.000000	0.114517  	10.000000	0.114517  	10.000000	0.111187  	10.000000	4.81711e-05	
11.000000	0.102926  	11.000000	0.103157  	11.000000	0.105557  	11.000000	0.105587  	11.000000	0.103113  	11.000000	4.41876e-05	
12.000000	0.0959351 	12.000000	0.0962428 	12.000000	0.0979677 	12.000000	0.0980165 	12.000000	0.096202  	12.000000	4.08365e-05	
13.000000	0.0899069 	13.000000	0.0902565 	13.000000	0.0914573 	13.000000	0.0915174 	13.000000	0.0902185 	13.000000	3.79764e-05	
14.000000	0.0846527 	14.000000	0.0850218 	14.000000	0.0858109 	14.000000	0.0858778 	14.000000	0.0849863 	14.000000	3.55056e-05	
15.000000	0.0800303 	15.000000	0.0804044 	15.000000	0.0808678 	15.000000	0.0809386 	15.000000	0.0803711 	15.000000	3.33486e-05	
16.000000	0.0759305 	16.000000	0.0763001 	16.000000	0.0765062 	16.000000	0.0765777 	16.000000	0.0762687 	16.000000	3.14485e-05	
17.000000	0.072268  	17.000000	0.0726271 	17.000000	0.0726304 	17.000000	0.0727003 	17.000000	0.0725974 	17.000000	2.97615e-05	
18.000000	0.0689753 	18.000000	0.06932   	18.000000	0.0691637 	18.000000	0.0692311 	18.000000	0.0692918 	18.000000	2.82531e-05	
19.000000	0.0659981 	19.000000	0.0663262 	19.000000	0.0660446 	19.000000	0.0661099 	19.000000	0.0662993 	19.000000	2.68961e-05	
20.000000	0.0632926 	20.000000	0.0636025 	20.000000	0.0632237 	20.000000	0.0632879 	20.000000	0.0635769 	20.000000	2.56684e-05	
21.000000	0.0608225 	21.000000	0.0611136 	21.000000	0.0606625 	21.000000	0.060725  	21.000000	0.0610891 	21.000000	2.45522e-05	
22.000000	0.0585578 	22.000000	0.05883   	22.000000	0.0583299 	22.000000	0.0583881 	22.000000	0.0588065 	22.000000	2.35328e-05	
23.000000	0.0564735 	23.000000	0.0567269 	23.000000	0.0561971 	23.000000	0.0562494 	23.000000	0.0567043 	23.000000	2.25979e-05	
24.000000	0.0545486 	24.000000	0.0547835 	24.000000	0.0542383 	24.000000	0.0542858 	24.000000	0.0547618 	24.000000	2.17373e-05	
25.000000	0.0527651 	25.000000	0.0529821 	25.000000	0.0524334 	25.000000	0.0524774 	25.000000	0.0529611 	25.000000	2.09424e-05	
27.000000	0.0495631 	27.000000	0.0497462 	27.000000	0.0492249 	27.000000	0.0492612 	27.000000	0.0497266 	27.000000	1.95213e-05	
29.000000	0.046769  	29.000000	0.0469208 	29.000000	0.0464647 	29.000000	0.0464921 	29.000000	0.0469025 	29.000000	1.82875e-05	
31.000000	0.0443082 	31.000000	0.0444316 	31.000000	0.0440406 	31.000000	0.0440573 	31.000000	0.0444144 	31.000000	1.72059e-05	
33.000000	0.0421234 	33.000000	0.0422211 	33.000000	0.0418677 	33.000000	0.0418743 	33.000000	0.0422049 	33.000000	1.62497e-05	
35.000000	0.0401698 	35.000000	0.0402445 	35.000000	0.0399198 	35.000000	0.0399219 	35.000000	0.0402291 	35.000000	1.53979e-05	
38.000000	0.0375974 	38.000000	0.0376418 	38.000000	0.0373581 	38.000000	0.0373504 	38.000000	0.0376275 	38.000000	1.42811e-05	
41.000000	0.035375  	41.000000	0.0353936 	41.000000	0.0351419 	41.000000	0.0351283 	41.000000	0.0353803 	41.000000	1.33208e-05	
44.000000	0.0334343 	44.000000	0.0334313 	44.000000	0.0332045 	44.000000	0.0331877 	44.000000	0.0334188 	44.000000	1.24859e-05	
47.000000	0.0317242 	47.000000	0.0317029 	47.000000	0.0314976 	47.000000	0.0314776 	47.000000	0.0316912 	47.000000	1.1753e-05	
50.000000	0.0302051 	50.000000	0.0301685 	50.000000	0.0299805 	50.000000	0.0299585 	50.000000	0.0301574 	50.000000	1.11043e-05	
55.000000	0.0280167 	55.000000	0.0279601 	55.000000	0.0278    	55.000000	0.0277707 	55.000000	0.02795   	55.000000	1.0174e-05	
60.000000	0.0261688 	60.000000	0.0260978 	60.000000	0.0259551 	60.000000	0.0259241 	60.000000	0.0260884 	60.000000	9.3924e-06	
65.000000	0.0245863 	65.000000	0.0245052 	65.000000	0.0243739 	65.000000	0.0243437 	65.000000	0.0244965 	65.000000	8.72615e-06	
70.000000	0.0232148 	70.000000	0.0231272 	70.000000	0.0230073 	70.000000	0.0229751 	70.000000	0.023119  	70.000000	8.1512e-06	
75.000000	0.0220138 	75.000000	0.0219226 	75.000000	0.0218114 	75.000000	0.021778  	75.000000	0.0219149 	75.000000	7.6498e-06	
80.000000	0.0209529 	80.000000	0.0208603 	80.000000	0.020756  	80.000000	0.0207215 	80.000000	0.0208531 	80.000000	7.20854e-06	
85.000000	0.0200084 	85.000000	0.0199162 	85.000000	0.0198174 	85.000000	0.0197821 	85.000000	0.0199094 	85.000000	6.81708e-06	
90.000000	0.0191617 	90.000000	0.0190715 	90.000000	0.0189746 	90.000000	0.0189411 	90.000000	0.019065  	90.000000	6.46736e-06	
95.000000	0.0183981 	95.000000	0.018311  	95.000000	0.0182179 	95.000000	0.0181836 	95.000000	0.0183049 	95.000000	6.15296e-06	
100.000000	0.0177056 	100.000000	0.0176228 	100.000000	0.0175326 	100.000000	0.0174977 	100.000000	0.0176169 	100.000000	5.86874e-06	
105.000000	0.0170745 	105.000000	0.0169968 	105.000000	0.0169092 	105.000000	0.0168737 	105.000000	0.0169911 	105.000000	5.6105e-06	
110.000000	0.0164968 	110.000000	0.0164248 	110.000000	0.0163376 	110.000000	0.0163034 	110.000000	0.0164195 	110.000000	5.37479e-06	
115.000000	0.0159659 	115.000000	0.0159002 	115.000000	0.015814  	115.000000	0.0157801 	115.000000	0.0158951 	115.000000	5.15876e-06	
120.000000	0.0154761 	120.000000	0.0154173 	120.000000	0.0153329 	120.000000	0.0152982 	120.000000	0.0154123 	120.000000	4.96001e-06	
125.000000	0.0150227 	125.000000	0.0149711 	125.000000	0.0148874 	125.000000	0.0148529 	125.000000	0.0149664 	125.000000	4.77653e-06	
130.000000	0.0146017 	130.000000	0.0145577 	130.000000	0.0144736 	130.000000	0.0144403 	130.000000	0.0145531 	130.000000	4.60659e-06	
135.000000	0.0142097 	135.000000	0.0141736 	135.000000	0.0140901 	135.000000	0.0140568 	135.000000	0.0141691 	135.000000	4.44875e-06	
140.000000	0.0138437 	140.000000	0.0138156 	140.000000	0.0137333 	140.000000	0.0136994 	140.000000	0.0138113 	140.000000	4.30173e-06	
145.000000	0.0135012 	145.000000	0.0134813 	145.000000	0.0133993 	145.000000	0.0133655 	145.000000	0.0134771 	145.000000	4.16444e-06	
150.000000	0.0131798 	150.000000	0.0131683 	150.000000	0.0130857 	150.000000	0.013053  	150.000000	0.0131642 	150.000000	4.03595e-06	
155.000000	0.0127273 	155.000000	0.0128746 	155.000000	0.0127924 	155.000000	0.0127597 	155.000000	0.0128707 	155.000000	3.91542e-06	
160.000000	0.0124621 	160.000000	0.0125985 	160.000000	0.0125168 	160.000000	0.0124841 	160.000000	0.0125947 	160.000000	3.80213e-06	
165.000000	0.012212  	165.000000	0.0123385 	165.000000	0.0122563 	165.000000	0.0122244 	165.000000	0.0123348 	165.000000	3.69543e-06	
170.000000	0.0119758 	170.000000	0.0120932 	170.000000	0.0120109 	170.000000	0.0119794 	170.000000	0.0120896 	170.000000	3.59476e-06	
175.000000	0.0117522 	175.000000	0.0118614 	175.000000	0.0117797 	175.000000	0.0117479 	175.000000	0.0118579 	175.000000	3.49962e-06	
180.000000	0.0115404 	180.000000	0.0116419 	180.000000	0.0115609 	180.000000	0.0115288 	180.000000	0.0116385 	180.000000	3.40955e-06	
185.000000	0.0113393 	185.000000	0.0114339 	185.000000	0.011353  	185.000000	0.0113211 	185.000000	0.0114305 	185.000000	3.32417e-06	
190.000000	0.0111482 	190.000000	0.0112364 	190.000000	0.0111551 	190.000000	0.011124  	190.000000	0.0112331 	190.000000	3.2431e-06	
195.000000	0.0109663 	195.000000	0.0110486 	195.000000	0.0109675 	195.000000	0.0109366 	195.000000	0.0110455 	195.000000	3.16603e-06	
200.000000	0.0107931 	200.000000	0.01087   	200.000000	0.0107894 	200.000000	0.0107583 	200.000000	0.0108669 	200.000000	3.09266e-06	
210.000000	0.0104699 	210.000000	0.0105373 	210.000000	0.0104565 	210.000000	0.0104264 	210.000000	0.0105344 	210.000000	2.956e-06 	
220.000000	0.0101746 	220.000000	0.010234  	220.000000	0.010154  	220.000000	0.0101238 	220.000000	0.0102312 	220.000000	2.83129e-06	
230.000000	0.00990358	230.000000	0.00995624	230.000000	0.00987625	230.000000	0.00984686	230.000000	0.00995352	230.000000	2.71702e-06	
240.000000	0.00965401	240.000000	0.00970098	240.000000	0.00962156	240.000000	0.00959246	240.000000	0.00969837	240.000000	2.61191e-06	
250.000000	0.0094234 	250.000000	0.00946562	250.000000	0.00938747	250.000000	0.00935799	250.000000	0.0094631 	250.000000	2.51489e-06	
260.000000	0.00920968	260.000000	0.00924792	260.000000	0.00917026	260.000000	0.00914122	260.000000	0.00924549	260.000000	2.42506e-06	
270.000000	0.00901104	270.000000	0.00904598	270.000000	0.00896868	270.000000	0.00894024	270.000000	0.00904364	270.000000	2.34162e-06	
280.000000	0.00882595	280.000000	0.00885818	280.000000	0.00878201	280.000000	0.00875343	280.000000	0.00885591	280.000000	2.26393e-06	
290.000000	0.00865307	290.000000	0.00868308	290.000000	0.00860727	290.000000	0.00857935	290.000000	0.00868089	290.000000	2.19139e-06	
300.000000	0.00849122	300.000000	0.00851948	300.000000	0.0084445 	300.000000	0.00841679	300.000000	0.00851735	300.000000	2.1235e-06	
310.000000	0.00833941	310.000000	0.00836627	310.000000	0.00829237	310.000000	0.00826464	310.000000	0.00836421	310.000000	2.05983e-06	
320.000000	0.00819671	320.000000	0.00822253	320.000000	0.00814906	320.000000	0.00812197	320.000000	0.00822053	320.000000	1.99999e-06	
330.000000	0.00806236	330.000000	0.00808742	330.000000	0.00801493	330.000000	0.00798794	330.000000	0.00808548	330.000000	1.94365e-06	
340.000000	0.00793563	340.000000	0.00796019	340.000000	0.00788882	340.000000	0.00786181	340.000000	0.0079583 	340.000000	1.89049e-06	
350.000000	0.00781592	350.000000	0.0078402 	350.000000	0.00776939	350.000000	0.00774291	350.000000	0.00783836	350.000000	1.84026e-06	
360.000000	0.00770266	360.000000	0.00772686	360.000000	0.00765692	360.000000	0.00763066	360.000000	0.00772507	360.000000	1.79271e-06	
370.000000	0.00759536	370.000000	0.00761965	370.000000	0.00755092	370.000000	0.00752454	370.000000	0.0076179 	370.000000	1.74764e-06	
380.000000	0.00749357	380.000000	0.00751809	380.000000	0.00745015	380.000000	0.00742408	380.000000	0.00751638	380.000000	1.70486e-06	
390.000000	0.00739688	390.000000	0.00742176	390.000000	0.00735448	390.000000	0.00732884	390.000000	0.0074201 	390.000000	1.66419e-06	
400.000000	0.00730493	400.000000	0.00733029	400.000000	0.00726409	400.000000	0.00723845	400.000000	0.00732867	400.000000	1.62547e-06	
410.000000	0.00721739	410.000000	0.00724333	410.000000	0.00717825	410.000000	0.00715256	410.000000	0.00724174	410.000000	1.58858e-06	
420.000000	0.00713396	420.000000	0.00716057	420.000000	0.00709622	420.000000	0.00707085	420.000000	0.00715901	420.000000	1.55337e-06	
430.000000	0.00705437	430.000000	0.00708171	430.000000	0.00701805	430.000000	0.00699304	430.000000	0.00708019	430.000000	1.51975e-06	
440.000000	0.00697837	440.000000	0.00700651	440.000000	0.00694387	440.000000	0.00691887	440.000000	0.00700503	440.000000	1.4876e-06	
450.000000	0.00690573	450.000000	0.00693473	450.000000	0.00687318	450.000000	0.00684811	450.000000	0.00693328	450.000000	1.45682e-06	
460.000000	0.00683624	460.000000	0.00686615	460.000000	0.00680541	460.000000	0.00678052	460.000000	0.00686472	460.000000	1.42733e-06	
470.000000	0.00676972	470.000000	0.00680057	470.000000	0.00674045	470.000000	0.00671592	470.000000	0.00679917	470.000000	1.39905e-06	
480.000000	0.00670598	480.000000	0.00673781	480.000000	0.00667848	480.000000	0.00665411	480.000000	0.00673644	480.000000	1.37191e-06	
490.000000	0.00664486	490.000000	0.0066777 	490.000000	0.00661933	490.000000	0.0065949 	490.000000	0.00667636	490.000000	1.34583e-06	
500.000000	0.00658622	500.000000	0.00662009	500.000000	0.00656265	500.000000	0.00653819	500.000000	0.00661877	500.000000	1.32076e-06	
520.000000	0.00647582	520.000000	0.0065118 	520.000000	0.00645559	520.000000	0.00643161	520.000000	0.00651053	520.000000	1.27341e-06	
540.000000	0.00637378	540.000000	0.00641193	540.000000	0.00635716	540.000000	0.00633334	540.000000	0.0064107 	540.000000	1.22944e-06	
560.000000	0.00627926	560.000000	0.00631958	560.000000	0.00626634	560.000000	0.0062425 	560.000000	0.00631839	560.000000	1.18849e-06	
580.000000	0.00619152	580.000000	0.00623401	580.000000	0.00618173	580.000000	0.00615834	580.000000	0.00623286	580.000000	1.15027e-06	
600.000000	0.00610991	600.000000	0.00615455	600.000000	0.00610346	600.000000	0.00608019	600.000000	0.00615344	600.000000	1.11451e-06	
620.000000	0.00603386	620.000000	0.00608063	620.000000	0.00603081	620.000000	0.00600748	620.000000	0.00607955	620.000000	1.08098e-06	
640.000000	0.0059629 	640.000000	0.00601175	640.000000	0.00596271	640.000000	0.00593971	640.000000	0.0060107 	640.000000	1.04946e-06	
660.000000	0.00589657	660.000000	0.00594745	660.000000	0.00589915	660.000000	0.00587642	660.000000	0.00594643	660.000000	1.01979e-06	
680.000000	0.00583449	680.000000	0.00588735	680.000000	0.00584002	680.000000	0.00581723	680.000000	0.00588636	680.000000	9.918e-07 	
700.000000	0.00577631	700.000000	0.00583109	700.000000	0.00578454	700.000000	0.00576178	700.000000	0.00583012	700.000000	9.65354e-07	
720.000000	0.00572173	720.000000	0.00577835	720.000000	0.00573223	720.000000	0.00570976	720.000000	0.00577741	720.000000	9.40326e-07	
740.000000	0.00567047	740.000000	0.00572887	740.000000	0.00568315	740.000000	0.0056609 	740.000000	0.00572796	740.000000	9.16603e-07	
760.000000	0.00562228	760.000000	0.0056824 	760.000000	0.00563722	760.000000	0.00561494	760.000000	0.0056815 	760.000000	8.94084e-07	
780.000000	0.00557694	780.000000	0.00563869	780.000000	0.00559398	780.000000	0.00557167	780.000000	0.00563782	780.000000	8.7268e-07	
800.000000	0.00553425	800.000000	0.00559756	800.000000	0.00555303	800.000000	0.00553087	800.000000	0.00559671	800.000000	8.52308e-07	
820.000000	0.00549402	820.000000	0.00555882	820.000000	0.00551428	820.000000	0.00549236	820.000000	0.00555799	820.000000	8.32895e-07	
840.000000	0.00545609	840.000000	0.0055223 	840.000000	0.00547775	840.000000	0.00545599	840.000000	0.00552148	840.000000	8.14375e-07	
860.000000	0.0054203 	860.000000	0.00548785	860.000000	0.00544338	860.000000	0.00542159	860.000000	0.00548705	860.000000	7.96686e-07	
880.000000	0.00538653	880.000000	0.00545533	880.000000	0.00541087	880.000000	0.00538904	880.000000	0.00545455	880.000000	7.79772e-07	
900.000000	0.00535463	900.000000	0.00542462	900.000000	0.00537999	900.000000	0.0053582 	900.000000	0.00542386	900.000000	7.63584e-07	
920.000000	0.0053245 	920.000000	0.00539561	920.000000	0.00535058	920.000000	0.00532896	920.000000	0.00539486	920.000000	7.48076e-07	
940.000000	0.00529603	940.000000	0.00536817	940.000000	0.00532265	940.000000	0.00530122	940.000000	0.00536744	940.000000	7.33204e-07	
960.000000	0.00526912	960.000000	0.00534223	960.000000	0.0052962 	960.000000	0.00527489	960.000000	0.00534151	960.000000	7.18931e-07	
980.000000	0.00524369	980.000000	0.00531769	980.000000	0.00527118	980.000000	0.00524987	980.000000	0.00531698	980.000000	7.0522e-07	
1000.000000	0.00521964	1000.000000	0.00529446	1000.000000	0.00524743	1000.000000	0.00522608	1000.000000	0.00529377	1000.000000	6.92038e-07	
1020.000000	0.00519691	1020.000000	0.00527248	1020.000000	0.00522482	1020.000000	0.00520344	1020.000000	0.0052718 	1020.000000	6.79355e-07	
1040.000000	0.00517542	1040.000000	0.00525167	1040.000000	0.00520322	1040.000000	0.0051819 	1040.000000	0.005251  	1040.000000	6.67143e-07	
1060.000000	0.0051551 	1060.000000	0.00523197	1060.000000	0.00518257	1060.000000	0.00516138	1060.000000	0.00523131	1060.000000	6.55377e-07	
1080.000000	0.0051359 	1080.000000	0.00521331	1080.000000	0.00516287	1080.000000	0.00514183	1080.000000	0.00521267	1080.000000	6.4403e-07	
1100.000000	0.00511775	1100.000000	0.00519564	1100.000000	0.00514411	1100.000000	0.00512319	1100.000000	0.00519501	1100.000000	6.33083e-07	
1120.000000	0.00510061	1120.000000	0.00517891	1120.000000	0.00512628	1120.000000	0.00510541	1120.000000	0.00517829	1120.000000	6.22512e-07	
1140.000000	0.00508442	1140.000000	0.00516308	1140.000000	0.00510931	1140.000000	0.00508844	1140.000000	0.00516246	1140.000000	6.123e-07 	
1160.000000	0.00506914	1160.000000	0.00514808	1160.000000	0.00509314	1160.000000	0.00507224	1160.000000	0.00514748	1160.000000	6.02428e-07	
1180.000000	0.00505472	1180.000000	0.00513389	1180.000000	0.0050777 	1180.000000	0.00505677	1180.000000	0.0051333 	1180.000000	5.92879e-07	
1200.000000	0.00504113	1200.000000	0.00512047	1200.000000	0.00506291	1200.000000	0.00504198	1200.000000	0.00511988	1200.000000	5.83637e-07	
1220.000000	0.00502833	1220.000000	0.00510777	1220.000000	0.00504873	1220.000000	0.00502785	1220.000000	0.00510719	1220.000000	5.74688e-07	
1240.000000	0.00501628	1240.000000	0.00509576	1240.000000	0.00503513	1240.000000	0.00501434	1240.000000	0.00509519	1240.000000	5.66018e-07	
1260.000000	0.00500494	1260.000000	0.00508441	1260.000000	0.0050221 	1260.000000	0.00500142	1260.000000	0.00508385	1260.000000	5.57614e-07	
1280.000000	0.00499429	1280.000000	0.00507369	1280.000000	0.00500964	1280.000000	0.00498906	1280.000000	0.00507314	1280.000000	5.49463e-07	
1300.000000	0.0049843 	1300.000000	0.00506357	1300.000000	0.00499772	1300.000000	0.00497723	1300.000000	0.00506303	1300.000000	5.41554e-07	
1320.000000	0.00497494	1320.000000	0.00505403	1320.000000	0.00498635	1320.000000	0.0049659 	1320.000000	0.0050535 	1320.000000	5.33877e-07	
1340.000000	0.00496618	1340.000000	0.00504503	1340.000000	0.0049755 	1340.000000	0.00495506	1340.000000	0.00504451	1340.000000	5.26421e-07	
1360.000000	0.004958  	1360.000000	0.00503656	1360.000000	0.00496513	1360.000000	0.00494467	1360.000000	0.00503604	1360.000000	5.19177e-07	
1380.000000	0.00495037	1380.000000	0.0050286 	1380.000000	0.0049552 	1380.000000	0.00493472	1380.000000	0.00502808	1380.000000	5.12136e-07	
1400.000000	0.00494328	1400.000000	0.00502111	1400.000000	0.00494569	1400.000000	0.00492519	1400.000000	0.0050206 	1400.000000	5.05289e-07	
1420.000000	0.0049367 	1420.000000	0.00501408	1420.000000	0.00493657	1420.000000	0.00491606	1420.000000	0.00501358	1420.000000	4.98629e-07	
1440.000000	0.00493061	1440.000000	0.0050075 	1440.000000	0.0049278 	1440.000000	0.0049073 	1440.000000	0.00500701	1440.000000	4.92147e-07	
1460.000000	0.00492499	1460.000000	0.00500134	1460.000000	0.00491938	1460.000000	0.00489891	1460.000000	0.00500085	1460.000000	4.85837e-07	
1480.000000	0.00491983	1480.000000	0.00499559	1480.000000	0.00491128	1480.000000	0.00489087	1480.000000	0.00499511	1480.000000	4.79691e-07	
1500.000000	0.00491511	1500.000000	0.00499023	1500.000000	0.0049035 	1500.000000	0.00488315	1500.000000	0.00498975	1500.000000	4.73704e-07	
1520.000000	0.00491081	1520.000000	0.00498524	1520.000000	0.00489603	1520.000000	0.00487575	1520.000000	0.00498477	1520.000000	4.67869e-07	
1540.000000	0.00490692	1540.000000	0.00498062	1540.000000	0.00488887	1540.000000	0.00486866	1540.000000	0.00498016	1540.000000	4.62181e-07	
1560.000000	0.00490343	1560.000000	0.00497634	1560.000000	0.00488201	1560.000000	0.00486186	1560.000000	0.00497589	1560.000000	4.56633e-07	
1580.000000	0.00490031	1580.000000	0.0049724 	1580.000000	0.00487543	1580.000000	0.00485533	1580.000000	0.00497195	1580.000000	4.51221e-07	
1600.000000	0.00489756	1600.000000	0.00496879	1600.000000	0.00486914	1600.000000	0.00484908	1600.000000	0.00496834	1600.000000	4.4594e-07	
1620.000000	0.00489516	1620.000000	0.00496548	1620.000000	0.00486312	1620.000000	0.00484307	1620.000000	0.00496504	1620.000000	4.40785e-07	
1640.000000	0.00489311	1640.000000	0.00496247	1640.000000	0.00485735	1640.000000	0.00483732	1640.000000	0.00496203	1640.000000	4.35751e-07	
1660.000000	0.00489139	1660.000000	0.00495975	1660.000000	0.00485184	1660.000000	0.0048318 	1660.000000	0.00495932	1660.000000	4.30835e-07	
1680.000000	0.00488998	1680.000000	0.00495731	1680.000000	0.00484655	1680.000000	0.0048265 	1680.000000	0.00495688	1680.000000	4.26031e-07	
1700.000000	0.00488889	1700.000000	0.00495514	1700.000000	0.00484149	1700.000000	0.00482142	1700.000000	0.00495472	1700.000000	4.21337e-07	
1750.000000	0.00488745	1750.000000	0.00495082	1750.000000	0.00482971	1750.000000	0.00480962	1750.000000	0.00495041	1750.000000	4.10055e-07	
1800.000000	0.00488774	1800.000000	0.004948  	1800.000000	0.00481908	1800.000000	0.00479899	1800.000000	0.0049476 	1800.000000	3.9938e-07	
1850.000000	0.00488964	1850.000000	0.00494654	1850.000000	0.00480947	1850.000000	0.00478944	1850.000000	0.00494615	1850.000000	3.89262e-07	
1900.000000	0.00489304	1900.000000	0.00494634	1900.000000	0.00480081	1900.000000	0.00478086	1900.000000	0.00494596	1900.000000	3.79659e-07	
1950.000000	0.00489782	1950.000000	0.00494731	1950.000000	0.00479302	1950.000000	0.00477317	1950.000000	0.00494694	1950.000000	3.70533e-07	
2000.000000	0.00490389	2000.000000	0.00494936	2000.000000	0.00478604	2000.000000	0.00476628	2000.000000	0.004949  	2000.000000	3.61848e-07	
2100.000000	0.00491959	2100.000000	0.00495638	2100.000000	0.00477428	2100.000000	0.00475467	2100.000000	0.00495604	2100.000000	3.45678e-07	
2200.000000	0.00493955	2200.000000	0.00496686	2200.000000	0.00476507	2200.000000	0.00474555	2200.000000	0.00496653	2200.000000	3.30931e-07	
2300.000000	0.00496328	2300.000000	0.00498035	2300.000000	0.00475799	2300.000000	0.00473852	2300.000000	0.00498004	2300.000000	3.17425e-07	
2400.000000	0.00499037	2400.000000	0.00499648	2400.000000	0.00475271	2400.000000	0.00473327	2400.000000	0.00499617	2400.000000	3.05009e-07	
2500.000000	0.00502047	2500.000000	0.00501491	2500.000000	0.00474895	2500.000000	0.00472953	2500.000000	0.00501462	2500.000000	2.93555e-07	
2600.000000	0.00505327	2600.000000	0.00503539	2600.000000	0.00474648	2600.000000	0.00472709	2600.000000	0.00503511	2600.000000	2.82953e-07	
2700.000000	0.00508854	2700.000000	0.00505769	2700.000000	0.00474512	2700.000000	0.00472575	2700.000000	0.00505742	2700.000000	2.73112e-07	
2800.000000	0.00512604	2800.000000	0.00508161	2800.000000	0.00474469	2800.000000	0.00472535	2800.000000	0.00508134	2800.000000	2.63951e-07	
2900.000000	0.00516559	2900.000000	0.00510697	2900.000000	0.00474507	2900.000000	0.00472578	2900.000000	0.00510672	2900.000000	2.55402e-07	
3000.000000	0.00520702	3000.000000	0.00513364	3000.000000	0.00474615	3000.000000	0.00472691	3000.000000	0.00513339	3000.000000	2.47405e-07	
3200.000000	0.00529497	3200.000000	0.00519037	3200.000000	0.00475005	3200.000000	0.00473092	3200.000000	0.00519014	3200.000000	2.32863e-07	
3400.000000	0.00538892	3400.000000	0.00525096	3400.000000	0.00475578	3400.000000	0.00473675	3400.000000	0.00525074	3400.000000	2.19979e-07	
3600.000000	0.00548811	3600.000000	0.00531474	3600.000000	0.00476291	3600.000000	0.00474397	3600.000000	0.00531453	3600.000000	2.08484e-07	
3800.000000	0.00559195	3800.000000	0.00538119	3800.000000	0.0047711 	3800.000000	0.0047522 	3800.000000	0.00538099	3800.000000	1.98161e-07	
4000.000000	0.00569993	4000.000000	0.00544988	4000.000000	0.00478006	4000.000000	0.00476121	4000.000000	0.00544969	4000.000000	1.88838e-07	
4200.000000	0.00581167	4200.000000	0.00552049	4200.000000	0.0047896 	4200.000000	0.00477077	4200.000000	0.00552031	4200.000000	1.80376e-07	
4400.000000	0.00592684	4400.000000	0.00559273	4400.000000	0.00479954	4400.000000	0.00478073	4400.000000	0.00559255	4400.000000	1.7266e-07	
4600.000000	0.00604516	4600.000000	0.00566637	4600.000000	0.00480976	4600.000000	0.00479097	4600.000000	0.0056662 	4600.000000	1.65595e-07	
4800.000000	0.00616641	4800.000000	0.00574123	4800.000000	0.00482017	4800.000000	0.0048014 	4800.000000	0.00574107	4800.000000	1.591e-07 	
5000.000000	0.00629039	5000.000000	0.00581714	5000.000000	0.00483069	5000.000000	0.00481194	5000.000000	0.00581698	5000.000000	1.53109e-07	
5250.000000	0.00644897	5250.000000	0.00591331	5250.000000	0.00484391	5250.000000	0.00482518	5250.000000	0.00591316	5250.000000	1.46242e-07	
5500.000000	0.00661129	5500.000000	0.00601069	5500.000000	0.00485711	5500.000000	0.00483841	5500.000000	0.00601055	5500.000000	1.39981e-07	
6000.000000	0.00694631	6000.000000	0.00620844	6000.000000	0.00488325	6000.000000	0.00486459	6000.000000	0.00620831	6000.000000	1.28979e-07	
6500.000000	0.00729407	6500.000000	0.00640926	6500.000000	0.00490877	6500.000000	0.00489016	6500.000000	0.00640914	6500.000000	1.1962e-07	
7000.000000	0.00765353	7000.000000	0.00661237	7000.000000	0.0049335 	7000.000000	0.00491493	7000.000000	0.00661226	7000.000000	1.11559e-07	
7500.000000	0.00802397	7500.000000	0.00681721	7500.000000	0.00495734	7500.000000	0.0049388 	7500.000000	0.00681711	7500.000000	1.04542e-07	
8000.000000	0.00840482	8000.000000	0.00702335	8000.000000	0.0049803 	8000.000000	0.00496177	8000.000000	0.00702326	8000.000000	9.83763e-08	
8500.000000	0.00879564	8500.000000	0.00723049	8500.000000	0.00500231	8500.000000	0.00498383	8500.000000	0.00723039	8500.000000	9.29152e-08	
9000.000000	0.0091961 	9000.000000	0.00743837	9000.000000	0.0050234 	9000.000000	0.005005  	9000.000000	0.00743828	9000.000000	8.80433e-08	
9500.000000	0.00960593	9500.000000	0.00764681	9500.000000	0.00504362	9500.000000	0.00502532	9500.000000	0.00764673	9500.000000	8.36694e-08	
10000.000000	0.0100249 	10000.000000	0.00785567	10000.000000	0.00506303	10000.000000	0.00504484	10000.000000	0.00785559	10000.000000	7.97202e-08	
11000.000000	0.0108898 	11000.000000	0.00827421	11000.000000	0.00509963	11000.000000	0.0050816 	11000.000000	0.00827413	11000.000000	7.28686e-08	
12000.000000	0.0117896 	12000.000000	0.00869331	12000.000000	0.00513357	12000.000000	0.00511563	12000.000000	0.00869324	12000.000000	6.71274e-08	
13000.000000	0.0127237 	13000.000000	0.00911254	13000.000000	0.00516506	13000.000000	0.00514723	13000.000000	0.00911248	13000.000000	6.22449e-08	
14000.000000	0.0136917 	14000.000000	0.00953162	14000.000000	0.00519438	14000.000000	0.00517666	14000.000000	0.00953157	14000.000000	5.80406e-08	
15000.000000	0.0146932 	15000.000000	0.00995036	15000.000000	0.00522174	15000.000000	0.00520419	15000.000000	0.00995031	15000.000000	5.43813e-08	
16000.000000	0.0157281 	16000.000000	0.0103686 	16000.000000	0.00524738	16000.000000	0.00523   	16000.000000	0.0103686 	16000.000000	5.11667e-08	
17000.000000	0.0167963 	17000.000000	0.0107863 	17000.000000	0.00527147	17000.000000	0.00525428	17000.000000	0.0107863 	17000.000000	4.83198e-08	
18000.000000	0.0178977 	18000.000000	0.0112034 	18000.000000	0.00529419	18000.000000	0.00527719	18000.000000	0.0112034 	18000.000000	4.57804e-08	
19000.000000	0.0190322 	19000.000000	0.0116199 	19000.000000	0.00531567	19000.000000	0.00529886	19000.000000	0.0116198 	19000.000000	4.35009e-08	
20000.000000	0.0201999 	20000.000000	0.0120356 	20000.000000	0.00533604	20000.000000	0.0053194 	20000.000000	0.0120356 	20000.000000	4.14429e-08	
21000.000000	0.0214009 	21000.000000	0.0124507 	21000.000000	0.00535534	21000.000000	0.00533893	21000.000000	0.0124507 	21000.000000	3.95756e-08	
22000.000000	0.0226352 	22000.000000	0.0128651 	22000.000000	0.00537362	22000.000000	0.00535753	22000.000000	0.0128651 	22000.000000	3.78733e-08	
23000.000000	0.0239029 	23000.000000	0.0132789 	23000.000000	0.00539116	23000.000000	0.00537528	23000.000000	0.0132788 	23000.000000	3.63149e-08	
24000.000000	0.0252042 	24000.000000	0.0136919 	24000.000000	0.00540799	24000.000000	0.00539225	24000.000000	0.0136919 	24000.000000	3.48827e-08	
25000.000000	0.026539  	25000.000000	0.0141043 	25000.000000	0.00542408	25000.000000	0.0054085 	25000.000000	0.0141043 	25000.000000	3.3562e-08	
26000.000000	0.0279076 	26000.000000	0.014516  	26000.000000	0.00543943	26000.000000	0.00542409	26000.000000	0.014516  	26000.000000	3.23401e-08	
27000.000000	0.02931   	27000.000000	0.0149271 	27000.000000	0.00545407	27000.000000	0.00543907	27000.000000	0.014927  	27000.000000	3.12061e-08	
28000.000000	0.0307465 	28000.000000	0.0153375 	28000.000000	0.00546812	28000.000000	0.00545349	28000.000000	0.0153375 	28000.000000	3.01509e-08	
29000.000000	0.0322171 	29000.000000	0.0157473 	29000.000000	0.00548167	29000.000000	0.00546737	29000.000000	0.0157473 	29000.000000	2.91665e-08	
30000.000000	0.0337221 	30000.000000	0.0161565 	30000.000000	0.00549475	30000.000000	0.00548077	30000.000000	0.0161565 	30000.000000	2.82459e-08	
32000.000000	0.0368355 	32000.000000	0.0169731 	32000.000000	0.00551962	32000.000000	0.00550622	32000.000000	0.0169731 	32000.000000	2.65727e-08	
34000.000000	0.0400881 	34000.000000	0.0177874 	34000.000000	0.00554288	34000.000000	0.00553006	34000.000000	0.0177874 	34000.000000	2.5091e-08	
36000.000000	0.0434813 	36000.000000	0.0185995 	36000.000000	0.00556462	36000.000000	0.00555249	36000.000000	0.0185995 	36000.000000	2.37696e-08	
38000.000000	0.0470164 	38000.000000	0.0194096 	38000.000000	0.00558498	38000.000000	0.00557366	38000.000000	0.0194096 	38000.000000	2.25835e-08	
40000.000000	0.0506949 	40000.000000	0.0202176 	40000.000000	0.00560415	40000.000000	0.00559372	40000.000000	0.0202176 	40000.000000	2.15129e-08	
42000.000000	0.0545182 	42000.000000	0.0210237 	42000.000000	0.00562236	42000.000000	0.00561278	42000.000000	0.0210237 	42000.000000	2.05415e-08	
44000.000000	0.058488  	44000.000000	0.021828  	44000.000000	0.00563974	44000.000000	0.00563095	44000.000000	0.021828  	44000.000000	1.96561e-08	
46000.000000	0.0626056 	46000.000000	0.0226305 	46000.000000	0.00565641	46000.000000	0.00564831	46000.000000	0.0226305 	46000.000000	1.88456e-08	
48000.000000	0.0668727 	48000.000000	0.0234313 	48000.000000	0.00567242	48000.000000	0.00566497	48000.000000	0.0234313 	48000.000000	1.81009e-08	
50000.000000	0.0712907 	50000.000000	0.0242305 	50000.000000	0.00568771	50000.000000	0.00568097	50000.000000	0.0242305 	50000.000000	1.74142e-08	
