*Energy (MeV/u)1	0 - [He-base] F.Hubert et al. AD&ND Tables 46(1990)1	Energy (MeV/u)2	1 - [H -base] J.F.Ziegler et al.Pergamon Press.NY(low energy)	Energy (MeV/u)3	2 - ATIMA 1.2 LS-theory (recommended for high energy)	Energy (MeV/u)4	3 - ATIMA 1.2 without LS-correction	Energy (MeV/u)5	4 - ATIMA 1.4 H.Weick. improved mean charge formula for HI	Energy (MeV/u)6	5 - electrical component of [1] - J.F.Ziegler et al	Energy (MeV/u)7	6 - nuclear component of [1] - J.F.Ziegler et al
0.001000	2.96809   	0.001000	0.253861  	0.001000	0.250003  	0.001000	0.250003  	0.001000	0.250033  	0.001000	0.149035  	0.001000	0.104826
0.002000	3.24296   	0.002000	0.312974  	0.002000	0.311854  	0.002000	0.311854  	0.002000	0.311882  	0.002000	0.206429  	0.002000	0.106544
0.005000	3.92806   	0.005000	0.41305   	0.005000	0.420128  	0.005000	0.420128  	0.005000	0.420149  	0.005000	0.317544  	0.005000	0.0955066
0.008000	4.47124   	0.008000	0.480688  	0.008000	0.495264  	0.008000	0.495264  	0.008000	0.49528   	0.008000	0.396041  	0.008000	0.0846473
0.010000	4.78249   	0.010000	0.517869  	0.010000	0.531316  	0.010000	0.531316  	0.010000	0.531331  	0.010000	0.439165  	0.010000	0.0787033
0.015000	5.57182   	0.015000	0.60503   	0.015000	0.64016   	0.015000	0.64016   	0.015000	0.640172  	0.015000	0.537745  	0.015000	0.0672841
0.020000	6.20245   	0.020000	0.693537  	0.020000	0.744875  	0.020000	0.744875  	0.020000	0.744884  	0.020000	0.634408  	0.020000	0.059129
0.025000	6.89836   	0.025000	0.782709  	0.025000	0.848149  	0.025000	0.848149  	0.025000	0.848157  	0.025000	0.729723  	0.025000	0.0529861
0.030000	7.48819   	0.030000	0.871786  	0.030000	0.940406  	0.030000	0.940406  	0.030000	0.940413  	0.030000	0.823618  	0.030000	0.0481678
0.035000	7.97311   	0.035000	0.960031  	0.035000	1.03156   	0.035000	1.03156   	0.035000	1.03157   	0.035000	0.91576   	0.035000	0.0442708
0.040000	8.35529   	0.040000	1.04678   	0.040000	1.12088   	0.040000	1.12088   	0.040000	1.12089   	0.040000	1.00574   	0.040000	0.0410427
0.045000	8.63877   	0.045000	1.1315    	0.045000	1.20779   	0.045000	1.20779   	0.045000	1.20779   	0.045000	1.09318   	0.045000	0.0383175
0.050000	8.82936   	0.050000	1.21376   	0.050000	1.29183   	0.050000	1.29183   	0.050000	1.29183   	0.050000	1.17778   	0.050000	0.0359807
0.055000	9.21386   	0.055000	1.29322   	0.055000	1.37267   	0.055000	1.37267   	0.055000	1.37268   	0.055000	1.25927   	0.055000	0.0339512
0.060000	9.54136   	0.060000	1.36964   	0.060000	1.45008   	0.060000	1.45008   	0.060000	1.45009   	0.060000	1.33747   	0.060000	0.0321692
0.070000	10.0416   	0.070000	1.51266   	0.070000	1.59402   	0.070000	1.59402   	0.070000	1.59403   	0.070000	1.48348   	0.070000	0.0291793
0.080000	10.5784   	0.080000	1.64209   	0.080000	1.72316   	0.080000	1.72316   	0.080000	1.72317   	0.080000	1.61533   	0.080000	0.0267613
0.090000	11.0001   	0.090000	1.75991   	0.090000	1.83784   	0.090000	1.83784   	0.090000	1.83784   	0.090000	1.73515   	0.090000	0.0247592
0.100000	11.3384   	0.100000	1.86619   	0.100000	1.93893   	0.100000	1.93893   	0.100000	1.93894   	0.100000	1.84312   	0.100000	0.0230701
0.120000	11.5438   	0.120000	2.04304   	0.120000	2.10541   	0.120000	2.10541   	0.120000	2.10541   	0.120000	2.02267   	0.120000	0.0203675
0.140000	11.6255   	0.140000	2.18024   	0.140000	2.23332   	0.140000	2.23332   	0.140000	2.23333   	0.140000	2.16195   	0.140000	0.0182914
0.160000	11.6544   	0.160000	2.2832    	0.160000	2.3325    	0.160000	2.3325    	0.160000	2.3325    	0.160000	2.26671   	0.160000	0.0164854
0.180000	11.6519   	0.180000	2.35774   	0.180000	2.41119   	0.180000	2.41119   	0.180000	2.41119   	0.180000	2.34258   	0.180000	0.0151522
0.200000	11.6774   	0.200000	2.41803   	0.200000	2.47504   	0.200000	2.47504   	0.200000	2.47505   	0.200000	2.40399   	0.200000	0.0140383
0.250000	11.4643   	0.250000	2.52939   	0.250000	2.59345   	0.250000	2.59345   	0.250000	2.59345   	0.250000	2.51748   	0.250000	0.0119107
0.300000	11.5114   	0.300000	2.64774   	0.300000	2.67685   	0.300000	2.67685   	0.300000	2.67686   	0.300000	2.63735   	0.300000	0.0103886
0.350000	11.5977   	0.350000	2.75013   	0.350000	2.73922   	0.350000	2.73922   	0.350000	2.73922   	0.350000	2.74089   	0.350000	0.00924002
0.400000	11.5774   	0.400000	2.81496   	0.400000	2.79223   	0.400000	2.79223   	0.400000	2.79224   	0.400000	2.80662   	0.400000	0.00833935
0.450000	11.5135   	0.450000	2.86156   	0.450000	2.85041   	0.450000	2.85041   	0.450000	2.85042   	0.450000	2.85395   	0.450000	0.00761216
0.500000	11.4813   	0.500000	2.91095   	0.500000	2.89314   	0.500000	2.89314   	0.500000	2.89314   	0.500000	2.90394   	0.500000	0.00701148
0.600000	10.9711   	0.600000	2.98089   	0.600000	2.94429   	0.600000	2.94429   	0.600000	2.94429   	0.600000	2.97482   	0.600000	0.0060744
0.700000	10.398    	0.700000	3.01979   	0.700000	2.95595   	0.700000	2.95595   	0.700000	2.95595   	0.700000	3.01441   	0.700000	0.0053744
0.800000	10.1768   	0.800000	3.03081   	0.800000	2.94737   	0.800000	2.94737   	0.800000	2.94738   	0.800000	3.02598   	0.800000	0.00482976
0.900000	9.93244   	0.900000	3.02604   	0.900000	2.92669   	0.900000	2.92669   	0.900000	2.92669   	0.900000	3.02165   	0.900000	0.00439282
1.000000	9.67554   	1.000000	3.00934   	1.000000	2.89778   	1.000000	2.89778   	1.000000	2.89778   	1.000000	3.00531   	1.000000	0.00403381
1.250000	8.94206   	1.250000	2.91601   	1.250000	2.80092   	1.250000	2.80092   	1.250000	2.80093   	1.250000	2.91265   	1.250000	0.00336305
1.500000	8.18686   	1.500000	2.7793    	1.500000	2.68484   	1.500000	2.68484   	1.500000	2.68484   	1.500000	2.77641   	1.500000	0.00289514
1.750000	7.5424    	1.750000	2.6507    	1.750000	2.57446   	1.750000	2.57446   	1.750000	2.57446   	1.750000	2.64815   	1.750000	0.00254865
2.000000	6.94277   	2.000000	2.51575   	2.000000	2.47038   	2.000000	2.47038   	2.000000	2.47038   	2.000000	2.51347   	2.000000	0.00228094
2.250000	6.44401   	2.250000	2.39565   	2.250000	2.37289   	2.250000	2.37289   	2.250000	2.37289   	2.250000	2.39358   	2.250000	0.00206738
2.500000	6.00136   	2.500000	2.29078   	2.500000	2.28196   	2.500000	2.28196   	2.500000	2.28197   	2.500000	2.28888   	2.500000	0.00189275
3.000000	5.34805   	3.000000	2.11391   	3.000000	2.11879   	3.000000	2.11879   	3.000000	2.11879   	3.000000	2.11229   	3.000000	0.00162359
3.500000	4.82902   	3.500000	1.96752   	3.500000	1.97785   	3.500000	1.97785   	3.500000	1.97785   	3.500000	1.96609   	3.500000	0.0014252
4.000000	4.40663   	4.000000	1.84418   	4.000000	1.85571   	4.000000	1.85571   	4.000000	1.85571   	4.000000	1.84291   	4.000000	0.00127249
4.500000	4.05601   	4.500000	1.73846   	4.500000	1.74923   	4.500000	1.74923   	4.500000	1.74923   	4.500000	1.73731   	4.500000	0.00115104
5.000000	3.76016   	5.000000	1.64643   	5.000000	1.65574   	5.000000	1.65574   	5.000000	1.65574   	5.000000	1.64537   	5.000000	0.00105199
5.500000	3.50702   	5.500000	1.56536   	5.500000	1.57307   	5.500000	1.57307   	5.500000	1.57307   	5.500000	1.56439   	5.500000	0.000969556
6.000000	3.28788   	6.000000	1.49328   	6.000000	1.49945   	6.000000	1.49945   	6.000000	1.49946   	6.000000	1.49238   	6.000000	0.000899807
6.500000	3.09622   	6.500000	1.42869   	6.500000	1.43348   	6.500000	1.43348   	6.500000	1.43348   	6.500000	1.42785   	6.500000	0.000839973
7.000000	2.92713   	7.000000	1.37044   	7.000000	1.374     	7.000000	1.374     	7.000000	1.374     	7.000000	1.36966   	7.000000	0.00078804
7.500000	2.77678   	7.500000	1.3176    	7.500000	1.32008   	7.500000	1.32008   	7.500000	1.32008   	7.500000	1.31685   	7.500000	0.000742513
8.000000	2.64217   	8.000000	1.2694    	8.000000	1.27095   	8.000000	1.27095   	8.000000	1.27095   	8.000000	1.2687    	8.000000	0.000702252
8.500000	2.52094   	8.500000	1.22525   	8.500000	1.22598   	8.500000	1.22598   	8.500000	1.22598   	8.500000	1.22459   	8.500000	0.000666376
9.000000	2.41114   	9.000000	1.18464   	9.000000	1.18465   	9.000000	1.18465   	9.000000	1.18465   	9.000000	1.184     	9.000000	0.000634194
9.500000	2.31122   	9.500000	1.14712   	9.500000	1.14651   	9.500000	1.14651   	9.500000	1.14651   	9.500000	1.14652   	9.500000	0.000605151
10.000000	2.21987   	10.000000	1.1159    	10.000000	1.1112    	10.000000	1.1112    	10.000000	1.1112    	10.000000	1.11533   	10.000000	0.000578801
11.000000	2.05879   	11.000000	1.05856   	11.000000	1.04945   	11.000000	1.0507    	11.000000	1.04972   	11.000000	1.05802   	11.000000	0.000532784
12.000000	1.92118   	12.000000	1.00605   	12.000000	0.994576  	12.000000	0.996652  	12.000000	0.99496   	12.000000	1.00555   	12.000000	0.000493909
13.000000	1.8022    	13.000000	0.958131  	13.000000	0.94543   	13.000000	0.948037  	13.000000	0.945846  	13.000000	0.957671  	13.000000	0.000460607
14.000000	1.69826   	14.000000	0.914427  	14.000000	0.901128  	14.000000	0.904082  	14.000000	0.901544  	14.000000	0.913995  	14.000000	0.000431739
15.000000	1.60663   	15.000000	0.874518  	15.000000	0.860971  	15.000000	0.86415   	15.000000	0.861383  	15.000000	0.874112  	15.000000	0.000406461
16.000000	1.52521   	16.000000	0.838005  	16.000000	0.824434  	16.000000	0.827714  	16.000000	0.824806  	16.000000	0.837621  	16.000000	0.00038413
17.000000	1.45238   	17.000000	0.804518  	17.000000	0.791072  	17.000000	0.794359  	17.000000	0.79138   	17.000000	0.804154  	17.000000	0.000364251
18.000000	1.38681   	18.000000	0.773727  	18.000000	0.760409  	18.000000	0.763683  	18.000000	0.760676  	18.000000	0.77338   	18.000000	0.000346434
19.000000	1.32746   	19.000000	0.745339  	19.000000	0.732115  	19.000000	0.735362  	19.000000	0.73237   	19.000000	0.745008  	19.000000	0.000330369
20.000000	1.27347   	20.000000	0.719097  	20.000000	0.705953  	20.000000	0.709121  	20.000000	0.706181  	20.000000	0.718782  	20.000000	0.000315804
21.000000	1.22413   	21.000000	0.694778  	21.000000	0.681679  	21.000000	0.684728  	21.000000	0.68185   	21.000000	0.694475  	21.000000	0.000302536
22.000000	1.17886   	22.000000	0.672182  	22.000000	0.659057  	22.000000	0.661983  	22.000000	0.659194  	22.000000	0.671892  	22.000000	0.000290395
23.000000	1.13716   	23.000000	0.651139  	23.000000	0.637903  	23.000000	0.640712  	23.000000	0.63802   	23.000000	0.65086   	23.000000	0.000279242
24.000000	1.09863   	24.000000	0.631496  	24.000000	0.618067  	24.000000	0.620767  	24.000000	0.618184  	24.000000	0.631227  	24.000000	0.000268958
25.000000	1.06291   	25.000000	0.613121  	25.000000	0.599424  	25.000000	0.602018  	25.000000	0.59955   	25.000000	0.612861  	25.000000	0.000259443
27.000000	0.998727  	27.000000	0.579716  	27.000000	0.565317  	27.000000	0.567669  	27.000000	0.565444  	27.000000	0.579474  	27.000000	0.000242397
29.000000	0.94267   	29.000000	0.55014   	29.000000	0.534649  	29.000000	0.536704  	29.000000	0.534732  	29.000000	0.549913  	29.000000	0.000227557
31.000000	0.893264  	31.000000	0.523773  	31.000000	0.508528  	31.000000	0.510212  	31.000000	0.508576  	31.000000	0.523558  	31.000000	0.000214515
33.000000	0.849372  	33.000000	0.500118  	33.000000	0.48626   	33.000000	0.487602  	33.000000	0.48633   	33.000000	0.499915  	33.000000	0.000202957
35.000000	0.810105  	35.000000	0.478778  	35.000000	0.466221  	35.000000	0.467263  	35.000000	0.466291  	35.000000	0.478585  	35.000000	0.000192641
38.000000	0.758371  	38.000000	0.450412  	38.000000	0.439623  	38.000000	0.440284  	38.000000	0.439672  	38.000000	0.450233  	38.000000	0.000179081
41.000000	0.713648  	41.000000	0.42567   	41.000000	0.416443  	41.000000	0.416775  	41.000000	0.416441  	41.000000	0.425503  	41.000000	0.000167389
44.000000	0.67458   	44.000000	0.403895  	44.000000	0.395944  	44.000000	0.396083  	44.000000	0.395967  	44.000000	0.403738  	44.000000	0.000157199
47.000000	0.640139  	47.000000	0.384579  	47.000000	0.37778   	47.000000	0.377712  	47.000000	0.37777   	47.000000	0.384431  	47.000000	0.000148234
50.000000	0.609536  	50.000000	0.367325  	50.000000	0.361512  	50.000000	0.361278  	50.000000	0.361478  	50.000000	0.367185  	50.000000	0.000140283
55.000000	0.565435  	55.000000	0.342319  	55.000000	0.337805  	55.000000	0.337406  	55.000000	0.337784  	55.000000	0.34219   	55.000000	0.00012885
60.000000	0.528183  	60.000000	0.321075  	60.000000	0.317581  	60.000000	0.317057  	60.000000	0.317564  	60.000000	0.320955  	60.000000	0.000119218
65.000000	0.496272  	65.000000	0.302795  	65.000000	0.300068  	65.000000	0.299486  	65.000000	0.300087  	65.000000	0.302684  	65.000000	0.000110985
70.000000	0.468609  	70.000000	0.286894  	70.000000	0.284838  	70.000000	0.284147  	70.000000	0.284819  	70.000000	0.28679   	70.000000	0.000103864
75.000000	0.444384  	75.000000	0.272932  	75.000000	0.271346  	75.000000	0.270632  	75.000000	0.271356  	75.000000	0.272834  	75.000000	9.76407e-05
80.000000	0.422981  	80.000000	0.260571  	80.000000	0.259405  	80.000000	0.258627  	80.000000	0.259391  	80.000000	0.260478  	80.000000	9.21527e-05
85.000000	0.403924  	85.000000	0.249548  	85.000000	0.248675  	85.000000	0.247888  	85.000000	0.248681  	85.000000	0.24946   	85.000000	8.72754e-05
90.000000	0.386839  	90.000000	0.239655  	90.000000	0.239058  	90.000000	0.23822   	90.000000	0.239035  	90.000000	0.239572  	90.000000	8.29106e-05
95.000000	0.371428  	95.000000	0.230725  	95.000000	0.230309  	95.000000	0.229469  	95.000000	0.230301  	95.000000	0.230646  	95.000000	7.89804e-05
100.000000	0.357453  	100.000000	0.222623  	100.000000	0.22235   	100.000000	0.221509  	100.000000	0.222353  	100.000000	0.222547  	100.000000	7.54222e-05
105.000000	0.344716  	105.000000	0.215237  	105.000000	0.215073  	105.000000	0.214234  	105.000000	0.215087  	105.000000	0.215165  	105.000000	7.21847e-05
110.000000	0.333056  	110.000000	0.208477  	110.000000	0.208429  	110.000000	0.20756   	110.000000	0.20842   	110.000000	0.208408  	110.000000	6.92257e-05
115.000000	0.322339  	115.000000	0.202265  	115.000000	0.202293  	115.000000	0.201413  	115.000000	0.202277  	115.000000	0.202198  	115.000000	6.65104e-05
120.000000	0.312452  	120.000000	0.196536  	120.000000	0.196606  	120.000000	0.195734  	120.000000	0.1966    	120.000000	0.196472  	120.000000	6.40093e-05
125.000000	0.303301  	125.000000	0.191236  	125.000000	0.19134   	125.000000	0.190469  	125.000000	0.191336  	125.000000	0.191174  	125.000000	6.16978e-05
130.000000	0.294803  	130.000000	0.186318  	130.000000	0.186444  	130.000000	0.185576  	130.000000	0.186443  	130.000000	0.186258  	130.000000	5.95546e-05
135.000000	0.28689   	135.000000	0.181742  	135.000000	0.18188   	135.000000	0.181015  	135.000000	0.181881  	135.000000	0.181684  	135.000000	5.75619e-05
140.000000	0.279502  	140.000000	0.177473  	140.000000	0.177616  	140.000000	0.176754  	140.000000	0.177619  	140.000000	0.177417  	140.000000	5.5704e-05
145.000000	0.272587  	145.000000	0.173481  	145.000000	0.173622  	145.000000	0.172764  	145.000000	0.173626  	145.000000	0.173427  	145.000000	5.39675e-05
150.000000	0.266099  	150.000000	0.16974   	150.000000	0.169874  	150.000000	0.169019  	150.000000	0.169879  	150.000000	0.169688  	150.000000	5.23408e-05
155.000000	0.256964  	155.000000	0.166227  	155.000000	0.16635   	155.000000	0.165498  	155.000000	0.166355  	155.000000	0.166176  	155.000000	5.08136e-05
160.000000	0.25161   	160.000000	0.162921  	160.000000	0.16303   	160.000000	0.162182  	160.000000	0.163035  	160.000000	0.162872  	160.000000	4.93768e-05
165.000000	0.246561  	165.000000	0.159805  	165.000000	0.159897  	165.000000	0.159052  	165.000000	0.159902  	165.000000	0.159757  	165.000000	4.80226e-05
170.000000	0.241791  	170.000000	0.156863  	170.000000	0.156935  	170.000000	0.156094  	170.000000	0.15694   	170.000000	0.156816  	170.000000	4.6744e-05
175.000000	0.237278  	175.000000	0.15408   	175.000000	0.154131  	175.000000	0.153293  	175.000000	0.154136  	175.000000	0.154034  	175.000000	4.55346e-05
180.000000	0.233001  	180.000000	0.151444  	180.000000	0.151473  	180.000000	0.150638  	180.000000	0.151477  	180.000000	0.1514    	180.000000	4.4389e-05
185.000000	0.228942  	185.000000	0.148943  	185.000000	0.148949  	185.000000	0.148118  	185.000000	0.148953  	185.000000	0.1489    	185.000000	4.33021e-05
190.000000	0.225084  	190.000000	0.146568  	190.000000	0.14655   	190.000000	0.145722  	190.000000	0.146553  	190.000000	0.146526  	190.000000	4.22695e-05
195.000000	0.221413  	195.000000	0.144309  	195.000000	0.144267  	195.000000	0.143442  	195.000000	0.144269  	195.000000	0.144268  	195.000000	4.12872e-05
200.000000	0.217914  	200.000000	0.142158  	200.000000	0.142091  	200.000000	0.141269  	200.000000	0.142092  	200.000000	0.142117  	200.000000	4.03514e-05
210.000000	0.21139   	210.000000	0.138149  	210.000000	0.138033  	210.000000	0.137217  	210.000000	0.138033  	210.000000	0.138111  	210.000000	3.86069e-05
220.000000	0.205428  	220.000000	0.13449   	220.000000	0.134324  	220.000000	0.133515  	220.000000	0.134322  	220.000000	0.134453  	220.000000	3.70132e-05
230.000000	0.199956  	230.000000	0.131137  	230.000000	0.130923  	230.000000	0.13012   	230.000000	0.13092   	230.000000	0.131101  	230.000000	3.55512e-05
240.000000	0.194917  	240.000000	0.128052  	240.000000	0.127793  	240.000000	0.126995  	240.000000	0.127788  	240.000000	0.128018  	240.000000	3.4205e-05
250.000000	0.190262  	250.000000	0.125206  	250.000000	0.124905  	250.000000	0.124111  	250.000000	0.124896  	250.000000	0.125173  	250.000000	3.29612e-05
260.000000	0.185946  	260.000000	0.122572  	260.000000	0.122221  	260.000000	0.12144   	260.000000	0.122218  	260.000000	0.12254   	260.000000	3.18083e-05
270.000000	0.181936  	270.000000	0.120127  	270.000000	0.119723  	270.000000	0.118961  	270.000000	0.119732  	270.000000	0.120096  	270.000000	3.07367e-05
280.000000	0.178199  	280.000000	0.117852  	280.000000	0.117413  	280.000000	0.116653  	280.000000	0.117419  	280.000000	0.117822  	280.000000	2.9738e-05
290.000000	0.174709  	290.000000	0.115729  	290.000000	0.115257  	290.000000	0.114501  	290.000000	0.11526   	290.000000	0.115701  	290.000000	2.88047e-05
300.000000	0.171441  	300.000000	0.113745  	300.000000	0.113241  	300.000000	0.11249   	300.000000	0.113242  	300.000000	0.113717  	300.000000	2.79306e-05
310.000000	0.168376  	310.000000	0.111887  	310.000000	0.111353  	310.000000	0.110605  	310.000000	0.111353  	310.000000	0.111859  	310.000000	2.71102e-05
320.000000	0.165495  	320.000000	0.110142  	320.000000	0.109581  	320.000000	0.108837  	320.000000	0.109579  	320.000000	0.110116  	320.000000	2.63386e-05
330.000000	0.162782  	330.000000	0.108501  	330.000000	0.107914  	330.000000	0.107175  	330.000000	0.107911  	330.000000	0.108476  	330.000000	2.56115e-05
340.000000	0.160223  	340.000000	0.106956  	340.000000	0.106347  	340.000000	0.10561   	340.000000	0.106341  	340.000000	0.106931  	340.000000	2.49251e-05
350.000000	0.157806  	350.000000	0.105498  	350.000000	0.104869  	350.000000	0.104135  	350.000000	0.10486   	350.000000	0.105473  	350.000000	2.42761e-05
360.000000	0.15552   	360.000000	0.10412   	360.000000	0.103467  	360.000000	0.102741  	360.000000	0.103462  	360.000000	0.104096  	360.000000	2.36614e-05
370.000000	0.153353  	370.000000	0.102816  	370.000000	0.102136  	370.000000	0.101423  	370.000000	0.10214   	370.000000	0.102793  	370.000000	2.30783e-05
380.000000	0.151298  	380.000000	0.101581  	380.000000	0.100882  	380.000000	0.100175  	380.000000	0.100887  	380.000000	0.101559  	380.000000	2.25244e-05
390.000000	0.149346  	390.000000	0.100409  	390.000000	0.0996972 	390.000000	0.0989921 	390.000000	0.0996998 	390.000000	0.100387  	390.000000	2.19976e-05
400.000000	0.147489  	400.000000	0.0992964 	400.000000	0.0985723 	400.000000	0.0978692 	400.000000	0.0985729 	400.000000	0.0992749 	400.000000	2.14959e-05
410.000000	0.145722  	410.000000	0.098238  	410.000000	0.0975023 	410.000000	0.0968022 	410.000000	0.0975017 	410.000000	0.0982169 	410.000000	2.10175e-05
420.000000	0.144038  	420.000000	0.0972304 	420.000000	0.0964843 	420.000000	0.0957873 	420.000000	0.0964829 	420.000000	0.0972099 	420.000000	2.05608e-05
430.000000	0.142431  	430.000000	0.0962703 	430.000000	0.0955159 	430.000000	0.094821  	430.000000	0.095513  	430.000000	0.0962502 	430.000000	2.01243e-05
440.000000	0.140896  	440.000000	0.0953545 	440.000000	0.0945939 	440.000000	0.0939001 	440.000000	0.0945885 	440.000000	0.0953348 	440.000000	1.97067e-05
450.000000	0.139429  	450.000000	0.0944802 	450.000000	0.093713  	450.000000	0.0930217 	450.000000	0.0937065 	450.000000	0.0944609 	450.000000	1.93069e-05
460.000000	0.138026  	460.000000	0.0936447 	460.000000	0.0928677 	460.000000	0.0921831 	460.000000	0.0928645 	460.000000	0.0936258 	460.000000	1.89236e-05
470.000000	0.136683  	470.000000	0.0928457 	470.000000	0.0920577 	470.000000	0.0913818 	470.000000	0.0920601 	470.000000	0.0928272 	470.000000	1.85558e-05
480.000000	0.135396  	480.000000	0.092081  	480.000000	0.0912853 	480.000000	0.0906155 	480.000000	0.0912905 	480.000000	0.0920627 	480.000000	1.82026e-05
490.000000	0.134162  	490.000000	0.0913484 	490.000000	0.0905498 	490.000000	0.0898823 	490.000000	0.0905541 	490.000000	0.0913305 	490.000000	1.78632e-05
500.000000	0.132978  	500.000000	0.0906462 	500.000000	0.0898468 	500.000000	0.0891801 	500.000000	0.089849  	500.000000	0.0906287 	500.000000	1.75367e-05
520.000000	0.130749  	520.000000	0.0893261 	520.000000	0.0885254 	520.000000	0.0878619 	520.000000	0.0885252 	520.000000	0.0893092 	520.000000	1.69197e-05
540.000000	0.128689  	540.000000	0.0881083 	540.000000	0.0873082 	540.000000	0.0866483 	540.000000	0.0873063 	540.000000	0.088092  	540.000000	1.63463e-05
560.000000	0.126781  	560.000000	0.0869822 	560.000000	0.086185  	560.000000	0.0855283 	560.000000	0.0861814 	560.000000	0.0869664 	560.000000	1.5812e-05
580.000000	0.125009  	580.000000	0.0859386 	580.000000	0.0851444 	580.000000	0.0844925 	580.000000	0.0851407 	580.000000	0.0859233 	580.000000	1.53128e-05
600.000000	0.123361  	600.000000	0.0849694 	600.000000	0.0841766 	600.000000	0.0835325 	600.000000	0.0841764 	600.000000	0.0849546 	600.000000	1.48454e-05
620.000000	0.121826  	620.000000	0.0840678 	620.000000	0.0832776 	620.000000	0.0826411 	620.000000	0.0832806 	620.000000	0.0840534 	620.000000	1.44068e-05
640.000000	0.120393  	640.000000	0.0832275 	640.000000	0.0824453 	640.000000	0.081812  	640.000000	0.0824476 	640.000000	0.0832135 	640.000000	1.39944e-05
660.000000	0.119054  	660.000000	0.0824432 	660.000000	0.0816711 	660.000000	0.0810395 	660.000000	0.0816714 	660.000000	0.0824296 	660.000000	1.36059e-05
680.000000	0.117801  	680.000000	0.08171   	680.000000	0.0809479 	680.000000	0.0803187 	680.000000	0.0809469 	680.000000	0.0816968 	680.000000	1.32391e-05
700.000000	0.116626  	700.000000	0.0810237 	700.000000	0.0802726 	700.000000	0.0796452 	700.000000	0.0802701 	700.000000	0.0810108 	700.000000	1.28924e-05
720.000000	0.115524  	720.000000	0.0803805 	720.000000	0.0796413 	720.000000	0.0790151 	720.000000	0.0796367 	720.000000	0.0803679 	720.000000	1.25641e-05
740.000000	0.114489  	740.000000	0.079777  	740.000000	0.0790477 	740.000000	0.0784247 	740.000000	0.0790432 	740.000000	0.0797647 	740.000000	1.22527e-05
760.000000	0.113516  	760.000000	0.0792102 	760.000000	0.0784874 	760.000000	0.0778711 	760.000000	0.0784867 	760.000000	0.0791982 	760.000000	1.1957e-05
780.000000	0.112601  	780.000000	0.0786772 	780.000000	0.077961  	780.000000	0.0773512 	780.000000	0.077964  	780.000000	0.0786655 	780.000000	1.16758e-05
800.000000	0.111739  	800.000000	0.0781757 	800.000000	0.0774689 	800.000000	0.0768626 	800.000000	0.0774727 	800.000000	0.0781643 	800.000000	1.1408e-05
820.000000	0.110926  	820.000000	0.0777034 	820.000000	0.0770081 	820.000000	0.0764029 	820.000000	0.0770105 	820.000000	0.0776922 	820.000000	1.11527e-05
840.000000	0.110161  	840.000000	0.0772583 	840.000000	0.0765745 	840.000000	0.0759701 	840.000000	0.0765753 	840.000000	0.0772473 	840.000000	1.0909e-05
860.000000	0.109438  	860.000000	0.0768384 	860.000000	0.0761666 	860.000000	0.0755636 	860.000000	0.0761664 	860.000000	0.0768278 	860.000000	1.06762e-05
880.000000	0.108756  	880.000000	0.0764422 	880.000000	0.0757806 	880.000000	0.0751792 	880.000000	0.0757797 	880.000000	0.0764318 	880.000000	1.04535e-05
900.000000	0.108112  	900.000000	0.0760682 	900.000000	0.0754169 	900.000000	0.0748165 	900.000000	0.0754151 	900.000000	0.0760579 	900.000000	1.02402e-05
920.000000	0.107504  	920.000000	0.0757148 	920.000000	0.0750739 	920.000000	0.0744742 	920.000000	0.0750706 	920.000000	0.0757047 	920.000000	1.00358e-05
940.000000	0.106929  	940.000000	0.0753808 	940.000000	0.0747495 	940.000000	0.0741509 	940.000000	0.0747453 	940.000000	0.075371  	940.000000	9.83967e-06
960.000000	0.106386  	960.000000	0.0750651 	960.000000	0.0744417 	960.000000	0.0738453 	960.000000	0.0744379 	960.000000	0.0750554 	960.000000	9.65138e-06
980.000000	0.105872  	980.000000	0.0747664 	980.000000	0.074149  	980.000000	0.0735565 	980.000000	0.0741473 	980.000000	0.074757  	980.000000	9.47044e-06
1000.000000	0.105387  	1000.000000	0.074484  	1000.000000	0.0738716 	1000.000000	0.0732832 	1000.000000	0.0738722 	1000.000000	0.0744747 	1000.000000	9.29643e-06
1020.000000	0.104928  	1020.000000	0.0742167 	1020.000000	0.0736093 	1020.000000	0.0730247 	1020.000000	0.073612  	1020.000000	0.0742075 	1020.000000	9.12893e-06
1040.000000	0.104494  	1040.000000	0.0739638 	1040.000000	0.073362  	1040.000000	0.07278   	1040.000000	0.0733657 	1040.000000	0.0739548 	1040.000000	8.9676e-06
1060.000000	0.104084  	1060.000000	0.0737244 	1060.000000	0.073129  	1060.000000	0.0725482 	1060.000000	0.0731325 	1060.000000	0.0737156 	1060.000000	8.81209e-06
1080.000000	0.103696  	1080.000000	0.0734978 	1080.000000	0.0729089 	1080.000000	0.0723287 	1080.000000	0.0729114 	1080.000000	0.0734892 	1080.000000	8.66209e-06
1100.000000	0.103329  	1100.000000	0.0732834 	1100.000000	0.0727005 	1100.000000	0.0721207 	1100.000000	0.0727019 	1100.000000	0.0732749 	1100.000000	8.51731e-06
1120.000000	0.102983  	1120.000000	0.0730805 	1120.000000	0.0725029 	1120.000000	0.0719237 	1120.000000	0.0725034 	1120.000000	0.0730721 	1120.000000	8.37747e-06
1140.000000	0.102656  	1140.000000	0.0728885 	1140.000000	0.0723153 	1140.000000	0.0717369 	1140.000000	0.0723154 	1140.000000	0.0728802 	1140.000000	8.24232e-06
1160.000000	0.102348  	1160.000000	0.0727068 	1160.000000	0.0721373 	1160.000000	0.0715598 	1160.000000	0.072137  	1160.000000	0.0726987 	1160.000000	8.11164e-06
1180.000000	0.102057  	1180.000000	0.072535  	1180.000000	0.0719686 	1180.000000	0.0713919 	1180.000000	0.0719678 	1180.000000	0.072527  	1180.000000	7.98519e-06
1200.000000	0.101783  	1200.000000	0.0723726 	1200.000000	0.0718087 	1200.000000	0.0712327 	1200.000000	0.0718074 	1200.000000	0.0723647 	1200.000000	7.86277e-06
1220.000000	0.101524  	1220.000000	0.072219  	1220.000000	0.0716573 	1220.000000	0.0710818 	1220.000000	0.0716553 	1220.000000	0.0722113 	1220.000000	7.7442e-06
1240.000000	0.101281  	1240.000000	0.072074  	1240.000000	0.0715139 	1240.000000	0.0709387 	1240.000000	0.0715111 	1240.000000	0.0720663 	1240.000000	7.62928e-06
1260.000000	0.101052  	1260.000000	0.071937  	1260.000000	0.0713778 	1260.000000	0.070803  	1260.000000	0.0713743 	1260.000000	0.0719295 	1260.000000	7.51785e-06
1280.000000	0.100837  	1280.000000	0.0718077 	1280.000000	0.0712485 	1280.000000	0.0706744 	1280.000000	0.0712445 	1280.000000	0.0718003 	1280.000000	7.40976e-06
1300.000000	0.100635  	1300.000000	0.0716858 	1300.000000	0.0711256 	1300.000000	0.0705524 	1300.000000	0.0711215 	1300.000000	0.0716785 	1300.000000	7.30485e-06
1320.000000	0.100446  	1320.000000	0.071571  	1320.000000	0.0710086 	1320.000000	0.0704368 	1320.000000	0.071005  	1320.000000	0.0715638 	1320.000000	7.20298e-06
1340.000000	0.100269  	1340.000000	0.0714629 	1340.000000	0.0708972 	1340.000000	0.0703273 	1340.000000	0.0708945 	1340.000000	0.0714557 	1340.000000	7.10403e-06
1360.000000	0.100104  	1360.000000	0.0713612 	1360.000000	0.0707914 	1360.000000	0.0702235 	1360.000000	0.0707898 	1360.000000	0.0713542 	1360.000000	7.00785e-06
1380.000000	0.09995   	1380.000000	0.0712656 	1380.000000	0.0706909 	1380.000000	0.0701252 	1380.000000	0.0706905 	1380.000000	0.0712587 	1380.000000	6.91435e-06
1400.000000	0.0998068 	1400.000000	0.071176  	1400.000000	0.0705957 	1400.000000	0.0700321 	1400.000000	0.0705966 	1400.000000	0.0711692 	1400.000000	6.8234e-06
1420.000000	0.0996739 	1420.000000	0.0710921 	1420.000000	0.0705058 	1420.000000	0.069944  	1420.000000	0.0705076 	1420.000000	0.0710853 	1420.000000	6.73491e-06
1440.000000	0.099551  	1440.000000	0.0710135 	1440.000000	0.0704209 	1440.000000	0.0698607 	1440.000000	0.0704234 	1440.000000	0.0710069 	1440.000000	6.64877e-06
1460.000000	0.0994376 	1460.000000	0.0709402 	1460.000000	0.0703409 	1460.000000	0.0697819 	1460.000000	0.0703439 	1460.000000	0.0709336 	1460.000000	6.56489e-06
1480.000000	0.0993334 	1480.000000	0.0708718 	1480.000000	0.0702655 	1480.000000	0.0697074 	1480.000000	0.0702686 	1480.000000	0.0708654 	1480.000000	6.48318e-06
1500.000000	0.0992381 	1500.000000	0.0708083 	1500.000000	0.0701946 	1500.000000	0.069637  	1500.000000	0.0701974 	1500.000000	0.0708019 	1500.000000	6.40355e-06
1520.000000	0.0991513 	1520.000000	0.0707494 	1520.000000	0.0701278 	1520.000000	0.0695706 	1520.000000	0.0701302 	1520.000000	0.0707431 	1520.000000	6.32593e-06
1540.000000	0.0990728 	1540.000000	0.0706949 	1540.000000	0.0700649 	1540.000000	0.069508  	1540.000000	0.0700669 	1540.000000	0.0706887 	1540.000000	6.25024e-06
1560.000000	0.0990022 	1560.000000	0.0706447 	1560.000000	0.0700057 	1560.000000	0.0694489 	1560.000000	0.0700072 	1560.000000	0.0706385 	1560.000000	6.17641e-06
1580.000000	0.0989392 	1580.000000	0.0705986 	1580.000000	0.06995   	1580.000000	0.0693934 	1580.000000	0.0699509 	1580.000000	0.0705925 	1580.000000	6.10437e-06
1600.000000	0.0988837 	1600.000000	0.0705565 	1600.000000	0.0698975 	1600.000000	0.0693411 	1600.000000	0.069898  	1600.000000	0.0705504 	1600.000000	6.03406e-06
1620.000000	0.0988353 	1620.000000	0.0705181 	1620.000000	0.0698482 	1620.000000	0.069292  	1620.000000	0.0698482 	1620.000000	0.0705122 	1620.000000	5.96541e-06
1640.000000	0.0987939 	1640.000000	0.0704835 	1640.000000	0.0698018 	1640.000000	0.0692459 	1640.000000	0.0698015 	1640.000000	0.0704776 	1640.000000	5.89836e-06
1660.000000	0.0987591 	1660.000000	0.0704524 	1660.000000	0.0697583 	1660.000000	0.0692027 	1660.000000	0.0697576 	1660.000000	0.0704465 	1660.000000	5.83286e-06
1680.000000	0.0987307 	1680.000000	0.0704247 	1680.000000	0.0697176 	1680.000000	0.0691623 	1680.000000	0.0697167 	1680.000000	0.0704189 	1680.000000	5.76885e-06
1700.000000	0.0987087 	1700.000000	0.0704003 	1700.000000	0.0696795 	1700.000000	0.0691246 	1700.000000	0.0696784 	1700.000000	0.0703946 	1700.000000	5.70628e-06
1750.000000	0.0986796 	1750.000000	0.070353  	1750.000000	0.0695951 	1750.000000	0.0690412 	1750.000000	0.0695936 	1750.000000	0.0703474 	1750.000000	5.55587e-06
1800.000000	0.0986855 	1800.000000	0.070324  	1800.000000	0.0695252 	1800.000000	0.0689722 	1800.000000	0.0695233 	1800.000000	0.0703185 	1800.000000	5.41346e-06
1850.000000	0.0987239 	1850.000000	0.0703118 	1850.000000	0.0694684 	1850.000000	0.0689163 	1850.000000	0.0694661 	1850.000000	0.0703065 	1850.000000	5.27843e-06
1900.000000	0.0987924 	1900.000000	0.070315  	1900.000000	0.0694233 	1900.000000	0.0688722 	1900.000000	0.0694208 	1900.000000	0.0703099 	1900.000000	5.15022e-06
1950.000000	0.0988889 	1950.000000	0.0703326 	1950.000000	0.0693888 	1950.000000	0.0688387 	1950.000000	0.0693862 	1950.000000	0.0703276 	1950.000000	5.02831e-06
2000.000000	0.0990115 	2000.000000	0.0703635 	2000.000000	0.0693638 	2000.000000	0.068815  	2000.000000	0.0693615 	2000.000000	0.0703586 	2000.000000	4.91225e-06
2100.000000	0.0993286 	2100.000000	0.0704611 	2100.000000	0.0693391 	2100.000000	0.0687932 	2100.000000	0.0693377 	2100.000000	0.0704564 	2100.000000	4.69603e-06
2200.000000	0.0997316 	2200.000000	0.0706013 	2200.000000	0.0693434 	2200.000000	0.0688006 	2200.000000	0.0693434 	2200.000000	0.0705968 	2200.000000	4.49868e-06
2300.000000	0.100211  	2300.000000	0.0707784 	2300.000000	0.0693725 	2300.000000	0.0688324 	2300.000000	0.0693736 	2300.000000	0.0707741 	2300.000000	4.31781e-06
2400.000000	0.100758  	2400.000000	0.0709878 	2400.000000	0.0694227 	2400.000000	0.0688845 	2400.000000	0.0694243 	2400.000000	0.0709837 	2400.000000	4.15141e-06
2500.000000	0.101365  	2500.000000	0.0712257 	2500.000000	0.0694907 	2500.000000	0.0689536 	2500.000000	0.0694921 	2500.000000	0.0712217 	2500.000000	3.9978e-06
2600.000000	0.102028  	2600.000000	0.0714887 	2600.000000	0.0695733 	2600.000000	0.069037  	2600.000000	0.0695742 	2600.000000	0.0714849 	2600.000000	3.85553e-06
2700.000000	0.10274   	2700.000000	0.0717741 	2700.000000	0.0696681 	2700.000000	0.0691322 	2700.000000	0.0696683 	2700.000000	0.0717703 	2700.000000	3.72338e-06
2800.000000	0.103497  	2800.000000	0.0720793 	2800.000000	0.0697729 	2800.000000	0.0692374 	2800.000000	0.0697726 	2800.000000	0.0720757 	2800.000000	3.6003e-06
2900.000000	0.104295  	2900.000000	0.0724023 	2900.000000	0.0698861 	2900.000000	0.069351  	2900.000000	0.0698851 	2900.000000	0.0723988 	2900.000000	3.48537e-06
3000.000000	0.105132  	3000.000000	0.0727413 	3000.000000	0.0700061 	3000.000000	0.0694716 	3000.000000	0.0700048 	3000.000000	0.072738  	3000.000000	3.3778e-06
3200.000000	0.106908  	3200.000000	0.0734612 	3200.000000	0.0702625 	3200.000000	0.0697291 	3200.000000	0.0702608 	3200.000000	0.073458  	3200.000000	3.18205e-06
3400.000000	0.108804  	3400.000000	0.0742284 	3400.000000	0.0705348 	3400.000000	0.0700027 	3400.000000	0.070533  	3400.000000	0.0742254 	3400.000000	3.00846e-06
3600.000000	0.110807  	3600.000000	0.0750349 	3600.000000	0.0708176 	3600.000000	0.0702869 	3600.000000	0.0708159 	3600.000000	0.075032  	3600.000000	2.85342e-06
3800.000000	0.112904  	3800.000000	0.0758741 	3800.000000	0.071107  	3800.000000	0.0705775 	3800.000000	0.0711055 	3800.000000	0.0758714 	3800.000000	2.71408e-06
4000.000000	0.115084  	4000.000000	0.0767409 	4000.000000	0.0714001 	4000.000000	0.0708718 	4000.000000	0.0713987 	4000.000000	0.0767384 	4000.000000	2.58814e-06
4200.000000	0.11734   	4200.000000	0.0776312 	4200.000000	0.0716946 	4200.000000	0.0711674 	4200.000000	0.0716934 	4200.000000	0.0776288 	4200.000000	2.47375e-06
4400.000000	0.119665  	4400.000000	0.0785416 	4400.000000	0.0719888 	4400.000000	0.0714626 	4400.000000	0.0719878 	4400.000000	0.0785392 	4400.000000	2.36936e-06
4600.000000	0.122054  	4600.000000	0.0794692 	4600.000000	0.0722814 	4600.000000	0.0717562 	4600.000000	0.0722806 	4600.000000	0.0794669 	4600.000000	2.2737e-06
4800.000000	0.124502  	4800.000000	0.0804117 	4800.000000	0.0725716 	4800.000000	0.0720472 	4800.000000	0.0725709 	4800.000000	0.0804095 	4800.000000	2.18572e-06
5000.000000	0.127006  	5000.000000	0.0813672 	5000.000000	0.0728586 	5000.000000	0.0723351 	5000.000000	0.0728581 	5000.000000	0.0813651 	5000.000000	2.10451e-06
5250.000000	0.130207  	5250.000000	0.0825772 	5250.000000	0.0732121 	5250.000000	0.0726895 	5250.000000	0.0732117 	5250.000000	0.0825752 	5250.000000	2.01138e-06
5500.000000	0.133485  	5500.000000	0.0838022 	5500.000000	0.0735592 	5500.000000	0.0730375 	5500.000000	0.0735589 	5500.000000	0.0838002 	5500.000000	1.9264e-06
6000.000000	0.140249  	6000.000000	0.0862885 	6000.000000	0.0742325 	6000.000000	0.0737122 	6000.000000	0.0742322 	6000.000000	0.0862867 	6000.000000	1.77691e-06
6500.000000	0.14727   	6500.000000	0.0888125 	6500.000000	0.0748768 	6500.000000	0.0743577 	6500.000000	0.0748764 	6500.000000	0.0888109 	6500.000000	1.64961e-06
7000.000000	0.154528  	7000.000000	0.0913646 	7000.000000	0.075492  	7000.000000	0.0749741 	7000.000000	0.0754916 	7000.000000	0.091363  	7000.000000	1.53984e-06
7500.000000	0.162007  	7500.000000	0.0939377 	7500.000000	0.0760776 	7500.000000	0.0755622 	7500.000000	0.0760785 	7500.000000	0.0939362 	7500.000000	1.4442e-06
8000.000000	0.169697  	8000.000000	0.0965267 	8000.000000	0.0766375 	8000.000000	0.0761236 	8000.000000	0.0766387 	8000.000000	0.0965253 	8000.000000	1.36008e-06
8500.000000	0.177587  	8500.000000	0.0991277 	8500.000000	0.0771737 	8500.000000	0.0766596 	8500.000000	0.0771735 	8500.000000	0.0991264 	8500.000000	1.28551e-06
9000.000000	0.185673  	9000.000000	0.101738  	9000.000000	0.0776863 	9000.000000	0.0771719 	9000.000000	0.0776846 	9000.000000	0.101737  	9000.000000	1.21893e-06
9500.000000	0.193948  	9500.000000	0.104355  	9500.000000	0.078175  	9500.000000	0.0776621 	9500.000000	0.0781736 	9500.000000	0.104354  	9500.000000	1.15911e-06
10000.000000	0.202407  	10000.000000	0.106977  	10000.000000	0.0786412 	10000.000000	0.0781316 	10000.000000	0.0786419 	10000.000000	0.106976  	10000.000000	1.10506e-06
11000.000000	0.219868  	11000.000000	0.11223   	11000.000000	0.0795186 	11000.000000	0.079014  	11000.000000	0.0795217 	11000.000000	0.112229  	11000.000000	1.0112e-06
12000.000000	0.238036  	12000.000000	0.11749   	12000.000000	0.0803338 	12000.000000	0.079829  	12000.000000	0.0803341 	12000.000000	0.117489  	12000.000000	9.32461e-07
13000.000000	0.256896  	13000.000000	0.122751  	13000.000000	0.0810895 	13000.000000	0.0805852 	13000.000000	0.0810875 	13000.000000	0.12275   	13000.000000	8.65424e-07
14000.000000	0.27644   	14000.000000	0.12801   	14000.000000	0.08179   	14000.000000	0.0812896 	14000.000000	0.081789  	14000.000000	0.128009  	14000.000000	8.07641e-07
15000.000000	0.296662  	15000.000000	0.133264  	15000.000000	0.0824425 	15000.000000	0.0819484 	15000.000000	0.0824446 	15000.000000	0.133264  	15000.000000	7.57302e-07
16000.000000	0.317557  	16000.000000	0.138512  	16000.000000	0.0830546 	16000.000000	0.0825666 	16000.000000	0.0830595 	16000.000000	0.138512  	16000.000000	7.13044e-07
17000.000000	0.339124  	17000.000000	0.143753  	17000.000000	0.0836316 	17000.000000	0.0831486 	17000.000000	0.083638  	17000.000000	0.143753  	17000.000000	6.73817e-07
18000.000000	0.361361  	18000.000000	0.148986  	18000.000000	0.0841776 	18000.000000	0.0836981 	18000.000000	0.0841839 	18000.000000	0.148986  	18000.000000	6.38802e-07
19000.000000	0.384268  	19000.000000	0.154211  	19000.000000	0.0846955 	19000.000000	0.0842183 	19000.000000	0.0847002 	19000.000000	0.154211  	19000.000000	6.07349e-07
20000.000000	0.407845  	20000.000000	0.159428  	20000.000000	0.085188  	20000.000000	0.084712  	20000.000000	0.0851899 	20000.000000	0.159427  	20000.000000	5.78935e-07
21000.000000	0.432093  	21000.000000	0.164635  	21000.000000	0.0856557 	21000.000000	0.0851816 	21000.000000	0.0856553 	21000.000000	0.164635  	21000.000000	5.53137e-07
22000.000000	0.457014  	22000.000000	0.169834  	22000.000000	0.0860978 	22000.000000	0.0856292 	22000.000000	0.0860985 	22000.000000	0.169834  	22000.000000	5.29605e-07
23000.000000	0.48261   	23000.000000	0.175024  	23000.000000	0.08652   	23000.000000	0.0860566 	23000.000000	0.0865214 	23000.000000	0.175024  	23000.000000	5.08051e-07
24000.000000	0.508882  	24000.000000	0.180206  	24000.000000	0.0869245 	24000.000000	0.0864656 	24000.000000	0.0869256 	24000.000000	0.180206  	24000.000000	4.88233e-07
25000.000000	0.535833  	25000.000000	0.185379  	25000.000000	0.0873116 	25000.000000	0.0868575 	25000.000000	0.0873126 	25000.000000	0.185379  	25000.000000	4.69948e-07
26000.000000	0.563465  	26000.000000	0.190544  	26000.000000	0.087683  	26000.000000	0.0872337 	26000.000000	0.0876836 	26000.000000	0.190544  	26000.000000	4.53022e-07
27000.000000	0.591781  	27000.000000	0.195701  	27000.000000	0.0880402 	27000.000000	0.0875953 	27000.000000	0.0880399 	27000.000000	0.1957    	27000.000000	4.37309e-07
28000.000000	0.620784  	28000.000000	0.20085   	28000.000000	0.0883837 	28000.000000	0.0879432 	28000.000000	0.0883823 	28000.000000	0.200849  	28000.000000	4.2268e-07
29000.000000	0.650477  	29000.000000	0.20599   	29000.000000	0.0887142 	29000.000000	0.0882786 	29000.000000	0.0887121 	29000.000000	0.20599   	29000.000000	4.09027e-07
30000.000000	0.680862  	30000.000000	0.211123  	30000.000000	0.0890324 	30000.000000	0.0886022 	30000.000000	0.0890297 	30000.000000	0.211123  	30000.000000	3.96253e-07
32000.000000	0.743724  	32000.000000	0.221367  	32000.000000	0.0896359 	32000.000000	0.0892169 	32000.000000	0.0896323 	32000.000000	0.221367  	32000.000000	3.73024e-07
34000.000000	0.809395  	34000.000000	0.231582  	34000.000000	0.0901999 	34000.000000	0.0897926 	34000.000000	0.090195  	34000.000000	0.231582  	34000.000000	3.5244e-07
36000.000000	0.877905  	36000.000000	0.24177   	36000.000000	0.0907276 	36000.000000	0.090334  	36000.000000	0.0907226 	36000.000000	0.241769  	36000.000000	3.3407e-07
38000.000000	0.94928   	38000.000000	0.251931  	38000.000000	0.0912225 	38000.000000	0.0908445 	38000.000000	0.0912188 	38000.000000	0.25193   	38000.000000	3.17571e-07
40000.000000	1.02355   	40000.000000	0.262067  	40000.000000	0.0916886 	40000.000000	0.0913275 	40000.000000	0.0916866 	40000.000000	0.262066  	40000.000000	3.02669e-07
42000.000000	1.10075   	42000.000000	0.272178  	42000.000000	0.0921299 	42000.000000	0.0917856 	42000.000000	0.0921288 	42000.000000	0.272178  	42000.000000	2.89141e-07
44000.000000	1.1809    	44000.000000	0.282267  	44000.000000	0.0925494 	44000.000000	0.0922211 	44000.000000	0.092548  	44000.000000	0.282267  	44000.000000	2.76804e-07
46000.000000	1.26403   	46000.000000	0.292334  	46000.000000	0.0929494 	46000.000000	0.0926361 	46000.000000	0.0929456 	46000.000000	0.292334  	46000.000000	2.65505e-07
48000.000000	1.35019   	48000.000000	0.302379  	48000.000000	0.0933311 	48000.000000	0.0930324 	48000.000000	0.0933241 	48000.000000	0.302379  	48000.000000	2.55118e-07
50000.000000	1.43939   	50000.000000	0.312404  	50000.000000	0.0936946 	50000.000000	0.0934114 	50000.000000	0.0936844 	50000.000000	0.312404  	50000.000000	2.45535e-07
