*Energy (MeV/u)1	0 - [He-base] F.Hubert et al. AD&ND Tables 46(1990)1	Energy (MeV/u)2	1 - [H -base] J.F.Ziegler et al.Pergamon Press.NY(low energy)	Energy (MeV/u)3	2 - ATIMA 1.2 LS-theory (recommended for high energy)	Energy (MeV/u)4	3 - ATIMA 1.2 without LS-correction	Energy (MeV/u)5	4 - ATIMA 1.4 H.Weick. improved mean charge formula for HI	Energy (MeV/u)6	5 - electrical component of [1] - J.F.Ziegler et al	Energy (MeV/u)7	6 - nuclear component of [1] - J.F.Ziegler et al	
0.001000	0.133234  	0.001000	0.122366  	0.001000	0.134742  	0.001000	0.134742  	0.001000	0.134711  	0.001000	0.07211   	0.001000	0.0502557 	
0.002000	0.155885  	0.002000	0.141078  	0.002000	0.154984  	0.002000	0.154984  	0.002000	0.154966  	0.002000	0.105575  	0.002000	0.0355025 	
0.005000	0.219458  	0.005000	0.195057  	0.005000	0.209218  	0.005000	0.209218  	0.005000	0.20921   	0.005000	0.174755  	0.005000	0.0203027 	
0.008000	0.272693  	0.008000	0.241046  	0.008000	0.253702  	0.008000	0.253702  	0.008000	0.253697  	0.008000	0.226305  	0.008000	0.014741  	
0.010000	0.30435   	0.010000	0.268323  	0.010000	0.279634  	0.010000	0.279634  	0.010000	0.27963   	0.010000	0.255856  	0.010000	0.0124675 	
0.015000	0.357443  	0.015000	0.318504  	0.015000	0.32233   	0.015000	0.32233   	0.015000	0.322328  	0.015000	0.309235  	0.015000	0.00926953	
0.020000	0.399064  	0.020000	0.361105  	0.020000	0.356883  	0.020000	0.356883  	0.020000	0.356882  	0.020000	0.353643  	0.020000	0.00746188	
0.025000	0.44433   	0.025000	0.400398  	0.025000	0.389481  	0.025000	0.389481  	0.025000	0.38948   	0.025000	0.394113  	0.025000	0.0062858 	
0.030000	0.481029  	0.030000	0.435928  	0.030000	0.425381  	0.030000	0.425381  	0.030000	0.42538   	0.030000	0.430474  	0.030000	0.00545353	
0.035000	0.510383  	0.035000	0.468438  	0.035000	0.458773  	0.035000	0.458773  	0.035000	0.458772  	0.035000	0.463608  	0.035000	0.00483053	
0.040000	0.532902  	0.040000	0.498519  	0.040000	0.48978   	0.040000	0.48978   	0.040000	0.489779  	0.040000	0.494174  	0.040000	0.00434501	
0.045000	0.548948  	0.045000	0.526282  	0.045000	0.518492  	0.045000	0.518492  	0.045000	0.518492  	0.045000	0.522327  	0.045000	0.00395499	
0.050000	0.55898   	0.050000	0.551823  	0.050000	0.544987  	0.050000	0.544987  	0.050000	0.544987  	0.050000	0.548189  	0.050000	0.00363416	
0.055000	0.581226  	0.055000	0.575232  	0.055000	0.569339  	0.055000	0.569339  	0.055000	0.569339  	0.055000	0.571866  	0.055000	0.00336519	
0.060000	0.599723  	0.060000	0.596594  	0.060000	0.591625  	0.060000	0.591625  	0.060000	0.591625  	0.060000	0.593458  	0.060000	0.00313615	
0.070000	0.62667   	0.070000	0.633544  	0.070000	0.630325  	0.070000	0.630325  	0.070000	0.630325  	0.070000	0.630778  	0.070000	0.00276617	
0.080000	0.655556  	0.080000	0.66342   	0.080000	0.661788  	0.080000	0.661788  	0.080000	0.661788  	0.080000	0.660941  	0.080000	0.00247954	
0.090000	0.676375  	0.090000	0.687001  	0.090000	0.68677   	0.090000	0.68677   	0.090000	0.68677   	0.090000	0.68475   	0.090000	0.00225042	
0.100000	0.691744  	0.100000	0.705268  	0.100000	0.706048  	0.100000	0.706048  	0.100000	0.706048  	0.100000	0.703205  	0.100000	0.00206271	
0.120000	0.701505  	0.120000	0.736849  	0.120000	0.730523  	0.120000	0.730523  	0.120000	0.730523  	0.120000	0.735077  	0.120000	0.00177277	
0.140000	0.703204  	0.140000	0.753338  	0.140000	0.740778  	0.140000	0.740778  	0.140000	0.740778  	0.140000	0.751779  	0.140000	0.00155853	
0.160000	0.703265  	0.160000	0.760419  	0.160000	0.74134   	0.160000	0.74134   	0.160000	0.741341  	0.160000	0.759025  	0.160000	0.00139329	
0.180000	0.702407  	0.180000	0.759344  	0.180000	0.735621  	0.180000	0.735621  	0.180000	0.735621  	0.180000	0.758082  	0.180000	0.00126167	
0.200000	0.704267  	0.200000	0.75598   	0.200000	0.726052  	0.200000	0.726052  	0.200000	0.726053  	0.200000	0.754826  	0.200000	0.00115417	
0.250000	0.689857  	0.250000	0.737243  	0.250000	0.694866  	0.250000	0.694866  	0.250000	0.694866  	0.250000	0.736288  	0.250000	0.000954966	
0.300000	0.687606  	0.300000	0.723541  	0.300000	0.666658  	0.300000	0.666658  	0.300000	0.666658  	0.300000	0.722724  	0.300000	0.000817341	
0.350000	0.679613  	0.350000	0.702685  	0.350000	0.640346  	0.350000	0.640346  	0.350000	0.640347  	0.350000	0.701969  	0.350000	0.000716186	
0.400000	0.668141  	0.400000	0.680052  	0.400000	0.615295  	0.400000	0.615295  	0.400000	0.615296  	0.400000	0.679413  	0.400000	0.000638492	
0.450000	0.653041  	0.450000	0.656069  	0.450000	0.591572  	0.450000	0.591572  	0.450000	0.591572  	0.450000	0.655492  	0.450000	0.000576824	
0.500000	0.638361  	0.500000	0.634731  	0.500000	0.570212  	0.500000	0.570212  	0.500000	0.570212  	0.500000	0.634204  	0.500000	0.000526609	
0.600000	0.58584   	0.600000	0.59427   	0.600000	0.533207  	0.600000	0.533207  	0.600000	0.533207  	0.600000	0.59382   	0.600000	0.000449609	
0.700000	0.533258  	0.700000	0.55595   	0.700000	0.50195   	0.700000	0.50195   	0.700000	0.50195   	0.700000	0.555556  	0.700000	0.000393183	
0.800000	0.510022  	0.800000	0.528136  	0.800000	0.474875  	0.800000	0.474875  	0.800000	0.474876  	0.800000	0.527786  	0.800000	0.00034995	
0.900000	0.485266  	0.900000	0.500265  	0.900000	0.450972  	0.900000	0.450972  	0.900000	0.450972  	0.900000	0.499949  	0.900000	0.000315704	
1.000000	0.460696  	1.000000	0.473486  	1.000000	0.428484  	1.000000	0.428484  	1.000000	0.428485  	1.000000	0.473198  	1.000000	0.000287867	
1.250000	0.40434   	1.250000	0.414919  	1.250000	0.382196  	1.250000	0.382196  	1.250000	0.382196  	1.250000	0.414682  	1.250000	0.00023662	
1.500000	0.351057  	1.500000	0.360217  	1.500000	0.345546  	1.500000	0.345546  	1.500000	0.345547  	1.500000	0.360015  	1.500000	0.000201491	
1.750000	0.312006  	1.750000	0.320712  	1.750000	0.315288  	1.750000	0.315288  	1.750000	0.315288  	1.750000	0.320536  	1.750000	0.000175828	
2.000000	0.28181   	2.000000	0.290446  	2.000000	0.28976   	2.000000	0.28976   	2.000000	0.28976   	2.000000	0.29029   	2.000000	0.000156215	
2.250000	0.25797   	2.250000	0.266266  	2.250000	0.267847  	2.250000	0.267847  	2.250000	0.267848  	2.250000	0.266125  	2.250000	0.000140713	
2.500000	0.230236  	2.500000	0.246339  	2.500000	0.248874  	2.500000	0.248874  	2.500000	0.248874  	2.500000	0.246211  	2.500000	0.000128135	
3.000000	0.2023    	3.000000	0.215083  	3.000000	0.217787  	3.000000	0.217787  	3.000000	0.217787  	3.000000	0.214974  	3.000000	0.000108933	
3.500000	0.180773  	3.500000	0.1914    	3.500000	0.193526  	3.500000	0.193526  	3.500000	0.193526  	3.500000	0.191305  	3.500000	9.49318e-05	
4.000000	0.163646  	4.000000	0.172689  	4.000000	0.174162  	4.000000	0.174162  	4.000000	0.174163  	4.000000	0.172605  	4.000000	8.42483e-05	
4.500000	0.149678  	4.500000	0.157481  	4.500000	0.1584    	4.500000	0.1584    	4.500000	0.1584    	4.500000	0.157405  	4.500000	7.58149e-05	
5.000000	0.138056  	5.000000	0.144858  	5.000000	0.145344  	5.000000	0.145344  	5.000000	0.145344  	5.000000	0.144789  	5.000000	6.89802e-05	
5.500000	0.128224  	5.500000	0.134206  	5.500000	0.134365  	5.500000	0.134365  	5.500000	0.134365  	5.500000	0.134143  	5.500000	6.33233e-05	
6.000000	0.119793  	6.000000	0.125093  	6.000000	0.125006  	6.000000	0.125006  	6.000000	0.125006  	6.000000	0.125035  	6.000000	5.85603e-05	
6.500000	0.112479  	6.500000	0.117205  	6.500000	0.116936  	6.500000	0.116936  	6.500000	0.116936  	6.500000	0.11715   	6.500000	5.4492e-05	
7.000000	0.106069  	7.000000	0.110308  	7.000000	0.109903  	7.000000	0.109903  	7.000000	0.109903  	7.000000	0.110257  	7.000000	5.09749e-05	
7.500000	0.100404  	7.500000	0.104224  	7.500000	0.103718  	7.500000	0.103718  	7.500000	0.103718  	7.500000	0.104176  	7.500000	4.79026e-05	
8.000000	0.0953575 	8.000000	0.0988147 	8.000000	0.0982349 	8.000000	0.0982349 	8.000000	0.098235  	8.000000	0.0987695 	8.000000	4.51945e-05	
8.500000	0.0908327 	8.500000	0.0939728 	8.500000	0.0933384 	8.500000	0.0933384 	8.500000	0.0933384 	8.500000	0.09393   	8.500000	4.27888e-05	
9.000000	0.0867512 	9.000000	0.0896116 	9.000000	0.0889375 	9.000000	0.0889375 	9.000000	0.0889375 	9.000000	0.089571  	9.000000	4.06367e-05	
9.500000	0.0830497 	9.500000	0.0856617 	9.500000	0.0849591 	9.500000	0.0849591 	9.500000	0.0849591 	9.500000	0.085623  	9.500000	3.86996e-05	
10.000000	0.0796766 	10.000000	0.0809979 	10.000000	0.0813438 	10.000000	0.0813438 	10.000000	0.0813439 	10.000000	0.080961  	10.000000	3.69464e-05	
11.000000	0.0737525 	11.000000	0.0750664 	11.000000	0.0749562 	11.000000	0.074968  	11.000000	0.0749567 	11.000000	0.0750325 	11.000000	3.38947e-05	
12.000000	0.0687152 	12.000000	0.0700023 	12.000000	0.0695736 	12.000000	0.0695929 	12.000000	0.0695745 	12.000000	0.069971  	12.000000	3.13271e-05	
13.000000	0.0643764 	13.000000	0.0656263 	13.000000	0.0649754 	13.000000	0.0649992 	13.000000	0.0649765 	13.000000	0.0655971 	13.000000	2.91355e-05	
14.000000	0.0605981 	14.000000	0.0618053 	14.000000	0.0610021 	14.000000	0.0610277 	14.000000	0.0610027 	14.000000	0.061778  	14.000000	2.7242e-05	
15.000000	0.0572765 	15.000000	0.0584386 	15.000000	0.0575346 	15.000000	0.0575601 	15.000000	0.0575342 	15.000000	0.058413  	15.000000	2.55888e-05	
16.000000	0.0543323 	16.000000	0.0554487 	16.000000	0.0544817 	16.000000	0.0545068 	16.000000	0.0544809 	16.000000	0.0554246 	16.000000	2.41325e-05	
17.000000	0.0517035 	17.000000	0.0527748 	17.000000	0.0517736 	17.000000	0.0517982 	17.000000	0.0517731 	17.000000	0.052752  	17.000000	2.28393e-05	
18.000000	0.0493412 	18.000000	0.0503686 	18.000000	0.0493569 	18.000000	0.0493798 	18.000000	0.0493559 	18.000000	0.0503469 	18.000000	2.1683e-05	
19.000000	0.0472062 	19.000000	0.0481912 	19.000000	0.0471871 	19.000000	0.0472081 	19.000000	0.0471857 	19.000000	0.0481706 	19.000000	2.06426e-05	
20.000000	0.0452666 	20.000000	0.046211  	20.000000	0.0452278 	20.000000	0.0452481 	20.000000	0.0452275 	20.000000	0.0461913 	20.000000	1.97013e-05	
21.000000	0.0434963 	21.000000	0.044402  	21.000000	0.0434513 	21.000000	0.0434709 	21.000000	0.0434522 	21.000000	0.0443832 	21.000000	1.88455e-05	
22.000000	0.0418736 	22.000000	0.0427426 	22.000000	0.0418358 	22.000000	0.0418529 	22.000000	0.0418364 	22.000000	0.0427245 	22.000000	1.80638e-05	
23.000000	0.0403806 	23.000000	0.0412146 	23.000000	0.0403608 	23.000000	0.0403745 	23.000000	0.0403601 	23.000000	0.0411973 	23.000000	1.73469e-05	
24.000000	0.039002  	24.000000	0.0398029 	24.000000	0.0390079 	24.000000	0.039019  	24.000000	0.0390068 	24.000000	0.0397862 	24.000000	1.6687e-05	
25.000000	0.0377248 	25.000000	0.0384944 	25.000000	0.0377628 	25.000000	0.0377725 	25.000000	0.0377625 	25.000000	0.0384783 	25.000000	1.60774e-05	
27.000000	0.0354326 	27.000000	0.0361443 	27.000000	0.0355535 	27.000000	0.0355602 	27.000000	0.0355546 	27.000000	0.0361293 	27.000000	1.49875e-05	
29.000000	0.0334328 	29.000000	0.0340927 	29.000000	0.033658  	29.000000	0.0336609 	29.000000	0.0336596 	29.000000	0.0340787 	29.000000	1.40412e-05	
31.000000	0.031672  	31.000000	0.0322854 	31.000000	0.0319512 	31.000000	0.0319504 	31.000000	0.0319532 	31.000000	0.0322722 	31.000000	1.32115e-05	
33.000000	0.0301089 	33.000000	0.0306806 	33.000000	0.0303792 	33.000000	0.030375  	33.000000	0.0303812 	33.000000	0.0306681 	33.000000	1.2478e-05	
35.000000	0.0287115 	35.000000	0.0292456 	35.000000	0.0289727 	35.000000	0.0289656 	35.000000	0.0289745 	35.000000	0.0292337 	35.000000	1.18245e-05	
38.000000	0.0268717 	38.000000	0.0273562 	38.000000	0.0271191 	38.000000	0.0271085 	38.000000	0.0271204 	38.000000	0.0273452 	38.000000	1.09677e-05	
41.000000	0.0252824 	41.000000	0.0257242 	41.000000	0.0255165 	41.000000	0.0255029 	41.000000	0.0255171 	41.000000	0.025714  	41.000000	1.02308e-05	
44.000000	0.0238948 	44.000000	0.0242998 	44.000000	0.024116  	44.000000	0.0241001 	44.000000	0.0241161 	44.000000	0.0242902 	44.000000	9.59016e-06	
47.000000	0.0226722 	47.000000	0.0230452 	47.000000	0.0228819 	47.000000	0.0228636 	47.000000	0.0228808 	47.000000	0.0230362 	47.000000	9.02776e-06	
50.000000	0.0215861 	50.000000	0.0219314 	50.000000	0.021783  	50.000000	0.0217648 	50.000000	0.0217831 	50.000000	0.0219229 	50.000000	8.52994e-06	
55.000000	0.0200218 	55.000000	0.0203285 	55.000000	0.0202008 	55.000000	0.0201817 	55.000000	0.0202011 	55.000000	0.0203206 	55.000000	7.8159e-06	
60.000000	0.0187009 	60.000000	0.0189767 	60.000000	0.0188654 	60.000000	0.0188448 	60.000000	0.018865  	60.000000	0.0189695 	60.000000	7.21597e-06	
65.000000	0.0175698 	65.000000	0.0178208 	65.000000	0.0177203 	65.000000	0.0177003 	65.000000	0.0177209 	65.000000	0.0178141 	65.000000	6.70453e-06	
70.000000	0.0165895 	70.000000	0.0168205 	70.000000	0.0167307 	70.000000	0.0167088 	70.000000	0.0167296 	70.000000	0.0168143 	70.000000	6.26315e-06	
75.000000	0.0157312 	75.000000	0.0159462 	75.000000	0.0158621 	75.000000	0.0158412 	75.000000	0.0158622 	75.000000	0.0159403 	75.000000	5.87821e-06	
80.000000	0.014973  	80.000000	0.0151752 	80.000000	0.0150972 	80.000000	0.0150754 	80.000000	0.0150964 	80.000000	0.0151696 	80.000000	5.53941e-06	
85.000000	0.014298  	85.000000	0.0144899 	85.000000	0.014415  	85.000000	0.0143943 	85.000000	0.0144152 	85.000000	0.0144847 	85.000000	5.23884e-06	
90.000000	0.0136929 	90.000000	0.0138768 	90.000000	0.0138058 	90.000000	0.0137844 	90.000000	0.0138052 	90.000000	0.0138719 	90.000000	4.9703e-06	
95.000000	0.0131472 	95.000000	0.0133249 	95.000000	0.0132554 	95.000000	0.013235  	95.000000	0.0132557 	95.000000	0.0133202 	95.000000	4.72887e-06	
100.000000	0.0126523 	100.000000	0.0128254 	100.000000	0.0127585 	100.000000	0.0127374 	100.000000	0.0127579 	100.000000	0.0128208 	100.000000	4.5106e-06	
105.000000	0.0122013 	105.000000	0.012371  	105.000000	0.0123047 	105.000000	0.0122845 	105.000000	0.0123049 	105.000000	0.0123667 	105.000000	4.31228e-06	
110.000000	0.0117885 	110.000000	0.0119559 	110.000000	0.0118913 	110.000000	0.0118706 	110.000000	0.0118909 	110.000000	0.0119518 	110.000000	4.13125e-06	
115.000000	0.0114091 	115.000000	0.0115751 	115.000000	0.011511  	115.000000	0.0114908 	115.000000	0.0115108 	115.000000	0.0115712 	115.000000	3.96533e-06	
120.000000	0.0110591 	120.000000	0.0112246 	120.000000	0.0111609 	120.000000	0.0111409 	120.000000	0.0111608 	120.000000	0.0112208 	120.000000	3.81268e-06	
125.000000	0.0107351 	125.000000	0.0109008 	125.000000	0.010838  	125.000000	0.0108176 	125.000000	0.0108374 	125.000000	0.0108971 	125.000000	3.67174e-06	
130.000000	0.0104343 	130.000000	0.0106007 	130.000000	0.0105376 	130.000000	0.010518  	130.000000	0.0105376 	130.000000	0.0105972 	130.000000	3.54121e-06	
135.000000	0.0101541 	135.000000	0.0103219 	135.000000	0.0102583 	135.000000	0.0102395 	135.000000	0.0102589 	135.000000	0.0103185 	135.000000	3.41996e-06	
140.000000	0.0098926 	140.000000	0.0100621 	140.000000	0.00999888	140.000000	0.00997989	140.000000	0.00999911	140.000000	0.0100588 	140.000000	3.30703e-06	
145.000000	0.00964781	145.000000	0.00981946	145.000000	0.00975656	145.000000	0.00973738	145.000000	0.00975643	145.000000	0.00981626	145.000000	3.20157e-06	
150.000000	0.00941816	150.000000	0.00959228	150.000000	0.00952887	150.000000	0.00951031	150.000000	0.0095292 	150.000000	0.00958918	150.000000	3.10286e-06	
155.000000	0.00909482	155.000000	0.00937914	155.000000	0.00931592	155.000000	0.00929725	155.000000	0.00931597	155.000000	0.00937613	155.000000	3.01026e-06	
160.000000	0.0089053 	160.000000	0.00917877	160.000000	0.00911577	160.000000	0.00909693	160.000000	0.00911549	160.000000	0.00917585	160.000000	2.92322e-06	
165.000000	0.00872657	165.000000	0.00899005	165.000000	0.00892655	165.000000	0.00890825	165.000000	0.00892666	165.000000	0.00898721	165.000000	2.84125e-06	
170.000000	0.00855774	170.000000	0.008812  	170.000000	0.00874847	170.000000	0.00873021	170.000000	0.00874847	170.000000	0.00880923	170.000000	2.76391e-06	
175.000000	0.008398  	175.000000	0.00864372	175.000000	0.00858049	175.000000	0.00856195	175.000000	0.00858006	175.000000	0.00864103	175.000000	2.69081e-06	
180.000000	0.0082466 	180.000000	0.00848443	180.000000	0.00842097	180.000000	0.00840268	180.000000	0.00842065	180.000000	0.00848181	180.000000	2.62161e-06	
185.000000	0.00810292	185.000000	0.00833344	185.000000	0.00826944	185.000000	0.0082517 	185.000000	0.00826953	185.000000	0.00833088	185.000000	2.556e-06 	
190.000000	0.00796637	190.000000	0.0081901 	190.000000	0.00812568	190.000000	0.00810838	190.000000	0.00812608	190.000000	0.00818761	190.000000	2.49371e-06	
195.000000	0.00783642	195.000000	0.00805385	195.000000	0.00798946	195.000000	0.00797215	195.000000	0.00798972	195.000000	0.00805142	195.000000	2.43449e-06	
200.000000	0.0077126 	200.000000	0.00792418	200.000000	0.00786007	200.000000	0.00784251	200.000000	0.00785995	200.000000	0.0079218 	200.000000	2.37812e-06	
210.000000	0.00748169	210.000000	0.00768274	210.000000	0.00761821	210.000000	0.00760117	210.000000	0.00761837	210.000000	0.00768047	210.000000	2.27311e-06	
220.000000	0.00727064	220.000000	0.00746257	220.000000	0.00739834	220.000000	0.00738113	220.000000	0.0073981 	220.000000	0.00746039	220.000000	2.17728e-06	
230.000000	0.00707698	230.000000	0.00726097	230.000000	0.00719661	230.000000	0.0071797 	230.000000	0.00719646	230.000000	0.00725888	230.000000	2.08946e-06	
240.000000	0.00689864	240.000000	0.0070757 	240.000000	0.00701088	240.000000	0.00699465	240.000000	0.0070112 	240.000000	0.00707369	240.000000	2.00868e-06	
250.000000	0.00673385	250.000000	0.00690486	250.000000	0.00684039	250.000000	0.00682408	250.000000	0.00684044	250.000000	0.00690293	250.000000	1.93412e-06	
260.000000	0.00658113	260.000000	0.00674685	260.000000	0.00668262	260.000000	0.00666637	260.000000	0.00668254	260.000000	0.00674498	260.000000	1.86508e-06	
270.000000	0.00643918	270.000000	0.00660027	270.000000	0.00653603	270.000000	0.00652014	270.000000	0.00653614	270.000000	0.00659847	270.000000	1.80096e-06	
280.000000	0.00630692	280.000000	0.00646396	280.000000	0.00640033	280.000000	0.0063842 	280.000000	0.00640003	280.000000	0.00646222	280.000000	1.74124e-06	
290.000000	0.00618338	290.000000	0.00633687	290.000000	0.00627338	290.000000	0.00625752	290.000000	0.0062732 	290.000000	0.00633518	290.000000	1.68548e-06	
300.000000	0.00606773	300.000000	0.00621811	300.000000	0.00615456	300.000000	0.0061392 	300.000000	0.00615473	300.000000	0.00621648	300.000000	1.63331e-06	
310.000000	0.00595924	310.000000	0.00610691	310.000000	0.00604364	310.000000	0.00602846	310.000000	0.00604385	310.000000	0.00610533	310.000000	1.58437e-06	
320.000000	0.00585727	320.000000	0.00600257	320.000000	0.00593997	320.000000	0.00592461	320.000000	0.00593986	320.000000	0.00600103	320.000000	1.53837e-06	
330.000000	0.00576126	330.000000	0.0059045 	330.000000	0.00584232	330.000000	0.00582704	330.000000	0.00584215	330.000000	0.005903  	330.000000	1.49506e-06	
340.000000	0.00567071	340.000000	0.00581215	340.000000	0.0057501 	340.000000	0.00573521	340.000000	0.00575021	340.000000	0.00581069	340.000000	1.4542e-06	
350.000000	0.00558516	350.000000	0.00572505	350.000000	0.00566321	350.000000	0.00564864	350.000000	0.00566352	350.000000	0.00572363	350.000000	1.41558e-06	
360.000000	0.00550423	360.000000	0.00564277	360.000000	0.00558147	360.000000	0.00556691	360.000000	0.00558167	360.000000	0.00564139	360.000000	1.37903e-06	
370.000000	0.00542755	370.000000	0.00556494	370.000000	0.00550435	370.000000	0.00548964	370.000000	0.0055043 	370.000000	0.0055636 	370.000000	1.34439e-06	
380.000000	0.00535481	380.000000	0.00549122	380.000000	0.00543103	380.000000	0.00541647	380.000000	0.00543102	380.000000	0.00548991	380.000000	1.3115e-06	
390.000000	0.00528572	390.000000	0.0054213 	390.000000	0.00536143	390.000000	0.00534711	390.000000	0.00536156	390.000000	0.00542002	390.000000	1.28023e-06	
400.000000	0.00522001	400.000000	0.0053549 	400.000000	0.00529564	400.000000	0.00528127	400.000000	0.00529564	400.000000	0.00535365	400.000000	1.25047e-06	
410.000000	0.00515746	410.000000	0.00529177	410.000000	0.0052332 	410.000000	0.00521871	410.000000	0.00523298	410.000000	0.00529055	410.000000	1.2221e-06	
420.000000	0.00509784	420.000000	0.00523169	420.000000	0.00517358	420.000000	0.00515919	420.000000	0.00517337	420.000000	0.00523049	420.000000	1.19504e-06	
430.000000	0.00504097	430.000000	0.00517444	430.000000	0.00511664	430.000000	0.00510251	430.000000	0.0051166 	430.000000	0.00517328	430.000000	1.16918e-06	
440.000000	0.00498666	440.000000	0.00511985	440.000000	0.00506199	440.000000	0.00504811	440.000000	0.00506212	440.000000	0.00511871	440.000000	1.14446e-06	
450.000000	0.00493475	450.000000	0.00506774	450.000000	0.0050097 	450.000000	0.00499598	450.000000	0.00500991	450.000000	0.00506662	450.000000	1.1208e-06	
460.000000	0.0048851 	460.000000	0.00501795	460.000000	0.00495994	460.000000	0.00494619	460.000000	0.00496004	460.000000	0.00501685	460.000000	1.09813e-06	
470.000000	0.00483756	470.000000	0.00497034	470.000000	0.00491245	470.000000	0.0048986 	470.000000	0.00491238	470.000000	0.00496927	470.000000	1.07639e-06	
480.000000	0.00479201	480.000000	0.00492478	480.000000	0.00486694	480.000000	0.00485307	480.000000	0.00486678	480.000000	0.00492372	480.000000	1.05551e-06	
490.000000	0.00474834	490.000000	0.00488114	490.000000	0.00482323	490.000000	0.00480947	490.000000	0.00482312	490.000000	0.0048801 	490.000000	1.03546e-06	
500.000000	0.00470643	500.000000	0.00483931	500.000000	0.00478126	500.000000	0.00476771	500.000000	0.00478129	500.000000	0.0048383 	500.000000	1.01619e-06	
520.000000	0.00462754	520.000000	0.00476069	520.000000	0.00470244	520.000000	0.00468923	520.000000	0.00470268	520.000000	0.00475971	520.000000	9.79776e-07	
540.000000	0.00455463	540.000000	0.00468817	540.000000	0.00463013	540.000000	0.00461688	540.000000	0.00463022	540.000000	0.00468723	540.000000	9.45965e-07	
560.000000	0.00448708	560.000000	0.00462112	560.000000	0.00456333	560.000000	0.00455001	560.000000	0.00456324	560.000000	0.00462021	560.000000	9.14482e-07	
580.000000	0.00442438	580.000000	0.00455899	580.000000	0.00450113	580.000000	0.00448807	580.000000	0.00450119	580.000000	0.0045581 	580.000000	8.85092e-07	
600.000000	0.00436606	600.000000	0.00450129	600.000000	0.00444359	600.000000	0.00443056	600.000000	0.00444359	600.000000	0.00450043	600.000000	8.57591e-07	
620.000000	0.00431173	620.000000	0.00444761	620.000000	0.0043902 	620.000000	0.00437706	620.000000	0.00439   	620.000000	0.00444678	620.000000	8.31801e-07	
640.000000	0.00426101	640.000000	0.00439759	640.000000	0.00434023	640.000000	0.0043272 	640.000000	0.00434005	640.000000	0.00439678	640.000000	8.07565e-07	
660.000000	0.00421362	660.000000	0.00435089	660.000000	0.00429343	660.000000	0.00428065	660.000000	0.00429342	660.000000	0.00435011	660.000000	7.84746e-07	
680.000000	0.00416925	680.000000	0.00430724	680.000000	0.00424968	680.000000	0.00423711	680.000000	0.0042498 	680.000000	0.00430648	680.000000	7.6322e-07	
700.000000	0.00412768	700.000000	0.00426638	700.000000	0.00420884	700.000000	0.00419633	700.000000	0.00420895	700.000000	0.00426564	700.000000	7.42882e-07	
720.000000	0.00408868	720.000000	0.00422808	720.000000	0.00417067	720.000000	0.00415808	720.000000	0.00417063	720.000000	0.00422735	720.000000	7.23633e-07	
740.000000	0.00405205	740.000000	0.00419214	740.000000	0.0041348 	740.000000	0.00412215	740.000000	0.00413464	740.000000	0.00419143	740.000000	7.05387e-07	
760.000000	0.00401761	760.000000	0.00415837	760.000000	0.00410093	760.000000	0.00408837	760.000000	0.00410079	760.000000	0.00415769	760.000000	6.88068e-07	
780.000000	0.00398522	780.000000	0.00412662	780.000000	0.00406895	780.000000	0.00405655	780.000000	0.00406892	780.000000	0.00412595	780.000000	6.71605e-07	
800.000000	0.00395471	800.000000	0.00409674	800.000000	0.00403879	800.000000	0.00402656	800.000000	0.00403887	800.000000	0.00409609	800.000000	6.55936e-07	
820.000000	0.00392596	820.000000	0.0040686 	820.000000	0.00401036	820.000000	0.00399827	820.000000	0.00401052	820.000000	0.00406795	820.000000	6.41005e-07	
840.000000	0.00389885	840.000000	0.00404206	840.000000	0.00398359	840.000000	0.00397153	840.000000	0.00398374	840.000000	0.00404143	840.000000	6.2676e-07	
860.000000	0.00387328	860.000000	0.00401703	860.000000	0.00395836	860.000000	0.00394626	860.000000	0.00395841	860.000000	0.00401641	860.000000	6.13153e-07	
880.000000	0.00384915	880.000000	0.0039934 	880.000000	0.00393451	880.000000	0.00392234	880.000000	0.00393444	880.000000	0.0039928 	880.000000	6.00144e-07	
900.000000	0.00382635	900.000000	0.00397108	900.000000	0.00391186	900.000000	0.00389968	900.000000	0.00391174	900.000000	0.00397049	900.000000	5.87692e-07	
920.000000	0.00380482	920.000000	0.00394999	920.000000	0.00389032	920.000000	0.00387821	920.000000	0.00389022	920.000000	0.00394941	920.000000	5.75763e-07	
940.000000	0.00378448	940.000000	0.00393005	940.000000	0.00386985	940.000000	0.00385783	940.000000	0.00386981	940.000000	0.00392949	940.000000	5.64323e-07	
960.000000	0.00376525	960.000000	0.00391119	960.000000	0.00385038	960.000000	0.00383849	960.000000	0.00385042	960.000000	0.00391064	960.000000	5.53344e-07	
980.000000	0.00374708	980.000000	0.00389335	980.000000	0.00383189	980.000000	0.00382011	980.000000	0.00383201	980.000000	0.00389281	980.000000	5.42797e-07	
1000.000000	0.00372989	1000.000000	0.00387646	1000.000000	0.00381433	1000.000000	0.00380264	1000.000000	0.0038145 	1000.000000	0.00387593	1000.000000	5.32657e-07	
1020.000000	0.00371365	1020.000000	0.00386048	1020.000000	0.00379767	1020.000000	0.00378603	1020.000000	0.00379785	1020.000000	0.00385996	1020.000000	5.229e-07 	
1040.000000	0.00369829	1040.000000	0.00384534	1040.000000	0.00378186	1040.000000	0.00377021	1040.000000	0.003782  	1040.000000	0.00384483	1040.000000	5.13506e-07	
1060.000000	0.00368377	1060.000000	0.00383101	1060.000000	0.00376684	1060.000000	0.00375515	1060.000000	0.00376691	1060.000000	0.00383051	1060.000000	5.04454e-07	
1080.000000	0.00367005	1080.000000	0.00381744	1080.000000	0.00375254	1080.000000	0.0037408 	1080.000000	0.00375253	1080.000000	0.00381695	1080.000000	4.95726e-07	
1100.000000	0.00365708	1100.000000	0.00380459	1100.000000	0.00373888	1100.000000	0.00372712	1100.000000	0.00373882	1100.000000	0.0038041 	1100.000000	4.87304e-07	
1120.000000	0.00364483	1120.000000	0.00379242	1120.000000	0.00372582	1120.000000	0.00371407	1120.000000	0.00372574	1120.000000	0.00379194	1120.000000	4.79172e-07	
1140.000000	0.00363326	1140.000000	0.00378089	1140.000000	0.00371331	1140.000000	0.00370162	1140.000000	0.00371326	1140.000000	0.00378042	1140.000000	4.71316e-07	
1160.000000	0.00362235	1160.000000	0.00376998	1160.000000	0.00370135	1160.000000	0.00368974	1160.000000	0.00370135	1160.000000	0.00376952	1160.000000	4.63721e-07	
1180.000000	0.00361204	1180.000000	0.00375965	1180.000000	0.00368994	1180.000000	0.00367839	1180.000000	0.00368997	1180.000000	0.0037592 	1180.000000	4.56375e-07	
1200.000000	0.00360233	1200.000000	0.00374988	1200.000000	0.00367905	1200.000000	0.00366755	1200.000000	0.00367911	1200.000000	0.00374943	1200.000000	4.49265e-07	
1220.000000	0.00359318	1220.000000	0.00374063	1220.000000	0.00366868	1220.000000	0.00365719	1220.000000	0.00366872	1220.000000	0.00374019	1220.000000	4.4238e-07	
1240.000000	0.00358457	1240.000000	0.00373189	1240.000000	0.00365879	1240.000000	0.00364728	1240.000000	0.00365879	1240.000000	0.00373145	1240.000000	4.35709e-07	
1260.000000	0.00357647	1260.000000	0.00372362	1260.000000	0.00364935	1260.000000	0.00363781	1260.000000	0.0036493 	1260.000000	0.00372319	1260.000000	4.29243e-07	
1280.000000	0.00356886	1280.000000	0.00371581	1280.000000	0.00364032	1280.000000	0.00362875	1280.000000	0.00364021	1280.000000	0.00371539	1280.000000	4.22972e-07	
1300.000000	0.00356172	1300.000000	0.00370844	1300.000000	0.00363168	1300.000000	0.00362008	1300.000000	0.00363152	1300.000000	0.00370802	1300.000000	4.16888e-07	
1320.000000	0.00355503	1320.000000	0.00370148	1320.000000	0.00362338	1320.000000	0.00361178	1320.000000	0.0036232 	1320.000000	0.00370107	1320.000000	4.10981e-07	
1340.000000	0.00354877	1340.000000	0.00369492	1340.000000	0.00361543	1340.000000	0.00360383	1340.000000	0.00361524	1340.000000	0.00369452	1340.000000	4.05245e-07	
1360.000000	0.00354293	1360.000000	0.00368874	1360.000000	0.00360779	1360.000000	0.00359623	1360.000000	0.00360761	1360.000000	0.00368834	1360.000000	3.99671e-07	
1380.000000	0.00353748	1380.000000	0.00368293	1380.000000	0.00360046	1380.000000	0.00358894	1380.000000	0.00360031	1380.000000	0.00368254	1380.000000	3.94254e-07	
1400.000000	0.00353241	1400.000000	0.00367747	1400.000000	0.00359344	1400.000000	0.00358196	1400.000000	0.00359331	1400.000000	0.00367708	1400.000000	3.88986e-07	
1420.000000	0.0035277 	1420.000000	0.00367234	1420.000000	0.0035867 	1420.000000	0.00357528	1420.000000	0.0035866 	1420.000000	0.00367195	1420.000000	3.83861e-07	
1440.000000	0.00352335	1440.000000	0.00366753	1440.000000	0.00358024	1440.000000	0.00356887	1440.000000	0.00358018	1440.000000	0.00366715	1440.000000	3.78874e-07	
1460.000000	0.00351934	1460.000000	0.00366303	1460.000000	0.00357405	1460.000000	0.00356273	1460.000000	0.00357402	1460.000000	0.00366266	1460.000000	3.74019e-07	
1480.000000	0.00351565	1480.000000	0.00365883	1480.000000	0.00356811	1480.000000	0.00355684	1480.000000	0.00356812	1480.000000	0.00365846	1480.000000	3.6929e-07	
1500.000000	0.00351228	1500.000000	0.0036549 	1500.000000	0.00356243	1500.000000	0.0035512 	1500.000000	0.00356246	1500.000000	0.00365454	1500.000000	3.64683e-07	
1520.000000	0.00350921	1520.000000	0.00365126	1520.000000	0.00355698	1520.000000	0.00354579	1520.000000	0.00355704	1520.000000	0.0036509 	1520.000000	3.60194e-07	
1540.000000	0.00350643	1540.000000	0.00364787	1540.000000	0.00355177	1540.000000	0.00354061	1540.000000	0.00355184	1540.000000	0.00364752	1540.000000	3.55817e-07	
1560.000000	0.00350393	1560.000000	0.00364474	1560.000000	0.00354677	1560.000000	0.00353564	1560.000000	0.00354686	1560.000000	0.00364439	1560.000000	3.51548e-07	
1580.000000	0.0035017 	1580.000000	0.00364185	1580.000000	0.00354199	1580.000000	0.00353087	1580.000000	0.00354208	1580.000000	0.0036415 	1580.000000	3.47384e-07	
1600.000000	0.00349974	1600.000000	0.00363919	1600.000000	0.00353742	1600.000000	0.0035263 	1600.000000	0.00353749	1600.000000	0.00363885	1600.000000	3.4332e-07	
1620.000000	0.00349802	1620.000000	0.00363676	1620.000000	0.00353304	1620.000000	0.00352192	1620.000000	0.0035331 	1620.000000	0.00363642	1620.000000	3.39353e-07	
1640.000000	0.00349656	1640.000000	0.00363455	1640.000000	0.00352884	1640.000000	0.00351772	1640.000000	0.00352888	1640.000000	0.00363422	1640.000000	3.3548e-07	
1660.000000	0.00349532	1660.000000	0.00363255	1660.000000	0.00352483	1660.000000	0.00351369	1660.000000	0.00352484	1660.000000	0.00363222	1660.000000	3.31697e-07	
1680.000000	0.00349432	1680.000000	0.00363075	1680.000000	0.00352098	1680.000000	0.00350983	1680.000000	0.00352096	1680.000000	0.00363042	1680.000000	3.28001e-07	
1700.000000	0.00349354	1700.000000	0.00362914	1700.000000	0.0035173 	1700.000000	0.00350612	1700.000000	0.00351725	1700.000000	0.00362882	1700.000000	3.24388e-07	
1750.000000	0.00349251	1750.000000	0.00362593	1750.000000	0.00350873	1750.000000	0.00349752	1750.000000	0.00350862	1750.000000	0.00362562	1750.000000	3.15707e-07	
1800.000000	0.00349272	1800.000000	0.00362381	1800.000000	0.00350101	1800.000000	0.00348979	1800.000000	0.00350086	1800.000000	0.0036235 	1800.000000	3.07492e-07	
1850.000000	0.00349408	1850.000000	0.00362268	1850.000000	0.00349405	1850.000000	0.00348285	1850.000000	0.00349389	1850.000000	0.00362238	1850.000000	2.99706e-07	
1900.000000	0.0034965 	1900.000000	0.00362246	1900.000000	0.00348778	1900.000000	0.00347662	1900.000000	0.00348764	1900.000000	0.00362217	1900.000000	2.92317e-07	
1950.000000	0.00349992	1950.000000	0.00362309	1950.000000	0.00348215	1950.000000	0.00347105	1950.000000	0.00348204	1950.000000	0.0036228 	1950.000000	2.85294e-07	
2000.000000	0.00350426	2000.000000	0.0036245 	2000.000000	0.00347712	2000.000000	0.00346607	2000.000000	0.00347704	2000.000000	0.00362422	2000.000000	2.7861e-07	
2100.000000	0.00351548	2100.000000	0.00362945	2100.000000	0.00346863	2100.000000	0.0034577 	2100.000000	0.00346863	2100.000000	0.00362918	2100.000000	2.66166e-07	
2200.000000	0.00352975	2200.000000	0.00363691	2200.000000	0.003462  	2200.000000	0.00345116	2200.000000	0.00346206	2200.000000	0.00363665	2200.000000	2.54817e-07	
2300.000000	0.0035467 	2300.000000	0.00364655	2300.000000	0.00345694	2300.000000	0.00344617	2300.000000	0.00345703	2300.000000	0.00364631	2300.000000	2.44423e-07	
2400.000000	0.00356606	2400.000000	0.00365811	2400.000000	0.00345324	2400.000000	0.00344248	2400.000000	0.00345332	2400.000000	0.00365787	2400.000000	2.34867e-07	
2500.000000	0.00358756	2500.000000	0.00367134	2500.000000	0.00345068	2500.000000	0.00343991	2500.000000	0.00345072	2500.000000	0.00367112	2500.000000	2.26051e-07	
2600.000000	0.00361101	2600.000000	0.00368606	2600.000000	0.00344909	2600.000000	0.00343829	2600.000000	0.00344907	2600.000000	0.00368584	2600.000000	2.17891e-07	
2700.000000	0.00363621	2700.000000	0.0037021 	2700.000000	0.00344831	2700.000000	0.00343748	2700.000000	0.00344824	2700.000000	0.00370189	2700.000000	2.10316e-07	
2800.000000	0.00366301	2800.000000	0.00371931	2800.000000	0.00344823	2800.000000	0.00343738	2800.000000	0.00344811	2800.000000	0.00371911	2800.000000	2.03265e-07	
2900.000000	0.00369127	2900.000000	0.00373757	2900.000000	0.00344873	2900.000000	0.00343787	2900.000000	0.00344859	2900.000000	0.00373738	2900.000000	1.96685e-07	
3000.000000	0.00372087	3000.000000	0.00375678	3000.000000	0.00344973	3000.000000	0.00343889	3000.000000	0.00344959	3000.000000	0.00375659	3000.000000	1.90529e-07	
3200.000000	0.00378372	3200.000000	0.00379767	3200.000000	0.003453  	3200.000000	0.00344221	3200.000000	0.00345287	3200.000000	0.00379749	3200.000000	1.79336e-07	
3400.000000	0.00385086	3400.000000	0.00384135	3400.000000	0.00345761	3400.000000	0.00344688	3400.000000	0.00345751	3400.000000	0.00384118	3400.000000	1.69419e-07	
3600.000000	0.00392174	3600.000000	0.00388735	3600.000000	0.00346323	3600.000000	0.00345256	3600.000000	0.00346317	3600.000000	0.00388719	3600.000000	1.60569e-07	
3800.000000	0.00399594	3800.000000	0.00393529	3800.000000	0.00346962	3800.000000	0.003459  	3800.000000	0.00346958	3800.000000	0.00393514	3800.000000	1.52622e-07	
4000.000000	0.0040731 	4000.000000	0.00398486	4000.000000	0.00347659	4000.000000	0.003466  	4000.000000	0.00347656	4000.000000	0.00398472	4000.000000	1.45446e-07	
4200.000000	0.00415295	4200.000000	0.00403582	4200.000000	0.00348397	4200.000000	0.00347342	4200.000000	0.00348396	4200.000000	0.00403568	4200.000000	1.38931e-07	
4400.000000	0.00423525	4400.000000	0.00408796	4400.000000	0.00349166	4400.000000	0.00348113	4400.000000	0.00349165	4400.000000	0.00408783	4400.000000	1.32991e-07	
4600.000000	0.0043198 	4600.000000	0.00414113	4600.000000	0.00349955	4600.000000	0.00348904	4600.000000	0.00349955	4600.000000	0.004141  	4600.000000	1.27551e-07	
4800.000000	0.00440644	4800.000000	0.00419517	4800.000000	0.00350758	4800.000000	0.0034971 	4800.000000	0.00350759	4800.000000	0.00419505	4800.000000	1.22551e-07	
5000.000000	0.00449504	5000.000000	0.00424998	5000.000000	0.0035157 	5000.000000	0.00350523	5000.000000	0.00351571	5000.000000	0.00424987	5000.000000	1.17938e-07	
5250.000000	0.00460835	5250.000000	0.00431943	5250.000000	0.00352589	5250.000000	0.00351544	5250.000000	0.0035259 	5250.000000	0.00431932	5250.000000	1.12651e-07	
5500.000000	0.00472435	5500.000000	0.00438976	5500.000000	0.00353608	5500.000000	0.00352565	5500.000000	0.00353609	5500.000000	0.00438965	5500.000000	1.0783e-07	
6000.000000	0.00496375	6000.000000	0.00453257	6000.000000	0.00355625	6000.000000	0.00354585	6000.000000	0.00355626	6000.000000	0.00453248	6000.000000	9.93585e-08	
6500.000000	0.00521225	6500.000000	0.00467763	6500.000000	0.00357595	6500.000000	0.00356558	6500.000000	0.00357595	6500.000000	0.00467754	6500.000000	9.21519e-08	
7000.000000	0.00546912	7000.000000	0.00482435	7000.000000	0.00359506	7000.000000	0.0035847 	7000.000000	0.00359505	7000.000000	0.00482426	7000.000000	8.59448e-08	
7500.000000	0.00573383	7500.000000	0.00497232	7500.000000	0.00361349	7500.000000	0.00360316	7500.000000	0.00361348	7500.000000	0.00497224	7500.000000	8.05411e-08	
8000.000000	0.00600598	8000.000000	0.00512125	8000.000000	0.00363127	8000.000000	0.00362092	8000.000000	0.00363121	8000.000000	0.00512117	8000.000000	7.57932e-08	
8500.000000	0.00628526	8500.000000	0.00527089	8500.000000	0.00364831	8500.000000	0.003638  	8500.000000	0.00364826	8500.000000	0.00527082	8500.000000	7.15875e-08	
9000.000000	0.00657142	9000.000000	0.00542108	9000.000000	0.00366464	9000.000000	0.00365442	9000.000000	0.00366465	9000.000000	0.00542101	9000.000000	6.78355e-08	
9500.000000	0.00686428	9500.000000	0.00557168	9500.000000	0.00368036	9500.000000	0.00367018	9500.000000	0.00368038	9500.000000	0.00557162	9500.000000	6.44669e-08	
10000.000000	0.00716369	10000.000000	0.00572259	10000.000000	0.00369552	10000.000000	0.00368534	10000.000000	0.00369551	10000.000000	0.00572253	10000.000000	6.14253e-08	
11000.000000	0.00778168	11000.000000	0.006025  	11000.000000	0.0037241 	11000.000000	0.00371393	11000.000000	0.00372404	11000.000000	0.00602494	11000.000000	5.61482e-08	
12000.000000	0.00842468	12000.000000	0.00632782	12000.000000	0.00375045	12000.000000	0.00374044	12000.000000	0.00375048	12000.000000	0.00632777	12000.000000	5.17262e-08	
13000.000000	0.00909219	13000.000000	0.00663075	13000.000000	0.00377497	13000.000000	0.0037651 	13000.000000	0.00377506	13000.000000	0.0066307 	13000.000000	4.79654e-08	
14000.000000	0.0097839 	14000.000000	0.00693357	14000.000000	0.00379793	14000.000000	0.0037881 	14000.000000	0.00379799	14000.000000	0.00693353	14000.000000	4.47269e-08	
15000.000000	0.0104996 	15000.000000	0.00723615	15000.000000	0.00381948	15000.000000	0.00380964	15000.000000	0.00381945	15000.000000	0.00723611	15000.000000	4.19081e-08	
16000.000000	0.0112391 	16000.000000	0.00753839	16000.000000	0.0038397 	16000.000000	0.00382987	16000.000000	0.00383958	16000.000000	0.00753835	16000.000000	3.94318e-08	
17000.000000	0.0120024 	17000.000000	0.00784023	17000.000000	0.00385869	17000.000000	0.00384891	17000.000000	0.00385854	17000.000000	0.0078402 	17000.000000	3.72386e-08	
18000.000000	0.0127894 	18000.000000	0.00814163	18000.000000	0.00387658	18000.000000	0.0038669 	18000.000000	0.00387644	18000.000000	0.0081416 	18000.000000	3.52824e-08	
19000.000000	0.0136002 	19000.000000	0.00844257	19000.000000	0.00389347	19000.000000	0.00388393	19000.000000	0.00389336	19000.000000	0.00844253	19000.000000	3.35262e-08	
20000.000000	0.0144346 	20000.000000	0.00874301	20000.000000	0.00390946	20000.000000	0.00390009	20000.000000	0.00390942	20000.000000	0.00874298	20000.000000	3.19408e-08	
21000.000000	0.0152928 	21000.000000	0.00904297	21000.000000	0.00392467	21000.000000	0.00391546	21000.000000	0.00392468	21000.000000	0.00904294	21000.000000	3.05021e-08	
22000.000000	0.0161749 	22000.000000	0.00934244	22000.000000	0.00393922	22000.000000	0.00393011	22000.000000	0.00393921	22000.000000	0.00934241	22000.000000	2.91906e-08	
23000.000000	0.0170808 	23000.000000	0.00964141	23000.000000	0.00395314	23000.000000	0.00394409	23000.000000	0.00395308	23000.000000	0.00964138	23000.000000	2.79899e-08	
24000.000000	0.0180106 	24000.000000	0.00993989	24000.000000	0.00396643	24000.000000	0.00395747	24000.000000	0.00396633	24000.000000	0.00993986	24000.000000	2.68865e-08	
25000.000000	0.0189644 	25000.000000	0.0102379 	25000.000000	0.0039791 	25000.000000	0.00397029	25000.000000	0.00397902	25000.000000	0.0102379 	25000.000000	2.58689e-08	
26000.000000	0.0199424 	26000.000000	0.0105354 	26000.000000	0.00399124	26000.000000	0.00398258	26000.000000	0.00399118	26000.000000	0.0105354 	26000.000000	2.49274e-08	
27000.000000	0.0209446 	27000.000000	0.0108325 	27000.000000	0.00400289	27000.000000	0.0039944 	27000.000000	0.00400286	27000.000000	0.0108324 	27000.000000	2.40537e-08	
28000.000000	0.0219711 	28000.000000	0.0111291 	28000.000000	0.0040141 	28000.000000	0.00400577	28000.000000	0.00401408	28000.000000	0.011129  	28000.000000	2.32407e-08	
29000.000000	0.023022  	29000.000000	0.0114252 	29000.000000	0.00402488	29000.000000	0.00401673	29000.000000	0.00402489	29000.000000	0.0114252 	29000.000000	2.24822e-08	
30000.000000	0.0240974 	30000.000000	0.0117209 	30000.000000	0.00403527	30000.000000	0.00402729	30000.000000	0.0040353 	30000.000000	0.0117209 	30000.000000	2.17728e-08	
32000.000000	0.0263222 	32000.000000	0.012311  	32000.000000	0.004055  	32000.000000	0.00404736	32000.000000	0.00405505	32000.000000	0.012311  	32000.000000	2.04835e-08	
34000.000000	0.0286465 	34000.000000	0.0128995 	34000.000000	0.00407347	34000.000000	0.00406616	34000.000000	0.00407349	34000.000000	0.0128995 	34000.000000	1.93418e-08	
36000.000000	0.0310712 	36000.000000	0.0134864 	36000.000000	0.0040908 	36000.000000	0.00408382	36000.000000	0.00409079	36000.000000	0.0134864 	36000.000000	1.83235e-08	
38000.000000	0.0335973 	38000.000000	0.0140718 	38000.000000	0.00410709	38000.000000	0.00410047	38000.000000	0.00410707	38000.000000	0.0140717 	38000.000000	1.74095e-08	
40000.000000	0.0362259 	40000.000000	0.0146557 	40000.000000	0.00412245	40000.000000	0.00411623	40000.000000	0.00412242	40000.000000	0.0146557 	40000.000000	1.65845e-08	
42000.000000	0.0389581 	42000.000000	0.0152382 	42000.000000	0.00413697	42000.000000	0.00413117	42000.000000	0.00413694	42000.000000	0.0152382 	42000.000000	1.58359e-08	
44000.000000	0.0417948 	44000.000000	0.0158194 	44000.000000	0.00415076	44000.000000	0.00414537	44000.000000	0.00415071	44000.000000	0.0158194 	44000.000000	1.51536e-08	
46000.000000	0.0447372 	46000.000000	0.0163994 	46000.000000	0.00416388	46000.000000	0.00415891	46000.000000	0.00416378	46000.000000	0.0163994 	46000.000000	1.45289e-08	
48000.000000	0.0477864 	48000.000000	0.0169781 	48000.000000	0.00417639	48000.000000	0.00417184	48000.000000	0.00417624	48000.000000	0.0169781 	48000.000000	1.3955e-08	
50000.000000	0.0509435 	50000.000000	0.0175556 	50000.000000	0.00418831	50000.000000	0.00418421	50000.000000	0.0041881 	50000.000000	0.0175556 	50000.000000	1.34257e-08	
