*Energy (MeV/u)1	0 - [He-base] F.Hubert et al. AD&ND Tables 46(1990)1	Energy (MeV/u)2	1 - [H -base] J.F.Ziegler et al.Pergamon Press.NY(low energy)	Energy (MeV/u)3	2 - ATIMA 1.2 LS-theory (recommended for high energy)	Energy (MeV/u)4	3 - ATIMA 1.2 without LS-correction	Energy (MeV/u)5	4 - ATIMA 1.4 H.Weick. improved mean charge formula for HI	Energy (MeV/u)6	5 - electrical component of [1] - J.F.Ziegler et al	Energy (MeV/u)7	6 - nuclear component of [1] - J.F.Ziegler et al	
0.001000	0.0485134 	0.001000	0.0548884 	0.001000	0.0695134 	0.001000	0.0695134 	0.001000	0.0694949 	0.001000	0.0483733 	0.001000	0.00651511	
0.002000	0.0577984 	0.002000	0.0661214 	0.002000	0.0793846 	0.002000	0.0793846 	0.002000	0.0793744 	0.002000	0.0616547 	0.002000	0.00446664	
0.005000	0.0759068 	0.005000	0.0874467 	0.005000	0.0966849 	0.005000	0.0966849 	0.005000	0.0966806 	0.005000	0.084966  	0.005000	0.0024807 	
0.008000	0.0883237 	0.008000	0.101923  	0.008000	0.107715  	0.008000	0.107715  	0.008000	0.107712  	0.008000	0.100158  	0.008000	0.00176493	
0.010000	0.0950937 	0.010000	0.109794  	0.010000	0.113528  	0.010000	0.113528  	0.010000	0.113526  	0.010000	0.108294  	0.010000	0.0014998 	
0.015000	0.114693  	0.015000	0.124863  	0.015000	0.125086  	0.015000	0.125086  	0.015000	0.125085  	0.015000	0.123757  	0.015000	0.0011063 	
0.020000	0.130752  	0.020000	0.136646  	0.020000	0.134111  	0.020000	0.134111  	0.020000	0.13411   	0.020000	0.13576   	0.020000	0.000886362	
0.025000	0.144034  	0.025000	0.146185  	0.025000	0.141612  	0.025000	0.141612  	0.025000	0.141612  	0.025000	0.14544   	0.025000	0.000744234	
0.030000	0.154946  	0.030000	0.154024  	0.030000	0.149739  	0.030000	0.149739  	0.030000	0.149739  	0.030000	0.15338   	0.030000	0.000644124	
0.035000	0.163756  	0.035000	0.160497  	0.035000	0.156515  	0.035000	0.156515  	0.035000	0.156515  	0.035000	0.159928  	0.035000	0.000569448	
0.040000	0.170678  	0.040000	0.165831  	0.040000	0.162156  	0.040000	0.162156  	0.040000	0.162156  	0.040000	0.165319  	0.040000	0.000511411	
0.045000	0.175899  	0.045000	0.17019   	0.045000	0.166822  	0.045000	0.166822  	0.045000	0.166822  	0.045000	0.169725  	0.045000	0.000464894	
0.050000	0.179605  	0.050000	0.173704  	0.050000	0.170637  	0.050000	0.170637  	0.050000	0.170636  	0.050000	0.173277  	0.050000	0.000426701	
0.055000	0.181975  	0.055000	0.176478  	0.055000	0.173701  	0.055000	0.173701  	0.055000	0.173701  	0.055000	0.176083  	0.055000	0.000394734	
0.060000	0.183186  	0.060000	0.178601  	0.060000	0.176101  	0.060000	0.176101  	0.060000	0.176101  	0.060000	0.178233  	0.060000	0.000367549	
0.070000	0.182808  	0.070000	0.181186  	0.070000	0.179198  	0.070000	0.179198  	0.070000	0.179198  	0.070000	0.180863  	0.070000	0.000323713	
0.080000	0.179719  	0.080000	0.181969  	0.080000	0.18043   	0.080000	0.18043   	0.080000	0.18043   	0.080000	0.181679  	0.080000	0.000289821	
0.090000	0.174943  	0.090000	0.181355  	0.090000	0.180202  	0.090000	0.180202  	0.090000	0.180202  	0.090000	0.181092  	0.090000	0.000262772	
0.100000	0.169256  	0.100000	0.179675  	0.100000	0.178847  	0.100000	0.178847  	0.100000	0.178847  	0.100000	0.179434  	0.100000	0.000240643	
0.120000	0.157154  	0.120000	0.174141  	0.120000	0.173811  	0.120000	0.173811  	0.120000	0.173811  	0.120000	0.173935  	0.120000	0.000206518	
0.140000	0.145804  	0.140000	0.166962  	0.140000	0.166967  	0.140000	0.166967  	0.140000	0.166967  	0.140000	0.16678   	0.140000	0.000181351	
0.160000	0.13595   	0.160000	0.159145  	0.160000	0.159373  	0.160000	0.159373  	0.160000	0.159373  	0.160000	0.158983  	0.160000	0.000161968	
0.180000	0.127625  	0.180000	0.151297  	0.180000	0.151671  	0.180000	0.151671  	0.180000	0.151671  	0.180000	0.15115   	0.180000	0.000146548	
0.200000	0.12062   	0.200000	0.143757  	0.200000	0.144228  	0.200000	0.144228  	0.200000	0.144228  	0.200000	0.143623  	0.200000	0.000133968	
0.250000	0.107317  	0.250000	0.127128  	0.250000	0.127717  	0.250000	0.127717  	0.250000	0.127717  	0.250000	0.127018  	0.250000	0.000110688	
0.300000	0.0978316 	0.300000	0.113832  	0.300000	0.114455  	0.300000	0.114455  	0.300000	0.114455  	0.300000	0.113737  	0.300000	9.46333e-05	
0.350000	0.0905482 	0.350000	0.103301  	0.350000	0.103923  	0.350000	0.103923  	0.350000	0.103923  	0.350000	0.103218  	0.350000	8.28484e-05	
0.400000	0.0846419 	0.400000	0.0948611 	0.400000	0.0954634 	0.400000	0.0954634 	0.400000	0.0954634 	0.400000	0.0947873 	0.400000	7.38068e-05	
0.450000	0.0796712 	0.450000	0.0879681 	0.450000	0.0885411 	0.450000	0.0885411 	0.450000	0.0885411 	0.450000	0.0879014 	0.450000	6.66366e-05	
0.500000	0.0753809 	0.500000	0.0822273 	0.500000	0.0827663 	0.500000	0.0827663 	0.500000	0.0827663 	0.500000	0.0821665 	0.500000	6.08027e-05	
0.600000	0.0682588 	0.600000	0.0731646 	0.600000	0.0736315 	0.600000	0.0736315 	0.600000	0.0736315 	0.600000	0.0731128 	0.600000	5.18654e-05	
0.700000	0.0625183 	0.700000	0.0662644 	0.700000	0.0666621 	0.700000	0.0666621 	0.700000	0.0666621 	0.700000	0.066219  	0.700000	4.53231e-05	
0.800000	0.0577571 	0.800000	0.0607765 	0.800000	0.061112  	0.800000	0.061112  	0.800000	0.061112  	0.800000	0.0607362 	0.800000	4.03149e-05	
0.900000	0.0537284 	0.900000	0.0562712 	0.900000	0.0565523 	0.900000	0.0565523 	0.900000	0.0565523 	0.900000	0.0562349 	0.900000	3.63508e-05	
1.000000	0.0502675 	1.000000	0.052484  	1.000000	0.0527181 	1.000000	0.0527181 	1.000000	0.0527181 	1.000000	0.0524509 	1.000000	3.31306e-05	
1.250000	0.0434078 	1.250000	0.0451516 	1.250000	0.0452946 	1.250000	0.0452946 	1.250000	0.0452946 	1.250000	0.0451244 	1.250000	2.72073e-05	
1.500000	0.0382973 	1.500000	0.0397962 	1.500000	0.0398759 	1.500000	0.0398759 	1.500000	0.0398759 	1.500000	0.0397731 	1.500000	2.31514e-05	
1.750000	0.0343302 	1.750000	0.0356799 	1.750000	0.0357146 	1.750000	0.0357146 	1.750000	0.0357147 	1.750000	0.0356597 	1.750000	2.01909e-05	
2.000000	0.0311544 	2.000000	0.0324014 	2.000000	0.0324035 	2.000000	0.0324035 	2.000000	0.0324035 	2.000000	0.0323835 	2.000000	1.79299e-05	
2.250000	0.0285501 	2.250000	0.0297202 	2.250000	0.029698  	2.250000	0.029698  	2.250000	0.029698  	2.250000	0.029704  	2.250000	1.61438e-05	
2.500000	0.0262589 	2.500000	0.0274815 	2.500000	0.0274411 	2.500000	0.0274411 	2.500000	0.0274411 	2.500000	0.0274668 	2.500000	1.46954e-05	
3.000000	0.0229287 	3.000000	0.0239453 	3.000000	0.0238802 	3.000000	0.0238802 	3.000000	0.0238802 	3.000000	0.0239328 	3.000000	1.24854e-05	
3.500000	0.0204013 	3.500000	0.0212689 	3.500000	0.0211888 	3.500000	0.0211888 	3.500000	0.0211889 	3.500000	0.021258  	3.500000	1.08752e-05	
4.000000	0.018412  	4.000000	0.0191661 	4.000000	0.0190769 	4.000000	0.0190769 	4.000000	0.0190769 	4.000000	0.0191565 	4.000000	9.64725e-06	
4.500000	0.0168024 	4.500000	0.0174667 	4.500000	0.0173718 	4.500000	0.0173718 	4.500000	0.0173718 	4.500000	0.017458  	4.500000	8.67839e-06	
5.000000	0.0154709 	5.000000	0.0160622 	5.000000	0.0159639 	5.000000	0.0159639 	5.000000	0.0159639 	5.000000	0.0160543 	5.000000	7.89352e-06	
5.500000	0.0143499 	5.500000	0.0148804 	5.500000	0.0147802 	5.500000	0.0147802 	5.500000	0.0147802 	5.500000	0.0148732 	5.500000	7.24416e-06	
6.000000	0.0133921 	6.000000	0.0138712 	6.000000	0.01377   	6.000000	0.01377   	6.000000	0.01377   	6.000000	0.0138645 	6.000000	6.69758e-06	
6.500000	0.0125637 	6.500000	0.0129984 	6.500000	0.012897  	6.500000	0.012897  	6.500000	0.012897  	6.500000	0.0129922 	6.500000	6.23087e-06	
7.000000	0.0118394 	7.000000	0.0122357 	7.000000	0.0121345 	7.000000	0.0121345 	7.000000	0.0121345 	7.000000	0.0122298 	7.000000	5.82749e-06	
7.500000	0.0112006 	7.500000	0.0115629 	7.500000	0.0114623 	7.500000	0.0114623 	7.500000	0.0114623 	7.500000	0.0115574 	7.500000	5.47521e-06	
8.000000	0.0106325 	8.000000	0.0109647 	8.000000	0.010865  	8.000000	0.010865  	8.000000	0.010865  	8.000000	0.0109595 	8.000000	5.16478e-06	
8.500000	0.0101239 	8.500000	0.0104291 	8.500000	0.0103303 	8.500000	0.0103303 	8.500000	0.0103303 	8.500000	0.0104242 	8.500000	4.88905e-06	
9.000000	0.00966562	9.000000	0.00994652	9.000000	0.00984887	9.000000	0.00984887	9.000000	0.00984888	9.000000	0.00994188	9.000000	4.64244e-06	
9.500000	0.00925048	9.500000	0.00950932	9.500000	0.00941284	9.500000	0.00941284	9.500000	0.00941284	9.500000	0.0095049 	9.500000	4.42051e-06	
10.000000	0.00887251	10.000000	0.00899261	10.000000	0.00901597	10.000000	0.00901597	10.000000	0.00901597	10.000000	0.00898839	10.000000	4.21968e-06	
11.000000	0.00820944	11.000000	0.00833563	11.000000	0.00831414	11.000000	0.00831421	11.000000	0.00831385	11.000000	0.00833175	11.000000	3.87019e-06	
12.000000	0.00764632	12.000000	0.00777439	12.000000	0.00772099	12.000000	0.00772113	12.000000	0.00772081	12.000000	0.00777082	12.000000	3.57622e-06	
13.000000	0.00716176	13.000000	0.00728918	13.000000	0.00721326	13.000000	0.00721335	13.000000	0.00721314	13.000000	0.00728586	13.000000	3.32537e-06	
14.000000	0.00674012	14.000000	0.00686534	14.000000	0.00677378	14.000000	0.00677377	14.000000	0.00677367	14.000000	0.00686223	14.000000	3.10869e-06	
15.000000	0.00636968	15.000000	0.00649178	15.000000	0.00638959	15.000000	0.0063896 	15.000000	0.0063896 	15.000000	0.00648886	15.000000	2.91955e-06	
16.000000	0.00604148	16.000000	0.00615993	16.000000	0.00605116	16.000000	0.00605109	16.000000	0.00605116	16.000000	0.00615718	16.000000	2.75296e-06	
17.000000	0.00574858	17.000000	0.0058631 	17.000000	0.00575093	17.000000	0.00575065	17.000000	0.0057508 	17.000000	0.00586049	17.000000	2.60507e-06	
18.000000	0.00548546	18.000000	0.00559594	18.000000	0.0054827 	18.000000	0.0054823 	18.000000	0.00548252	18.000000	0.00559346	18.000000	2.47284e-06	
19.000000	0.00524772	19.000000	0.00535415	19.000000	0.00524165	19.000000	0.00524127	19.000000	0.00524156	19.000000	0.0053518 	19.000000	2.3539e-06	
20.000000	0.00503179	20.000000	0.00513424	20.000000	0.00502408	20.000000	0.00502368	20.000000	0.00502405	20.000000	0.00513199	20.000000	2.2463e-06	
21.000000	0.00483476	21.000000	0.00493331	21.000000	0.0048268 	21.000000	0.00482637	21.000000	0.00482681	21.000000	0.00493117	21.000000	2.14848e-06	
22.000000	0.00465419	22.000000	0.00474899	22.000000	0.00464714	22.000000	0.00464673	22.000000	0.00464723	22.000000	0.00474693	22.000000	2.05915e-06	
23.000000	0.00448807	23.000000	0.00457927	23.000000	0.00448298	23.000000	0.00448256	23.000000	0.00448314	23.000000	0.00457729	23.000000	1.97723e-06	
24.000000	0.00433471	24.000000	0.00442244	24.000000	0.00433263	24.000000	0.00433205	24.000000	0.00433269	24.000000	0.00442054	24.000000	1.90183e-06	
25.000000	0.00419265	25.000000	0.00427708	25.000000	0.00419447	25.000000	0.00419363	25.000000	0.00419434	25.000000	0.00427525	25.000000	1.83219e-06	
27.000000	0.00393771	27.000000	0.004016  	27.000000	0.00394904	27.000000	0.00394797	27.000000	0.00394882	27.000000	0.00401429	27.000000	1.70769e-06	
29.000000	0.00371534	29.000000	0.00378807	29.000000	0.00373811	29.000000	0.00373706	29.000000	0.00373803	29.000000	0.00378647	29.000000	1.59962e-06	
31.000000	0.00351956	31.000000	0.00358727	31.000000	0.00354833	31.000000	0.00354726	31.000000	0.00354831	31.000000	0.00358576	31.000000	1.50489e-06	
33.000000	0.0033458 	33.000000	0.00340896	33.000000	0.00337357	33.000000	0.00337257	33.000000	0.00337363	33.000000	0.00340754	33.000000	1.42115e-06	
35.000000	0.00319046	35.000000	0.00324952	35.000000	0.00321714	35.000000	0.00321625	35.000000	0.00321731	35.000000	0.00324818	35.000000	1.34656e-06	
38.000000	0.00298596	38.000000	0.00303959	38.000000	0.00301144	38.000000	0.00301024	38.000000	0.0030113 	38.000000	0.00303835	38.000000	1.24877e-06	
41.000000	0.00280931	41.000000	0.00285827	41.000000	0.00283334	41.000000	0.00283211	41.000000	0.00283317	41.000000	0.0028571 	41.000000	1.16469e-06	
44.000000	0.0026551 	44.000000	0.0027    	44.000000	0.00267759	44.000000	0.00267646	44.000000	0.00267752	44.000000	0.00269891	44.000000	1.0916e-06	
47.000000	0.00251922	47.000000	0.0025606 	47.000000	0.00254031	47.000000	0.00253923	47.000000	0.00254028	47.000000	0.00255957	47.000000	1.02745e-06	
50.000000	0.00239853	50.000000	0.00243685	50.000000	0.0024183 	50.000000	0.00241729	50.000000	0.00241832	50.000000	0.00243588	50.000000	9.70677e-07	
55.000000	0.00222469	55.000000	0.00225874	55.000000	0.0022425 	55.000000	0.00224157	55.000000	0.00224258	55.000000	0.00225785	55.000000	8.89257e-07	
60.000000	0.00207791	60.000000	0.00210854	60.000000	0.00209409	60.000000	0.00209318	60.000000	0.00209417	60.000000	0.00210772	60.000000	8.20862e-07	
65.000000	0.00195222	65.000000	0.0019801 	65.000000	0.0019672 	65.000000	0.00196611	65.000000	0.00196708	65.000000	0.00197934	65.000000	7.62568e-07	
70.000000	0.0018433 	70.000000	0.00186896	70.000000	0.00185702	70.000000	0.00185603	70.000000	0.00185698	70.000000	0.00186825	70.000000	7.12267e-07	
75.000000	0.00174793	75.000000	0.00177182	75.000000	0.00176063	75.000000	0.0017597 	75.000000	0.00176063	75.000000	0.00177115	75.000000	6.68405e-07	
80.000000	0.00166368	80.000000	0.00168614	80.000000	0.00167555	80.000000	0.00167467	80.000000	0.00167558	80.000000	0.00168551	80.000000	6.29806e-07	
85.000000	0.00158868	85.000000	0.00161001	85.000000	0.00159987	85.000000	0.00159903	85.000000	0.00159993	85.000000	0.00160941	85.000000	5.95567e-07	
90.000000	0.00152144	90.000000	0.00154188	90.000000	0.0015321 	90.000000	0.0015313 	90.000000	0.00153218	90.000000	0.00154132	90.000000	5.6498e-07	
95.000000	0.00146081	95.000000	0.00148056	95.000000	0.00147123	95.000000	0.00147029	95.000000	0.00147115	95.000000	0.00148002	95.000000	5.37485e-07	
100.000000	0.00140582	100.000000	0.00142505	100.000000	0.00141593	100.000000	0.00141502	100.000000	0.00141587	100.000000	0.00142454	100.000000	5.12631e-07	
105.000000	0.00135571	105.000000	0.00137457	105.000000	0.0013656 	105.000000	0.00136473	105.000000	0.00136556	105.000000	0.00137408	105.000000	4.90049e-07	
110.000000	0.00130984	110.000000	0.00132844	110.000000	0.0013196 	110.000000	0.00131876	110.000000	0.00131958	110.000000	0.00132797	110.000000	4.6944e-07	
115.000000	0.00126768	115.000000	0.00128614	115.000000	0.00127738	115.000000	0.00127657	115.000000	0.00127738	115.000000	0.00128569	115.000000	4.50551e-07	
120.000000	0.00122879	120.000000	0.00124719	120.000000	0.00123849	120.000000	0.00123772	120.000000	0.00123851	120.000000	0.00124675	120.000000	4.33175e-07	
125.000000	0.00119279	125.000000	0.00121121	125.000000	0.00120256	125.000000	0.00120181	125.000000	0.0012026 	125.000000	0.00121079	125.000000	4.17134e-07	
130.000000	0.00115936	130.000000	0.00117787	130.000000	0.00116926	130.000000	0.00116853	130.000000	0.0011693 	130.000000	0.00117747	130.000000	4.02278e-07	
135.000000	0.00112824	135.000000	0.00114689	135.000000	0.00113828	135.000000	0.00113759	135.000000	0.00113836	135.000000	0.0011465 	135.000000	3.88479e-07	
140.000000	0.00109918	140.000000	0.00111802	140.000000	0.0011095 	140.000000	0.00110876	140.000000	0.00110951	140.000000	0.00111765	140.000000	3.75628e-07	
145.000000	0.00107198	145.000000	0.00109106	145.000000	0.00108263	145.000000	0.00108182	145.000000	0.00108257	145.000000	0.0010907 	145.000000	3.63628e-07	
150.000000	0.00104646	150.000000	0.00106582	150.000000	0.00105738	150.000000	0.0010566 	150.000000	0.00105734	150.000000	0.00106546	150.000000	3.52397e-07	
155.000000	0.00101054	155.000000	0.00104213	155.000000	0.00103369	155.000000	0.00103293	155.000000	0.00103366	155.000000	0.00104179	155.000000	3.41862e-07	
160.000000	0.000989478	160.000000	0.00101987	160.000000	0.00101142	160.000000	0.00101068	160.000000	0.0010114 	160.000000	0.00101954	160.000000	3.31961e-07	
165.000000	0.00096962	165.000000	0.000998902	165.000000	0.000990443	165.000000	0.000989723	165.000000	0.000990433	165.000000	0.000998579	165.000000	3.22635e-07	
170.000000	0.000950861	170.000000	0.000979117	170.000000	0.000970649	170.000000	0.000969946	170.000000	0.000970649	170.000000	0.000978804	170.000000	3.13838e-07	
175.000000	0.000933111	175.000000	0.00096042	175.000000	0.000951942	175.000000	0.000951255	175.000000	0.00095195	175.000000	0.000960114	175.000000	3.05523e-07	
180.000000	0.000916289	180.000000	0.000942721	180.000000	0.000934234	180.000000	0.000933562	180.000000	0.000934251	180.000000	0.000942424	180.000000	2.97653e-07	
185.000000	0.000900325	185.000000	0.000925944	185.000000	0.00091745	185.000000	0.00091679	185.000000	0.000917473	185.000000	0.000925654	185.000000	2.90191e-07	
190.000000	0.000885152	190.000000	0.000910017	190.000000	0.000901518	190.000000	0.00090087	190.000000	0.000901546	190.000000	0.000909734	190.000000	2.83107e-07	
195.000000	0.000870714	195.000000	0.000894878	195.000000	0.000886365	195.000000	0.000885737	195.000000	0.000886407	195.000000	0.000894602	195.000000	2.76372e-07	
200.000000	0.000856956	200.000000	0.00088047	200.000000	0.000871947	200.000000	0.000871335	200.000000	0.000871999	200.000000	0.0008802 	200.000000	2.69962e-07	
210.000000	0.000831299	210.000000	0.000853643	210.000000	0.000845208	210.000000	0.000844525	210.000000	0.000845178	210.000000	0.000853385	210.000000	2.58021e-07	
220.000000	0.000807849	220.000000	0.000829179	220.000000	0.000820761	220.000000	0.00082008	220.000000	0.000820723	220.000000	0.000828932	220.000000	2.47125e-07	
230.000000	0.000786332	230.000000	0.000806779	230.000000	0.000798357	230.000000	0.000797704	230.000000	0.000798337	230.000000	0.000806542	230.000000	2.37142e-07	
240.000000	0.000766516	240.000000	0.000786193	240.000000	0.000777782	240.000000	0.000777146	240.000000	0.000777771	240.000000	0.000785965	240.000000	2.27959e-07	
250.000000	0.000748206	250.000000	0.000767211	250.000000	0.000758814	250.000000	0.000758197	250.000000	0.000758813	250.000000	0.000766992	250.000000	2.19484e-07	
260.000000	0.000731236	260.000000	0.000749654	260.000000	0.000741277	260.000000	0.000740676	260.000000	0.000741284	260.000000	0.000749442	260.000000	2.11636e-07	
270.000000	0.000715465	270.000000	0.000733368	270.000000	0.000725017	270.000000	0.000724431	270.000000	0.000725032	270.000000	0.000733164	270.000000	2.04348e-07	
280.000000	0.000700769	280.000000	0.000718222	280.000000	0.000709901	280.000000	0.000709328	280.000000	0.000709922	280.000000	0.000718024	280.000000	1.97561e-07	
290.000000	0.000687042	290.000000	0.0007041 	290.000000	0.000695805	290.000000	0.000695255	290.000000	0.000695842	290.000000	0.000703909	290.000000	1.91225e-07	
300.000000	0.000674192	300.000000	0.000690905	300.000000	0.000682687	300.000000	0.00068211	300.000000	0.000682691	300.000000	0.00069072	300.000000	1.85296e-07	
310.000000	0.000662138	310.000000	0.000678549	310.000000	0.000670423	310.000000	0.000669807	310.000000	0.000670382	310.000000	0.000678369	310.000000	1.79735e-07	
320.000000	0.000650808	320.000000	0.000666956	320.000000	0.000658872	320.000000	0.00065827	320.000000	0.000658839	320.000000	0.000666782	320.000000	1.74509e-07	
330.000000	0.00064014	330.000000	0.000656059	330.000000	0.000648015	330.000000	0.00064743	330.000000	0.000647994	330.000000	0.000655889	330.000000	1.69588e-07	
340.000000	0.000630079	340.000000	0.000645798	340.000000	0.000637804	340.000000	0.000637227	340.000000	0.000637787	340.000000	0.000645633	340.000000	1.64946e-07	
350.000000	0.000620574	350.000000	0.00063612	350.000000	0.000628177	350.000000	0.00062761	350.000000	0.000628165	350.000000	0.000635959	350.000000	1.60559e-07	
360.000000	0.000611581	360.000000	0.000626978	360.000000	0.000619086	360.000000	0.00061853	360.000000	0.00061908	360.000000	0.000626822	360.000000	1.56407e-07	
370.000000	0.000603061	370.000000	0.00061833	370.000000	0.000610492	370.000000	0.000609945	370.000000	0.00061049	370.000000	0.000618178	370.000000	1.52472e-07	
380.000000	0.000594979	380.000000	0.000610139	380.000000	0.000602355	380.000000	0.000601816	380.000000	0.000602358	380.000000	0.00060999	380.000000	1.48736e-07	
390.000000	0.000587302	390.000000	0.000602369	390.000000	0.000594641	390.000000	0.00059411	390.000000	0.000594648	390.000000	0.000602224	390.000000	1.45184e-07	
400.000000	0.000580002	400.000000	0.000594992	400.000000	0.000587318	400.000000	0.000586796	400.000000	0.00058733	400.000000	0.00059485	400.000000	1.41804e-07	
410.000000	0.000573051	410.000000	0.000587977	410.000000	0.000580361	410.000000	0.000579845	410.000000	0.000580375	410.000000	0.000587839	410.000000	1.38582e-07	
420.000000	0.000566427	420.000000	0.000581301	420.000000	0.000573743	420.000000	0.000573232	420.000000	0.000573759	420.000000	0.000581166	420.000000	1.35509e-07	
430.000000	0.000560108	430.000000	0.000574941	430.000000	0.000567437	430.000000	0.000566935	430.000000	0.000567458	430.000000	0.000574808	430.000000	1.32573e-07	
440.000000	0.000554073	440.000000	0.000568875	440.000000	0.000561381	440.000000	0.000560891	440.000000	0.000561411	440.000000	0.000568745	440.000000	1.29765e-07	
450.000000	0.000548306	450.000000	0.000563085	450.000000	0.000555584	450.000000	0.000555099	450.000000	0.000555616	450.000000	0.000562958	450.000000	1.27078e-07	
460.000000	0.000542788	460.000000	0.000557553	460.000000	0.000550067	460.000000	0.000549567	460.000000	0.000550081	460.000000	0.000557428	460.000000	1.24504e-07	
470.000000	0.000537506	470.000000	0.000552263	470.000000	0.000544803	470.000000	0.00054428	470.000000	0.000544791	470.000000	0.000552141	470.000000	1.22035e-07	
480.000000	0.000532446	480.000000	0.0005472 	480.000000	0.000539757	480.000000	0.000539221	480.000000	0.000539729	480.000000	0.00054708	480.000000	1.19665e-07	
490.000000	0.000527593	490.000000	0.000542351	490.000000	0.00053491	490.000000	0.000534378	490.000000	0.000534883	490.000000	0.000542234	490.000000	1.17389e-07	
500.000000	0.000522937	500.000000	0.000537704	500.000000	0.000530259	500.000000	0.000529737	500.000000	0.00053024	500.000000	0.000537589	500.000000	1.152e-07 	
520.000000	0.000514171	520.000000	0.000528968	520.000000	0.000521528	520.000000	0.000521018	520.000000	0.000521516	520.000000	0.000528857	520.000000	1.11066e-07	
540.000000	0.00050607	540.000000	0.00052091	540.000000	0.000513482	540.000000	0.00051298	540.000000	0.000513474	540.000000	0.000520803	540.000000	1.07228e-07	
560.000000	0.000498565	560.000000	0.00051346	560.000000	0.000506044	560.000000	0.000505551	560.000000	0.000506041	560.000000	0.000513356	560.000000	1.03654e-07	
580.000000	0.000491598	580.000000	0.000506556	580.000000	0.000499153	580.000000	0.000498669	580.000000	0.000499154	580.000000	0.000506456	580.000000	1.00318e-07	
600.000000	0.000485118	600.000000	0.000500145	600.000000	0.000492756	600.000000	0.000492279	600.000000	0.000492761	600.000000	0.000500048	600.000000	9.71967e-08	
620.000000	0.000479081	620.000000	0.000494181	620.000000	0.000486805	620.000000	0.000486336	620.000000	0.000486814	620.000000	0.000494087	620.000000	9.42695e-08	
640.000000	0.000473446	640.000000	0.000488623	640.000000	0.00048126	640.000000	0.000480796	640.000000	0.00048127	640.000000	0.000488531	640.000000	9.1519e-08	
660.000000	0.00046818	660.000000	0.000483434	660.000000	0.000476079	660.000000	0.000475623	660.000000	0.000476095	660.000000	0.000483345	660.000000	8.89292e-08	
680.000000	0.00046325	680.000000	0.000478584	680.000000	0.000471232	680.000000	0.000470786	680.000000	0.000471255	680.000000	0.000478498	680.000000	8.64865e-08	
700.000000	0.000458631	700.000000	0.000474044	700.000000	0.000466705	700.000000	0.000466255	700.000000	0.000466721	700.000000	0.00047396	700.000000	8.41785e-08	
720.000000	0.000454298	720.000000	0.000469788	720.000000	0.000462475	720.000000	0.000462006	720.000000	0.000462469	720.000000	0.000469706	720.000000	8.19943e-08	
740.000000	0.000450228	740.000000	0.000465795	740.000000	0.000458499	740.000000	0.000458014	740.000000	0.000458475	740.000000	0.000465715	740.000000	7.9924e-08	
760.000000	0.000446402	760.000000	0.000462043	760.000000	0.000454744	760.000000	0.00045426	760.000000	0.000454718	760.000000	0.000461965	760.000000	7.79589e-08	
780.000000	0.000442802	780.000000	0.000458515	780.000000	0.000451201	780.000000	0.000450725	780.000000	0.000451182	780.000000	0.000458439	780.000000	7.60911e-08	
800.000000	0.000439412	800.000000	0.000455195	800.000000	0.000447862	800.000000	0.000447393	800.000000	0.000447847	800.000000	0.000455121	800.000000	7.43134e-08	
820.000000	0.000436218	820.000000	0.000452068	820.000000	0.000444714	820.000000	0.000444249	820.000000	0.000444701	820.000000	0.000451995	820.000000	7.26195e-08	
840.000000	0.000433206	840.000000	0.000449119	840.000000	0.000441741	840.000000	0.000441279	840.000000	0.000441729	840.000000	0.000449048	840.000000	7.10034e-08	
860.000000	0.000430365	860.000000	0.000446338	860.000000	0.000438929	860.000000	0.000438471	860.000000	0.000438919	860.000000	0.000446268	860.000000	6.94599e-08	
880.000000	0.000427683	880.000000	0.000443712	880.000000	0.000436267	880.000000	0.000435813	880.000000	0.00043626	880.000000	0.000443644	880.000000	6.79841e-08	
900.000000	0.00042515	900.000000	0.000441232	900.000000	0.000433746	900.000000	0.000433296	900.000000	0.000433741	900.000000	0.000441166	900.000000	6.65717e-08	
920.000000	0.000422758	920.000000	0.000438889	920.000000	0.000431357	920.000000	0.00043091	920.000000	0.000431353	920.000000	0.000438824	920.000000	6.52185e-08	
940.000000	0.000420498	940.000000	0.000436673	940.000000	0.00042909	940.000000	0.000428646	940.000000	0.000429088	940.000000	0.00043661	940.000000	6.3921e-08	
960.000000	0.000418361	960.000000	0.000434578	960.000000	0.000426938	960.000000	0.000426497	960.000000	0.000426937	960.000000	0.000434515	960.000000	6.26756e-08	
980.000000	0.000416342	980.000000	0.000432596	980.000000	0.000424893	980.000000	0.000424455	980.000000	0.000424894	980.000000	0.000432534	980.000000	6.14794e-08	
1000.000000	0.000414433	1000.000000	0.000430719	1000.000000	0.00042295	1000.000000	0.000422515	1000.000000	0.000422952	1000.000000	0.000430659	1000.000000	6.03294e-08	
1020.000000	0.000412628	1020.000000	0.000428943	1020.000000	0.000421101	1020.000000	0.000420668	1020.000000	0.000421104	1020.000000	0.000428884	1020.000000	5.92229e-08	
1040.000000	0.000410921	1040.000000	0.000427262	1040.000000	0.000419341	1040.000000	0.000418911	1040.000000	0.000419346	1040.000000	0.000427203	1040.000000	5.81575e-08	
1060.000000	0.000409308	1060.000000	0.000425669	1060.000000	0.000417665	1060.000000	0.000417238	1060.000000	0.000417671	1060.000000	0.000425612	1060.000000	5.71309e-08	
1080.000000	0.000407783	1080.000000	0.000424161	1080.000000	0.000416068	1080.000000	0.000415643	1080.000000	0.000416075	1080.000000	0.000424105	1080.000000	5.61411e-08	
1100.000000	0.000406342	1100.000000	0.000422733	1100.000000	0.000414546	1100.000000	0.000414123	1100.000000	0.000414554	1100.000000	0.000422678	1100.000000	5.5186e-08	
1120.000000	0.000404981	1120.000000	0.000421381	1120.000000	0.000413094	1120.000000	0.000412674	1120.000000	0.000413103	1120.000000	0.000421327	1120.000000	5.42639e-08	
1140.000000	0.000403696	1140.000000	0.0004201 	1140.000000	0.00041171	1140.000000	0.00041129	1140.000000	0.000411719	1140.000000	0.000420047	1140.000000	5.3373e-08	
1160.000000	0.000402483	1160.000000	0.000418888	1160.000000	0.000410387	1160.000000	0.00040997	1160.000000	0.000410398	1160.000000	0.000418835	1160.000000	5.25118e-08	
1180.000000	0.000401338	1180.000000	0.00041774	1180.000000	0.000409124	1180.000000	0.000408709	1180.000000	0.000409136	1180.000000	0.000417689	1180.000000	5.16789e-08	
1200.000000	0.000400259	1200.000000	0.000416654	1200.000000	0.000407917	1200.000000	0.000407504	1200.000000	0.00040793	1200.000000	0.000416603	1200.000000	5.08727e-08	
1220.000000	0.000399243	1220.000000	0.000415627	1220.000000	0.000406763	1220.000000	0.000406353	1220.000000	0.000406778	1220.000000	0.000415577	1220.000000	5.00921e-08	
1240.000000	0.000398286	1240.000000	0.000414655	1240.000000	0.000405659	1240.000000	0.000405252	1240.000000	0.000405676	1240.000000	0.000414606	1240.000000	4.93358e-08	
1260.000000	0.000397386	1260.000000	0.000413737	1260.000000	0.000404603	1260.000000	0.0004042 	1260.000000	0.000404623	1260.000000	0.000413688	1260.000000	4.86026e-08	
1280.000000	0.00039654	1280.000000	0.000412869	1280.000000	0.000403595	1280.000000	0.000403193	1280.000000	0.000403615	1280.000000	0.000412821	1280.000000	4.78917e-08	
1300.000000	0.000395747	1300.000000	0.00041205	1300.000000	0.000402631	1300.000000	0.00040223	1300.000000	0.000402651	1300.000000	0.000412002	1300.000000	4.72018e-08	
1320.000000	0.000395004	1320.000000	0.000411277	1320.000000	0.000401712	1320.000000	0.000401308	1320.000000	0.000401728	1320.000000	0.00041123	1320.000000	4.65322e-08	
1340.000000	0.000394308	1340.000000	0.000410548	1340.000000	0.000400833	1340.000000	0.000400425	1340.000000	0.000400845	1340.000000	0.000410502	1340.000000	4.58819e-08	
1360.000000	0.000393658	1360.000000	0.000409861	1360.000000	0.000399994	1360.000000	0.00039958	1360.000000	0.000399999	1360.000000	0.000409816	1360.000000	4.525e-08 	
1380.000000	0.000393053	1380.000000	0.000409215	1380.000000	0.00039919	1380.000000	0.000398771	1380.000000	0.000399189	1380.000000	0.000409171	1380.000000	4.46359e-08	
1400.000000	0.00039249	1400.000000	0.000408608	1400.000000	0.00039842	1400.000000	0.000397995	1400.000000	0.000398413	1400.000000	0.000408564	1400.000000	4.40387e-08	
1420.000000	0.000391967	1420.000000	0.000408038	1420.000000	0.000397682	1420.000000	0.000397252	1420.000000	0.000397669	1420.000000	0.000407995	1420.000000	4.34578e-08	
1440.000000	0.000391484	1440.000000	0.000407504	1440.000000	0.000396974	1440.000000	0.00039654	1440.000000	0.000396957	1440.000000	0.000407461	1440.000000	4.28924e-08	
1460.000000	0.000391038	1460.000000	0.000407004	1460.000000	0.000396293	1460.000000	0.000395858	1460.000000	0.000396274	1460.000000	0.000406962	1460.000000	4.23421e-08	
1480.000000	0.000390628	1480.000000	0.000406537	1480.000000	0.00039564	1480.000000	0.000395204	1480.000000	0.000395619	1480.000000	0.000406495	1480.000000	4.18061e-08	
1500.000000	0.000390253	1500.000000	0.000406101	1500.000000	0.000395012	1500.000000	0.000394578	1500.000000	0.000394992	1500.000000	0.00040606	1500.000000	4.12839e-08	
1520.000000	0.000389912	1520.000000	0.000405696	1520.000000	0.00039441	1520.000000	0.000393977	1520.000000	0.00039439	1520.000000	0.000405655	1520.000000	4.0775e-08	
1540.000000	0.000389603	1540.000000	0.00040532	1540.000000	0.000393832	1540.000000	0.000393401	1540.000000	0.000393814	1540.000000	0.00040528	1540.000000	4.02789e-08	
1560.000000	0.000389325	1560.000000	0.000404972	1560.000000	0.000393277	1560.000000	0.000392848	1560.000000	0.000393261	1560.000000	0.000404932	1560.000000	3.9795e-08	
1580.000000	0.000389078	1580.000000	0.000404651	1580.000000	0.000392745	1580.000000	0.000392319	1580.000000	0.000392731	1580.000000	0.000404611	1580.000000	3.93231e-08	
1600.000000	0.00038886	1600.000000	0.000404356	1600.000000	0.000392236	1600.000000	0.000391811	1600.000000	0.000392223	1600.000000	0.000404317	1600.000000	3.88625e-08	
1620.000000	0.000388669	1620.000000	0.000404086	1620.000000	0.000391747	1620.000000	0.000391324	1620.000000	0.000391735	1620.000000	0.000404047	1620.000000	3.84129e-08	
1640.000000	0.000388506	1640.000000	0.00040384	1640.000000	0.000391279	1640.000000	0.000390857	1640.000000	0.000391268	1640.000000	0.000403802	1640.000000	3.79739e-08	
1660.000000	0.000388369	1660.000000	0.000403617	1660.000000	0.00039083	1660.000000	0.00039041	1660.000000	0.00039082	1660.000000	0.00040358	1660.000000	3.75451e-08	
1680.000000	0.000388258	1680.000000	0.000403417	1680.000000	0.0003904 	1680.000000	0.00038998	1680.000000	0.00039039	1680.000000	0.00040338	1680.000000	3.71262e-08	
1700.000000	0.000388171	1700.000000	0.000403238	1700.000000	0.000389988	1700.000000	0.000389569	1700.000000	0.000389978	1700.000000	0.000403202	1700.000000	3.67169e-08	
1750.000000	0.000388057	1750.000000	0.000402882	1750.000000	0.000389031	1750.000000	0.000388614	1750.000000	0.000389022	1750.000000	0.000402846	1750.000000	3.5733e-08	
1800.000000	0.00038808	1800.000000	0.000402646	1800.000000	0.00038817	1800.000000	0.000387755	1800.000000	0.000388162	1800.000000	0.000402611	1800.000000	3.48021e-08	
1850.000000	0.000388231	1850.000000	0.00040252	1850.000000	0.000387397	1850.000000	0.000386983	1850.000000	0.000387389	1850.000000	0.000402486	1850.000000	3.39198e-08	
1900.000000	0.0003885 	1900.000000	0.000402496	1900.000000	0.000386703	1900.000000	0.000386291	1900.000000	0.000386697	1900.000000	0.000402463	1900.000000	3.30824e-08	
1950.000000	0.00038888	1950.000000	0.000402566	1950.000000	0.000386082	1950.000000	0.000385672	1950.000000	0.000386076	1950.000000	0.000402534	1950.000000	3.22866e-08	
2000.000000	0.000389362	2000.000000	0.000402723	2000.000000	0.000385527	2000.000000	0.000385119	2000.000000	0.000385522	2000.000000	0.000402691	2000.000000	3.15293e-08	
2100.000000	0.000390609	2100.000000	0.000403273	2100.000000	0.000384594	2100.000000	0.000384189	2100.000000	0.000384591	2100.000000	0.000403243	2100.000000	3.01194e-08	
2200.000000	0.000392194	2200.000000	0.000404102	2200.000000	0.000383865	2200.000000	0.000383462	2200.000000	0.000383863	2200.000000	0.000404073	2200.000000	2.88336e-08	
2300.000000	0.000394078	2300.000000	0.000405173	2300.000000	0.000383308	2300.000000	0.000382908	2300.000000	0.000383307	2300.000000	0.000405145	2300.000000	2.7656e-08	
2400.000000	0.000396229	2400.000000	0.000406457	2400.000000	0.000382896	2400.000000	0.000382498	2400.000000	0.000382896	2400.000000	0.00040643	2400.000000	2.65735e-08	
2500.000000	0.000398618	2500.000000	0.000407927	2500.000000	0.000382609	2500.000000	0.000382212	2500.000000	0.000382609	2500.000000	0.000407902	2500.000000	2.55749e-08	
2600.000000	0.000401223	2600.000000	0.000409563	2600.000000	0.000382427	2600.000000	0.000382032	2600.000000	0.000382428	2600.000000	0.000409538	2600.000000	2.46506e-08	
2700.000000	0.000404023	2700.000000	0.000411345	2700.000000	0.000382336	2700.000000	0.000381943	2700.000000	0.000382338	2700.000000	0.000411321	2700.000000	2.37927e-08	
2800.000000	0.000407001	2800.000000	0.000413257	2800.000000	0.000382322	2800.000000	0.000381931	2800.000000	0.000382325	2800.000000	0.000413234	2800.000000	2.29941e-08	
2900.000000	0.000410141	2900.000000	0.000415286	2900.000000	0.000382376	2900.000000	0.000381986	2900.000000	0.00038238	2900.000000	0.000415264	2900.000000	2.22488e-08	
3000.000000	0.00041343	3000.000000	0.00041742	3000.000000	0.000382488	3000.000000	0.000382099	3000.000000	0.000382492	3000.000000	0.000417399	3000.000000	2.15517e-08	
3200.000000	0.000420413	3200.000000	0.000421963	3200.000000	0.000382854	3200.000000	0.000382467	3200.000000	0.000382859	3200.000000	0.000421943	3200.000000	2.02841e-08	
3400.000000	0.000427873	3400.000000	0.000426817	3400.000000	0.000383371	3400.000000	0.000382986	3400.000000	0.000383377	3400.000000	0.000426798	3400.000000	1.91611e-08	
3600.000000	0.000435749	3600.000000	0.000431928	3600.000000	0.000384001	3600.000000	0.000383618	3600.000000	0.000384007	3600.000000	0.00043191	3600.000000	1.81591e-08	
3800.000000	0.000443993	3800.000000	0.000437255	3800.000000	0.000384715	3800.000000	0.000384333	3800.000000	0.000384722	3800.000000	0.000437238	3800.000000	1.72594e-08	
4000.000000	0.000452567	4000.000000	0.000442763	4000.000000	0.000385492	4000.000000	0.000385111	4000.000000	0.000385499	4000.000000	0.000442746	4000.000000	1.64469e-08	
4200.000000	0.000461439	4200.000000	0.000448425	4200.000000	0.000386315	4200.000000	0.000385935	4200.000000	0.000386322	4200.000000	0.000448409	4200.000000	1.57095e-08	
4400.000000	0.000470583	4400.000000	0.000454218	4400.000000	0.000387171	4400.000000	0.000386792	4400.000000	0.000387178	4400.000000	0.000454203	4400.000000	1.50371e-08	
4600.000000	0.000479978	4600.000000	0.000460125	4600.000000	0.00038805	4600.000000	0.000387672	4600.000000	0.000388057	4600.000000	0.000460111	4600.000000	1.44213e-08	
4800.000000	0.000489605	4800.000000	0.000466131	4800.000000	0.000388944	4800.000000	0.000388567	4800.000000	0.000388951	4800.000000	0.000466117	4800.000000	1.38553e-08	
5000.000000	0.000499449	5000.000000	0.000472221	5000.000000	0.000389847	5000.000000	0.00038947	5000.000000	0.000389854	5000.000000	0.000472207	5000.000000	1.33333e-08	
5250.000000	0.000512039	5250.000000	0.000479937	5250.000000	0.000390981	5250.000000	0.000390605	5250.000000	0.000390988	5250.000000	0.000479924	5250.000000	1.2735e-08	
5500.000000	0.000524928	5500.000000	0.000487751	5500.000000	0.000392114	5500.000000	0.000391739	5500.000000	0.000392121	5500.000000	0.000487739	5500.000000	1.21894e-08	
6000.000000	0.000551528	6000.000000	0.00050362	6000.000000	0.000394357	6000.000000	0.000393983	6000.000000	0.000394365	6000.000000	0.000503608	6000.000000	1.12307e-08	
6500.000000	0.000579139	6500.000000	0.000519737	6500.000000	0.000396548	6500.000000	0.000396175	6500.000000	0.000396555	6500.000000	0.000519726	6500.000000	1.04153e-08	
7000.000000	0.00060768	7000.000000	0.000536039	7000.000000	0.000398673	7000.000000	0.0003983 	7000.000000	0.000398679	7000.000000	0.000536029	7000.000000	9.71303e-09	
7500.000000	0.000637092	7500.000000	0.00055248	7500.000000	0.000400723	7500.000000	0.000400351	7500.000000	0.000400728	7500.000000	0.000552471	7500.000000	9.10172e-09	
8000.000000	0.000667331	8000.000000	0.000569028	8000.000000	0.000402696	8000.000000	0.000402325	8000.000000	0.000402701	8000.000000	0.000569019	8000.000000	8.56463e-09	
8500.000000	0.000698362	8500.000000	0.000585655	8500.000000	0.000404593	8500.000000	0.000404223	8500.000000	0.000404598	8500.000000	0.000585647	8500.000000	8.08891e-09	
9000.000000	0.000730158	9000.000000	0.000602342	9000.000000	0.000406416	9000.000000	0.000406046	9000.000000	0.00040642	9000.000000	0.000602335	9000.000000	7.66453e-09	
9500.000000	0.000762698	9500.000000	0.000619076	9500.000000	0.000408169	9500.000000	0.000407798	9500.000000	0.00040817	9500.000000	0.000619069	9500.000000	7.28354e-09	
10000.000000	0.000795965	10000.000000	0.000635843	10000.000000	0.000409855	10000.000000	0.000409482	10000.000000	0.000409853	10000.000000	0.000635836	10000.000000	6.93956e-09	
11000.000000	0.000864632	11000.000000	0.000669444	11000.000000	0.00041303	11000.000000	0.000412659	11000.000000	0.000413027	11000.000000	0.000669438	11000.000000	6.34281e-09	
12000.000000	0.000936075	12000.000000	0.000703091	12000.000000	0.000415962	12000.000000	0.000415605	12000.000000	0.000415969	12000.000000	0.000703085	12000.000000	5.84279e-09	
13000.000000	0.00101024	13000.000000	0.00073675	13000.000000	0.000418696	13000.000000	0.000418344	13000.000000	0.000418705	13000.000000	0.000736745	13000.000000	5.41759e-09	
14000.000000	0.0010871 	14000.000000	0.000770397	14000.000000	0.00042126	14000.000000	0.0004209 	14000.000000	0.000421258	14000.000000	0.000770392	14000.000000	5.05146e-09	
15000.000000	0.00116662	15000.000000	0.000804017	15000.000000	0.000423667	15000.000000	0.000423293	15000.000000	0.000423647	15000.000000	0.000804012	15000.000000	4.73281e-09	
16000.000000	0.00124879	16000.000000	0.000837599	16000.000000	0.000425924	16000.000000	0.000425541	16000.000000	0.00042589	16000.000000	0.000837595	16000.000000	4.45289e-09	
17000.000000	0.0013336 	17000.000000	0.000871137	17000.000000	0.000428042	17000.000000	0.000427657	17000.000000	0.000428002	17000.000000	0.000871133	17000.000000	4.205e-09 	
18000.000000	0.00142105	18000.000000	0.000904626	18000.000000	0.000430033	18000.000000	0.000429656	18000.000000	0.000429996	18000.000000	0.000904622	18000.000000	3.98389e-09	
19000.000000	0.00151113	19000.000000	0.000938063	19000.000000	0.000431911	19000.000000	0.000431548	19000.000000	0.000431883	19000.000000	0.000938059	19000.000000	3.78541e-09	
20000.000000	0.00160385	20000.000000	0.000971446	20000.000000	0.000433687	20000.000000	0.000433344	20000.000000	0.000433674	20000.000000	0.000971443	20000.000000	3.60624e-09	
21000.000000	0.0016992 	21000.000000	0.00100477	21000.000000	0.000435375	21000.000000	0.000435051	21000.000000	0.000435377	21000.000000	0.00100477	21000.000000	3.44366e-09	
22000.000000	0.00179721	22000.000000	0.00103805	22000.000000	0.000436992	22000.000000	0.000436679	22000.000000	0.000436998	22000.000000	0.00103805	22000.000000	3.29546e-09	
23000.000000	0.00189786	23000.000000	0.00107127	23000.000000	0.000438545	23000.000000	0.000438233	23000.000000	0.000438547	23000.000000	0.00107126	23000.000000	3.15979e-09	
24000.000000	0.00200118	24000.000000	0.00110443	24000.000000	0.000440031	24000.000000	0.000439719	24000.000000	0.000440027	24000.000000	0.00110443	24000.000000	3.03511e-09	
25000.000000	0.00210716	25000.000000	0.00113754	25000.000000	0.000441448	25000.000000	0.000441143	25000.000000	0.000441445	25000.000000	0.00113754	25000.000000	2.92014e-09	
26000.000000	0.00221582	26000.000000	0.0011706 	26000.000000	0.00044281	26000.000000	0.000442509	26000.000000	0.000442805	26000.000000	0.0011706 	26000.000000	2.81376e-09	
27000.000000	0.00232718	27000.000000	0.00120361	27000.000000	0.000444125	27000.000000	0.000443822	27000.000000	0.000444111	27000.000000	0.0012036 	27000.000000	2.71505e-09	
28000.000000	0.00244123	28000.000000	0.00123656	28000.000000	0.000445388	28000.000000	0.000445086	28000.000000	0.000445367	28000.000000	0.00123656	28000.000000	2.6232e-09	
29000.000000	0.002558  	29000.000000	0.00126947	29000.000000	0.000446599	29000.000000	0.000446303	29000.000000	0.000446577	29000.000000	0.00126946	29000.000000	2.53751e-09	
30000.000000	0.00267749	30000.000000	0.00130232	30000.000000	0.00044776	30000.000000	0.000447477	30000.000000	0.000447744	30000.000000	0.00130232	30000.000000	2.45738e-09	
32000.000000	0.00292469	32000.000000	0.00136789	32000.000000	0.000449963	32000.000000	0.000449707	32000.000000	0.000449958	32000.000000	0.00136789	32000.000000	2.31173e-09	
34000.000000	0.00318294	34000.000000	0.00143328	34000.000000	0.00045203	34000.000000	0.000451795	34000.000000	0.00045203	34000.000000	0.00143328	34000.000000	2.18277e-09	
36000.000000	0.00345235	36000.000000	0.00149849	36000.000000	0.000453976	36000.000000	0.000453758	36000.000000	0.000453975	36000.000000	0.00149848	36000.000000	2.06776e-09	
38000.000000	0.00373304	38000.000000	0.00156353	38000.000000	0.000455813	38000.000000	0.000455608	38000.000000	0.000455807	38000.000000	0.00156353	38000.000000	1.96453e-09	
40000.000000	0.00402511	40000.000000	0.00162841	40000.000000	0.00045755	40000.000000	0.000457359	40000.000000	0.000457538	40000.000000	0.00162841	40000.000000	1.87135e-09	
42000.000000	0.00432868	42000.000000	0.00169314	42000.000000	0.000459197	42000.000000	0.000459019	42000.000000	0.000459177	42000.000000	0.00169313	42000.000000	1.78681e-09	
44000.000000	0.00464387	44000.000000	0.00175772	44000.000000	0.000460763	44000.000000	0.000460597	44000.000000	0.000460735	44000.000000	0.00175771	44000.000000	1.70976e-09	
46000.000000	0.0049708 	46000.000000	0.00182215	46000.000000	0.000462254	46000.000000	0.000462101	46000.000000	0.000462216	46000.000000	0.00182215	46000.000000	1.63923e-09	
48000.000000	0.0053096 	48000.000000	0.00188646	48000.000000	0.000463676	48000.000000	0.000463538	48000.000000	0.00046363	48000.000000	0.00188645	48000.000000	1.57442e-09	
50000.000000	0.00566039	50000.000000	0.00195063	50000.000000	0.000465034	50000.000000	0.000464912	50000.000000	0.00046498	50000.000000	0.00195063	50000.000000	1.51465e-09	
