*Energy (MeV/u)1	0 - [He-base] F.Hubert et al, AD&ND Tables 46(1990)1	Energy (MeV/u)2	1 - [H -base] J.F.Ziegler et al,Pergamon Press,NY(low energy)	Energy (MeV/u)3	2 - ATIMA 1.2 LS-theory (recommended for high energy)	Energy (MeV/u)4	3 - ATIMA 1.2 without LS-correction	Energy (MeV/u)5	4 - ATIMA 1.4 H.Weick, improved mean charge formula for HI	Energy (MeV/u)6	5 - electrical component of [1] - J.F.Ziegler et al	Energy (MeV/u)7	6 - nuclear component of [1] - J.F.Ziegler et al	
0.001000	0.0447975 	0.001000	0.049082  	0.001000	0.0636609 	0.001000	0.0636609 	0.001000	0.0636411 	0.001000	0.0445114 	0.001000	0.00457057	
0.002000	0.0544556 	0.002000	0.0601632 	0.002000	0.0737013 	0.002000	0.0737013 	0.002000	0.0736893 	0.002000	0.0567325 	0.002000	0.00343073	
0.005000	0.0723589 	0.005000	0.0802685 	0.005000	0.0904462 	0.005000	0.0904462 	0.005000	0.0904408 	0.005000	0.0781828 	0.005000	0.00208569	
0.008000	0.0844259 	0.008000	0.0937129 	0.008000	0.100928  	0.008000	0.100928  	0.008000	0.100925  	0.008000	0.0921622 	0.008000	0.0015507 	
0.010000	0.0909533 	0.010000	0.100985  	0.010000	0.106416  	0.010000	0.106416  	0.010000	0.106413  	0.010000	0.0996487 	0.010000	0.00133661	
0.015000	0.109812  	0.015000	0.113127  	0.015000	0.117288  	0.015000	0.117288  	0.015000	0.117296  	0.015000	0.112127  	0.015000	0.000999579	
0.020000	0.125241  	0.020000	0.122649  	0.020000	0.125774  	0.020000	0.125774  	0.020000	0.125772  	0.020000	0.121836  	0.020000	0.000813026	
0.025000	0.137994  	0.025000	0.1304    	0.025000	0.132819  	0.025000	0.132819  	0.025000	0.132818  	0.025000	0.12971   	0.025000	0.000689726	
0.030000	0.148468  	0.030000	0.136828  	0.030000	0.137926  	0.030000	0.137926  	0.030000	0.137925  	0.030000	0.136227  	0.030000	0.000601534	
0.035000	0.156924  	0.035000	0.142204  	0.035000	0.142147  	0.035000	0.142147  	0.035000	0.142146  	0.035000	0.141669  	0.035000	0.000534995	
0.040000	0.163567  	0.040000	0.146707  	0.040000	0.145644  	0.040000	0.145644  	0.040000	0.145643  	0.040000	0.146224  	0.040000	0.000482821	
0.045000	0.168578  	0.045000	0.150469  	0.045000	0.148534  	0.045000	0.148534  	0.045000	0.148533  	0.045000	0.150028  	0.045000	0.0004407 	
0.050000	0.172135  	0.050000	0.153589  	0.050000	0.150903  	0.050000	0.150903  	0.050000	0.150903  	0.050000	0.153183  	0.050000	0.000405909	
0.055000	0.174411  	0.055000	0.156145  	0.055000	0.152821  	0.055000	0.152821  	0.055000	0.15282   	0.055000	0.155768  	0.055000	0.00037664	
0.060000	0.175575  	0.060000	0.158203  	0.060000	0.154342  	0.060000	0.154342  	0.060000	0.154342  	0.060000	0.157852  	0.060000	0.000351639	
0.070000	0.175218  	0.070000	0.161041  	0.070000	0.156371  	0.070000	0.156371  	0.070000	0.156371  	0.070000	0.16073   	0.070000	0.000311102	
0.080000	0.17226   	0.080000	0.162463  	0.080000	0.157286  	0.080000	0.157286  	0.080000	0.157286  	0.080000	0.162183  	0.080000	0.000279565	
0.090000	0.167684  	0.090000	0.162755  	0.090000	0.157312  	0.090000	0.157312  	0.090000	0.157312  	0.090000	0.162501  	0.090000	0.000254265	
0.100000	0.162236  	0.100000	0.162148  	0.100000	0.156631  	0.100000	0.156631  	0.100000	0.15663   	0.100000	0.161915  	0.100000	0.000233478	
0.120000	0.150637  	0.120000	0.15897   	0.120000	0.153704  	0.120000	0.153704  	0.120000	0.153704  	0.120000	0.158769  	0.120000	0.000201255	
0.140000	0.139759  	0.140000	0.154097  	0.140000	0.149402  	0.140000	0.149402  	0.140000	0.149402  	0.140000	0.15392   	0.140000	0.000177353	
0.160000	0.130314  	0.160000	0.148326  	0.160000	0.144338  	0.160000	0.144338  	0.160000	0.144338  	0.160000	0.148167  	0.160000	0.000158859	
0.180000	0.122335  	0.180000	0.142186  	0.180000	0.138932  	0.180000	0.138932  	0.180000	0.138931  	0.180000	0.142042  	0.180000	0.00014409	
0.200000	0.115621  	0.200000	0.136017  	0.200000	0.133458  	0.200000	0.133458  	0.200000	0.133458  	0.200000	0.135885  	0.200000	0.000132001	
0.250000	0.10287   	0.250000	0.121606  	0.250000	0.12047   	0.250000	0.12047   	0.250000	0.12047   	0.250000	0.121496  	0.250000	0.000109531	
0.300000	0.0937786 	0.300000	0.109401  	0.300000	0.109226  	0.300000	0.109226  	0.300000	0.109226  	0.300000	0.109308  	0.300000	9.3952e-05	
0.350000	0.0867974 	0.350000	0.0993951 	0.350000	0.0998329 	0.350000	0.0998329 	0.350000	0.0998329 	0.350000	0.0993127 	0.350000	8.24698e-05	
0.400000	0.0811361 	0.400000	0.0912192 	0.400000	0.0920424 	0.400000	0.0920424 	0.400000	0.0920424 	0.400000	0.0911456 	0.400000	7.36311e-05	
0.450000	0.0763715 	0.450000	0.0844819 	0.450000	0.0855471 	0.450000	0.0855471 	0.450000	0.0855471 	0.450000	0.0844153 	0.450000	6.66025e-05	
0.500000	0.0722591 	0.500000	0.0788569 	0.500000	0.0800745 	0.500000	0.0800745 	0.500000	0.0800745 	0.500000	0.078796  	0.500000	6.08701e-05	
0.600000	0.0654323 	0.600000	0.0700031 	0.600000	0.071375  	0.600000	0.071375  	0.600000	0.071375  	0.600000	0.069951  	0.600000	5.20632e-05	
0.700000	0.0599297 	0.700000	0.0633178 	0.700000	0.0647431 	0.700000	0.0647431 	0.700000	0.0647431 	0.700000	0.0632722 	0.700000	4.55954e-05	
0.800000	0.0553657 	0.800000	0.0580479 	0.800000	0.0594805 	0.800000	0.0594805 	0.800000	0.0594805 	0.800000	0.0580073 	0.800000	4.0631e-05	
0.900000	0.051504  	0.900000	0.0537532 	0.900000	0.0551707 	0.900000	0.0551707 	0.900000	0.0551707 	0.900000	0.0537165 	0.900000	3.66927e-05	
1.000000	0.0481865 	1.000000	0.050163  	1.000000	0.0515538 	1.000000	0.0515538 	1.000000	0.0515538 	1.000000	0.0501295 	1.000000	3.34874e-05	
1.250000	0.0416108 	1.250000	0.0432508 	1.250000	0.0445556 	1.250000	0.0445556 	1.250000	0.0445557 	1.250000	0.0432232 	1.250000	2.7576e-05	
1.500000	0.036712  	1.500000	0.0382199 	1.500000	0.0394341 	1.500000	0.0394341 	1.500000	0.0394341 	1.500000	0.0381964 	1.500000	2.35153e-05	
1.750000	0.0329092 	1.750000	0.0343538 	1.750000	0.0354823 	1.750000	0.0354823 	1.750000	0.0354824 	1.750000	0.0343332 	1.750000	2.05438e-05	
2.000000	0.0298648 	2.000000	0.0312707 	2.000000	0.0323214 	2.000000	0.0323214 	2.000000	0.0323214 	2.000000	0.0312524 	2.000000	1.82699e-05	
2.250000	0.0273684 	2.250000	0.0287445 	2.250000	0.0297251 	2.250000	0.0297251 	2.250000	0.0297251 	2.250000	0.0287281 	2.250000	1.64704e-05	
2.500000	0.0251729 	2.500000	0.026631  	2.500000	0.0275488 	2.500000	0.0275488 	2.500000	0.0275488 	2.500000	0.026616  	2.500000	1.50089e-05	
3.000000	0.0219804 	3.000000	0.0232825 	3.000000	0.0240935 	3.000000	0.0240935 	3.000000	0.0240935 	3.000000	0.0232697 	3.000000	1.27751e-05	
3.500000	0.0195575 	3.500000	0.0207383 	3.500000	0.0214626 	3.500000	0.0214626 	3.500000	0.0214626 	3.500000	0.0207271 	3.500000	1.1144e-05	
4.000000	0.0176506 	4.000000	0.0187326 	4.000000	0.0193856 	4.000000	0.0193856 	4.000000	0.0193856 	4.000000	0.0187227 	4.000000	9.89801e-06	
4.500000	0.0161074 	4.500000	0.0171068 	4.500000	0.0177003 	4.500000	0.0177003 	4.500000	0.0177003 	4.500000	0.0170979 	4.500000	8.91349e-06	
5.000000	0.0148311 	5.000000	0.0157597 	5.000000	0.0163028 	5.000000	0.0163028 	5.000000	0.0163028 	5.000000	0.0157516 	5.000000	8.11493e-06	
5.500000	0.0137564 	5.500000	0.0146237 	5.500000	0.0151237 	5.500000	0.0151237 	5.500000	0.0151237 	5.500000	0.0146162 	5.500000	7.45352e-06	
6.000000	0.0128383 	6.000000	0.0136514 	6.000000	0.0141143 	6.000000	0.0141143 	6.000000	0.0141143 	6.000000	0.0136445 	6.000000	6.89626e-06	
6.500000	0.012044  	6.500000	0.0128092 	6.500000	0.0132396 	6.500000	0.0132396 	6.500000	0.0132396 	6.500000	0.0128027 	6.500000	6.42e-06  	
7.000000	0.0113498 	7.000000	0.0120718 	7.000000	0.0124737 	7.000000	0.0124737 	7.000000	0.0124737 	7.000000	0.0120658 	7.000000	6.00805e-06	
7.500000	0.0107373 	7.500000	0.0114205 	7.500000	0.0117971 	7.500000	0.0117971 	7.500000	0.0117971 	7.500000	0.0114148 	7.500000	5.64802e-06	
8.000000	0.0101928 	8.000000	0.0108405 	8.000000	0.0111946 	8.000000	0.0111946 	8.000000	0.0111946 	8.000000	0.0108352 	8.000000	5.33055e-06	
8.500000	0.00970516	8.500000	0.0103206 	8.500000	0.0106545 	8.500000	0.0106545 	8.500000	0.0106546 	8.500000	0.0103156 	8.500000	5.04839e-06	
9.000000	0.00926587	9.000000	0.00985165	9.000000	0.0101674 	9.000000	0.0101674 	9.000000	0.0101674 	9.000000	0.00984685	9.000000	4.79589e-06	
9.500000	0.00886789	9.500000	0.0094263 	9.500000	0.00972556	9.500000	0.00972556	9.500000	0.00972557	9.500000	0.00942173	9.500000	4.56854e-06	
10.000000	0.00850556	10.000000	0.00944701	10.000000	0.0093229 	10.000000	0.0093229 	10.000000	0.0093229 	10.000000	0.00944264	10.000000	4.3627e-06	
11.000000	0.00786991	11.000000	0.00873614	11.000000	0.00860801	11.000000	0.00860808	11.000000	0.00860459	11.000000	0.00873213	11.000000	4.00424e-06	
12.000000	0.00733008	12.000000	0.00813195	12.000000	0.00800154	12.000000	0.00800168	12.000000	0.00799572	12.000000	0.00812825	12.000000	3.70249e-06	
13.000000	0.00686556	13.000000	0.00761179	13.000000	0.00748065	13.000000	0.00748074	13.000000	0.00747279	13.000000	0.00760834	13.000000	3.44479e-06	
14.000000	0.00646136	14.000000	0.00715903	14.000000	0.0070284 	14.000000	0.00702838	14.000000	0.00701876	14.000000	0.00715581	14.000000	3.22205e-06	
15.000000	0.00610624	15.000000	0.0067612 	15.000000	0.00663193	15.000000	0.00663194	15.000000	0.00662086	15.000000	0.00675817	15.000000	3.0275e-06	
16.000000	0.00579162	16.000000	0.00640872	16.000000	0.00628177	16.000000	0.0062817 	16.000000	0.00626935	16.000000	0.00640587	16.000000	2.85604e-06	
17.000000	0.00551083	17.000000	0.00609416	17.000000	0.00597039	17.000000	0.00597009	17.000000	0.00595663	17.000000	0.00609146	17.000000	2.70374e-06	
18.000000	0.00525859	18.000000	0.00581162	18.000000	0.00569155	18.000000	0.00569114	18.000000	0.00567669	18.000000	0.00580905	18.000000	2.56752e-06	
19.000000	0.00503068	19.000000	0.00555637	19.000000	0.00544043	19.000000	0.00544003	19.000000	0.00542472	19.000000	0.00555393	19.000000	2.44492e-06	
20.000000	0.00482369	20.000000	0.0053246 	20.000000	0.00521329	20.000000	0.00521288	20.000000	0.00519679	20.000000	0.00532226	20.000000	2.33397e-06	
21.000000	0.0046348 	21.000000	0.00511315	21.000000	0.00500693	21.000000	0.00500649	21.000000	0.0049897 	21.000000	0.00511091	21.000000	2.23306e-06	
22.000000	0.0044617 	22.000000	0.00491942	22.000000	0.00481864	22.000000	0.00481822	22.000000	0.00480081	22.000000	0.00491728	22.000000	2.14086e-06	
23.000000	0.00430246	23.000000	0.00474125	23.000000	0.00464629	23.000000	0.00464585	23.000000	0.00462787	23.000000	0.00473919	23.000000	2.05629e-06	
24.000000	0.00415543	24.000000	0.00457681	24.000000	0.00448814	24.000000	0.00448753	24.000000	0.00446903	24.000000	0.00457483	24.000000	1.97842e-06	
25.000000	0.00401925	25.000000	0.00442454	25.000000	0.00434256	25.000000	0.00434168	25.000000	0.0043227 	25.000000	0.00442263	25.000000	1.90648e-06	
27.000000	0.00377486	27.000000	0.00415141	27.000000	0.00408328	27.000000	0.00408217	27.000000	0.00406235	27.000000	0.00414964	27.000000	1.77781e-06	
29.000000	0.00356168	29.000000	0.00391335	29.000000	0.0038597 	29.000000	0.00385862	29.000000	0.00383809	29.000000	0.00391168	29.000000	1.66605e-06	
31.000000	0.003374  	31.000000	0.00370391	31.000000	0.00366099	31.000000	0.00365989	31.000000	0.00363974	31.000000	0.00370234	31.000000	1.56804e-06	
33.000000	0.00320742	33.000000	0.00351816	33.000000	0.0034807 	33.000000	0.00347966	33.000000	0.00346079	33.000000	0.00351668	33.000000	1.48135e-06	
35.000000	0.00305851	35.000000	0.00335225	35.000000	0.00331932	35.000000	0.0033184 	35.000000	0.00330065	35.000000	0.00335085	35.000000	1.4041e-06	
38.000000	0.00286246	38.000000	0.00313405	38.000000	0.00310712	38.000000	0.00310588	38.000000	0.00308958	38.000000	0.00313274	38.000000	1.30278e-06	
41.000000	0.00269313	41.000000	0.0029458 	41.000000	0.0029234 	41.000000	0.00292212	41.000000	0.00290705	41.000000	0.00294459	41.000000	1.21562e-06	
44.000000	0.00254529	44.000000	0.00278167	44.000000	0.00276273	44.000000	0.00276156	44.000000	0.00274754	44.000000	0.00278053	44.000000	1.1398e-06	
47.000000	0.00241503	47.000000	0.00263724	47.000000	0.0026211 	47.000000	0.00262   	47.000000	0.00260689	47.000000	0.00263616	47.000000	1.07323e-06	
50.000000	0.00229933	50.000000	0.00250912	50.000000	0.00249524	50.000000	0.0024942 	50.000000	0.00248189	50.000000	0.00250811	50.000000	1.01429e-06	
55.000000	0.00213268	55.000000	0.0023249 	55.000000	0.00231389	55.000000	0.00231293	55.000000	0.00230175	55.000000	0.00232397	55.000000	9.29709e-07	
60.000000	0.00199198	60.000000	0.00216969	60.000000	0.0021608 	60.000000	0.00215985	60.000000	0.00214959	60.000000	0.00216884	60.000000	8.58619e-07	
65.000000	0.00187148	65.000000	0.00203709	65.000000	0.00202989	65.000000	0.00202877	65.000000	0.00201929	65.000000	0.00203629	65.000000	7.97994e-07	
70.000000	0.00176706	70.000000	0.00192242	70.000000	0.00191623	70.000000	0.00191521	70.000000	0.0019064 	70.000000	0.00192167	70.000000	7.45656e-07	
75.000000	0.00167564	75.000000	0.00182225	75.000000	0.0018168 	75.000000	0.00181583	75.000000	0.0018076 	75.000000	0.00182155	75.000000	6.99997e-07	
80.000000	0.00159487	80.000000	0.00173396	80.000000	0.00172902	80.000000	0.00172811	80.000000	0.00172037	80.000000	0.0017333 	80.000000	6.59799e-07	
85.000000	0.00152297	85.000000	0.00165553	85.000000	0.00165094	85.000000	0.00165008	85.000000	0.00164278	85.000000	0.00165491	85.000000	6.24129e-07	
90.000000	0.00145852	90.000000	0.00158539	90.000000	0.00158103	90.000000	0.0015802 	90.000000	0.00157329	90.000000	0.00158479	90.000000	5.92251e-07	
95.000000	0.00140039	95.000000	0.00152226	95.000000	0.00151823	95.000000	0.00151725	95.000000	0.00151069	95.000000	0.0015217 	95.000000	5.63586e-07	
100.000000	0.00134768	100.000000	0.00146515	100.000000	0.00146117	100.000000	0.00146024	100.000000	0.00145398	100.000000	0.00146461	100.000000	5.37666e-07	
105.000000	0.00129964	105.000000	0.00141322	105.000000	0.00140924	105.000000	0.00140835	105.000000	0.00140237	105.000000	0.00141271	105.000000	5.14109e-07	
110.000000	0.00125566	110.000000	0.00136579	110.000000	0.00136178	110.000000	0.00136092	110.000000	0.0013552 	110.000000	0.0013653 	110.000000	4.92603e-07	
115.000000	0.00121525	115.000000	0.00132229	115.000000	0.00131822	115.000000	0.00131739	115.000000	0.0013119 	115.000000	0.00132182	115.000000	4.72887e-07	
120.000000	0.00117797	120.000000	0.00128226	120.000000	0.0012781 	120.000000	0.0012773 	120.000000	0.00127202	120.000000	0.0012818 	120.000000	4.54745e-07	
125.000000	0.00114346	125.000000	0.00124528	125.000000	0.00124103	125.000000	0.00124025	125.000000	0.00123517	125.000000	0.00124485	125.000000	4.37994e-07	
130.000000	0.00111141	130.000000	0.00121103	130.000000	0.00120666	130.000000	0.00120591	130.000000	0.001201  	130.000000	0.00121061	130.000000	4.22476e-07	
135.000000	0.00108158	135.000000	0.0011792 	135.000000	0.0011747 	135.000000	0.00117399	135.000000	0.00116925	135.000000	0.00117879	135.000000	4.0806e-07	
140.000000	0.00105372	140.000000	0.00114955	140.000000	0.00114501	140.000000	0.00114424	140.000000	0.00113965	140.000000	0.00114916	140.000000	3.9463e-07	
145.000000	0.00102764	145.000000	0.00112186	145.000000	0.00111728	145.000000	0.00111645	145.000000	0.00111199	145.000000	0.00112148	145.000000	3.82088e-07	
150.000000	0.00100318	150.000000	0.00109594	150.000000	0.00109123	150.000000	0.00109042	150.000000	0.0010861 	150.000000	0.00109557	150.000000	3.70347e-07	
155.000000	0.000968742	155.000000	0.00107163	155.000000	0.00106678	155.000000	0.001066  	155.000000	0.0010618 	155.000000	0.00107127	155.000000	3.59332e-07	
160.000000	0.000948555	160.000000	0.00104877	160.000000	0.0010438 	160.000000	0.00104304	160.000000	0.00103896	160.000000	0.00104842	160.000000	3.48977e-07	
165.000000	0.000929518	165.000000	0.00102725	165.000000	0.00102216	165.000000	0.00102141	165.000000	0.00101744	165.000000	0.00102691	165.000000	3.39223e-07	
170.000000	0.000911535	170.000000	0.00100694	170.000000	0.00100173	170.000000	0.001001  	170.000000	0.000997128	170.000000	0.00100661	170.000000	3.30019e-07	
175.000000	0.000894519	175.000000	0.000987749	175.000000	0.000982426	175.000000	0.000981714	175.000000	0.000977936	175.000000	0.000987428	175.000000	3.21319e-07	
180.000000	0.000878393	180.000000	0.000969587	180.000000	0.000964152	180.000000	0.000963457	180.000000	0.000959768	180.000000	0.000969274	180.000000	3.13083e-07	
185.000000	0.000863089	185.000000	0.000952371	185.000000	0.000946832	185.000000	0.000946149	185.000000	0.000942545	185.000000	0.000952066	185.000000	3.05274e-07	
190.000000	0.000848544	190.000000	0.00093603	190.000000	0.000930391	190.000000	0.000929719	190.000000	0.000926196	190.000000	0.000935732	190.000000	2.97858e-07	
195.000000	0.000834702	195.000000	0.000920498	195.000000	0.000914753	195.000000	0.000914103	195.000000	0.000910655	195.000000	0.000920207	195.000000	2.90807e-07	
200.000000	0.000821514	200.000000	0.000905716	200.000000	0.000899874	200.000000	0.000899241	200.000000	0.000895865	200.000000	0.000905432	200.000000	2.84095e-07	
210.000000	0.000796918	210.000000	0.000878198	210.000000	0.000872279	210.000000	0.000871572	210.000000	0.00086833	210.000000	0.000877926	210.000000	2.71589e-07	
220.000000	0.000774438	220.000000	0.000853105	220.000000	0.000847049	220.000000	0.000846345	220.000000	0.000843223	220.000000	0.000852845	220.000000	2.60176e-07	
230.000000	0.00075381	230.000000	0.000830131	230.000000	0.000823928	230.000000	0.000823251	230.000000	0.000820239	230.000000	0.000829881	230.000000	2.49715e-07	
240.000000	0.000734814	240.000000	0.00080902	240.000000	0.000802693	240.000000	0.000802034	240.000000	0.000799122	240.000000	0.00080878	240.000000	2.40091e-07	
250.000000	0.000717261	250.000000	0.000789555	250.000000	0.000783116	250.000000	0.000782476	250.000000	0.000779657	250.000000	0.000789324	250.000000	2.31206e-07	
260.000000	0.000700994	260.000000	0.000771552	260.000000	0.000765015	260.000000	0.000764393	260.000000	0.000761658	260.000000	0.000771329	260.000000	2.22978e-07	
270.000000	0.000685875	270.000000	0.000754853	270.000000	0.000748232	270.000000	0.000747625	270.000000	0.000744968	270.000000	0.000754638	270.000000	2.15335e-07	
280.000000	0.000671786	280.000000	0.000739323	280.000000	0.000732629	280.000000	0.000732037	280.000000	0.000729452	280.000000	0.000739115	280.000000	2.08216e-07	
290.000000	0.000658627	290.000000	0.000724846	290.000000	0.000718079	290.000000	0.00071751	290.000000	0.000714993	290.000000	0.000724644	290.000000	2.01569e-07	
300.000000	0.000646309	300.000000	0.000711317	300.000000	0.000704539	300.000000	0.000703941	300.000000	0.000701487	300.000000	0.000711122	300.000000	1.95348e-07	
310.000000	0.000634753	310.000000	0.00069865	310.000000	0.000691879	310.000000	0.000691241	310.000000	0.000688845	310.000000	0.00069846	310.000000	1.89512e-07	
320.000000	0.000623892	320.000000	0.000686765	320.000000	0.000679955	320.000000	0.000679331	320.000000	0.00067699	320.000000	0.000686581	320.000000	1.84027e-07	
330.000000	0.000613665	330.000000	0.000675593	330.000000	0.000668747	330.000000	0.000668141	330.000000	0.00066585	330.000000	0.000675414	330.000000	1.78861e-07	
340.000000	0.00060402	340.000000	0.000665073	340.000000	0.000658205	340.000000	0.000657609	340.000000	0.000655366	340.000000	0.000664899	340.000000	1.73987e-07	
350.000000	0.000594908	350.000000	0.000655151	350.000000	0.000648266	350.000000	0.00064768	350.000000	0.000645483	350.000000	0.000654982	350.000000	1.69381e-07	
360.000000	0.000586287	360.000000	0.000645779	360.000000	0.000638884	360.000000	0.000638307	360.000000	0.000636153	360.000000	0.000645614	360.000000	1.6502e-07	
370.000000	0.00057812	370.000000	0.000636913	370.000000	0.000629932	370.000000	0.000629365	370.000000	0.000627251	370.000000	0.000636752	370.000000	1.60886e-07	
380.000000	0.000570372	380.000000	0.000628515	380.000000	0.000621456	380.000000	0.000620898	380.000000	0.000618821	380.000000	0.000628358	380.000000	1.56961e-07	
390.000000	0.000563012	390.000000	0.00062055	390.000000	0.000613419	390.000000	0.00061287	390.000000	0.000610829	390.000000	0.000620396	390.000000	1.5323e-07	
400.000000	0.000556014	400.000000	0.000612985	400.000000	0.000605791	400.000000	0.000605249	400.000000	0.000603243	400.000000	0.000612835	400.000000	1.49678e-07	
410.000000	0.000549351	410.000000	0.000605793	410.000000	0.000598541	410.000000	0.000598008	410.000000	0.000596033	410.000000	0.000605647	410.000000	1.46293e-07	
420.000000	0.000543001	420.000000	0.000598948	420.000000	0.000591646	420.000000	0.000591118	420.000000	0.000589174	420.000000	0.000598805	420.000000	1.43062e-07	
430.000000	0.000536943	430.000000	0.000592426	430.000000	0.000585077	430.000000	0.000584556	430.000000	0.000582642	430.000000	0.000592286	430.000000	1.39976e-07	
440.000000	0.000531158	440.000000	0.000586206	440.000000	0.000578808	440.000000	0.000578301	440.000000	0.000576414	440.000000	0.000586069	440.000000	1.37025e-07	
450.000000	0.000525629	450.000000	0.000580269	450.000000	0.000572834	450.000000	0.000572332	450.000000	0.000570471	450.000000	0.000580134	450.000000	1.342e-07 	
460.000000	0.00052034	460.000000	0.000574595	460.000000	0.000567148	460.000000	0.00056663	460.000000	0.000564796	460.000000	0.000574464	460.000000	1.31493e-07	
470.000000	0.000515276	470.000000	0.00056917	470.000000	0.000561722	470.000000	0.000561181	470.000000	0.00055937	470.000000	0.000569041	470.000000	1.28897e-07	
480.000000	0.000510425	480.000000	0.000563977	480.000000	0.000556522	480.000000	0.000555967	480.000000	0.000554179	480.000000	0.000563851	480.000000	1.26404e-07	
490.000000	0.000505773	490.000000	0.000559004	490.000000	0.000551526	490.000000	0.000550975	490.000000	0.000549209	490.000000	0.00055888	490.000000	1.2401e-07	
500.000000	0.000501309	500.000000	0.000554237	500.000000	0.000546732	500.000000	0.000546192	500.000000	0.000544447	500.000000	0.000554115	500.000000	1.21708e-07	
520.000000	0.000492906	520.000000	0.000545275	520.000000	0.000537732	520.000000	0.000537204	520.000000	0.000535499	520.000000	0.000545158	520.000000	1.17359e-07	
540.000000	0.00048514	540.000000	0.000537008	540.000000	0.000529437	540.000000	0.000528917	540.000000	0.000527249	540.000000	0.000536895	540.000000	1.1332e-07	
560.000000	0.000477945	560.000000	0.000529363	560.000000	0.000521768	560.000000	0.000521258	560.000000	0.000519624	560.000000	0.000529253	560.000000	1.09559e-07	
580.000000	0.000471267	580.000000	0.000522277	580.000000	0.000514664	580.000000	0.000514163	580.000000	0.00051256	580.000000	0.000522171	580.000000	1.06047e-07	
600.000000	0.000465055	600.000000	0.000515696	600.000000	0.000508068	600.000000	0.000507575	600.000000	0.000506001	600.000000	0.000515594	600.000000	1.02761e-07	
620.000000	0.000459267	620.000000	0.000509573	620.000000	0.000501932	620.000000	0.000501446	620.000000	0.000499899	620.000000	0.000509473	620.000000	9.96792e-08	
640.000000	0.000453865	640.000000	0.000503865	640.000000	0.000496214	640.000000	0.000495733	640.000000	0.000494212	640.000000	0.000503768	640.000000	9.67827e-08	
660.000000	0.000448816	660.000000	0.000498536	660.000000	0.000490871	660.000000	0.000490399	660.000000	0.000488902	660.000000	0.000498442	660.000000	9.40552e-08	
680.000000	0.000444091	680.000000	0.000493553	680.000000	0.000485872	680.000000	0.00048541	680.000000	0.000483935	680.000000	0.000493461	680.000000	9.14822e-08	
700.000000	0.000439663	700.000000	0.000488887	700.000000	0.000481203	700.000000	0.000480737	700.000000	0.000479283	700.000000	0.000488798	700.000000	8.90508e-08	
720.000000	0.000435509	720.000000	0.000484513	720.000000	0.00047684	720.000000	0.000476354	720.000000	0.000474919	720.000000	0.000484426	720.000000	8.67494e-08	
740.000000	0.000431607	740.000000	0.000480407	740.000000	0.000472739	740.000000	0.000472237	740.000000	0.000470821	740.000000	0.000480322	740.000000	8.45679e-08	
760.000000	0.000427939	760.000000	0.000476548	760.000000	0.000468866	760.000000	0.000468364	760.000000	0.000466966	760.000000	0.000476466	760.000000	8.2497e-08	
780.000000	0.000424488	780.000000	0.000472919	780.000000	0.00046521	780.000000	0.000464718	780.000000	0.000463336	780.000000	0.000472839	780.000000	8.05283e-08	
800.000000	0.000421239	800.000000	0.000469502	800.000000	0.000461766	800.000000	0.000461281	800.000000	0.000459914	800.000000	0.000469424	800.000000	7.86544e-08	
820.000000	0.000418177	820.000000	0.000466283	820.000000	0.000458518	820.000000	0.000458037	820.000000	0.000456685	820.000000	0.000466206	820.000000	7.68687e-08	
840.000000	0.000415289	840.000000	0.000463246	840.000000	0.00045545	840.000000	0.000454972	840.000000	0.000453634	840.000000	0.000463171	840.000000	7.51648e-08	
860.000000	0.000412566	860.000000	0.000460381	860.000000	0.000452548	860.000000	0.000452074	860.000000	0.00045075	860.000000	0.000460307	860.000000	7.35372e-08	
880.000000	0.000409995	880.000000	0.000457675	880.000000	0.000449802	880.000000	0.000449332	880.000000	0.00044802	880.000000	0.000457603	880.000000	7.1981e-08	
900.000000	0.000407567	900.000000	0.000455118	900.000000	0.0004472 	900.000000	0.000446734	900.000000	0.000445434	900.000000	0.000455048	900.000000	7.04914e-08	
920.000000	0.000405274	920.000000	0.000452701	920.000000	0.000444734	920.000000	0.000444272	920.000000	0.000442983	920.000000	0.000452632	920.000000	6.90641e-08	
940.000000	0.000403107	940.000000	0.000450415	940.000000	0.000442394	940.000000	0.000441935	940.000000	0.000440657	940.000000	0.000450347	940.000000	6.76954e-08	
960.000000	0.000401059	960.000000	0.000448251	960.000000	0.000440173	960.000000	0.000439717	960.000000	0.00043845	960.000000	0.000448185	960.000000	6.63817e-08	
980.000000	0.000399123	980.000000	0.000446204	980.000000	0.000438063	980.000000	0.000437609	980.000000	0.000436352	980.000000	0.000446138	980.000000	6.51196e-08	
1000.000000	0.000397292	1000.000000	0.000444265	1000.000000	0.000436056	1000.000000	0.000435606	1000.000000	0.000434358	1000.000000	0.000444201	1000.000000	6.39062e-08	
1020.000000	0.000395562	1020.000000	0.000442428	1020.000000	0.000434147	1020.000000	0.0004337 	1020.000000	0.000432461	1020.000000	0.000442365	1020.000000	6.27386e-08	
1040.000000	0.000393926	1040.000000	0.000440688	1040.000000	0.00043233	1040.000000	0.000431886	1040.000000	0.000430656	1040.000000	0.000440626	1040.000000	6.16143e-08	
1060.000000	0.00039238	1060.000000	0.00043904	1060.000000	0.0004306 	1060.000000	0.000430158	1060.000000	0.000428936	1060.000000	0.000438979	1060.000000	6.05309e-08	
1080.000000	0.000390918	1080.000000	0.000437477	1080.000000	0.000428951	1080.000000	0.000428511	1080.000000	0.000427298	1080.000000	0.000437418	1080.000000	5.94862e-08	
1100.000000	0.000389537	1100.000000	0.000435997	1100.000000	0.000427379	1100.000000	0.000426942	1100.000000	0.000425736	1100.000000	0.000435938	1100.000000	5.84781e-08	
1120.000000	0.000388232	1120.000000	0.000434594	1120.000000	0.00042588	1120.000000	0.000425445	1120.000000	0.000424246	1120.000000	0.000434536	1120.000000	5.75047e-08	
1140.000000	0.000387  	1140.000000	0.000433264	1140.000000	0.00042445	1140.000000	0.000424016	1140.000000	0.000422824	1140.000000	0.000433208	1140.000000	5.65642e-08	
1160.000000	0.000385837	1160.000000	0.000432005	1160.000000	0.000423084	1160.000000	0.000422652	1160.000000	0.000421467	1160.000000	0.000431949	1160.000000	5.5655e-08	
1180.000000	0.00038474	1180.000000	0.000430811	1180.000000	0.00042178	1180.000000	0.000421349	1180.000000	0.000420171	1180.000000	0.000430756	1180.000000	5.47755e-08	
1200.000000	0.000383705	1200.000000	0.000429681	1200.000000	0.000420533	1200.000000	0.000420105	1200.000000	0.000418933	1200.000000	0.000429627	1200.000000	5.39242e-08	
1220.000000	0.000382731	1220.000000	0.00042861	1220.000000	0.00041934	1220.000000	0.000418916	1220.000000	0.00041775	1220.000000	0.000428557	1220.000000	5.30999e-08	
1240.000000	0.000381813	1240.000000	0.000427597	1240.000000	0.000418199	1240.000000	0.000417778	1240.000000	0.000416618	1240.000000	0.000427544	1240.000000	5.23012e-08	
1260.000000	0.000380951	1260.000000	0.000426638	1260.000000	0.000417108	1260.000000	0.000416691	1260.000000	0.000415536	1260.000000	0.000426586	1260.000000	5.15269e-08	
1280.000000	0.00038014	1280.000000	0.00042573	1280.000000	0.000416066	1280.000000	0.00041565	1280.000000	0.000414501	1280.000000	0.00042568	1280.000000	5.0776e-08	
1300.000000	0.00037938	1300.000000	0.000424873	1300.000000	0.000415071	1300.000000	0.000414655	1300.000000	0.000413511	1300.000000	0.000424823	1300.000000	5.00473e-08	
1320.000000	0.000378667	1320.000000	0.000424063	1320.000000	0.00041412	1320.000000	0.000413702	1320.000000	0.000412563	1320.000000	0.000424013	1320.000000	4.934e-08 	
1340.000000	0.000378  	1340.000000	0.000423298	1340.000000	0.000413212	1340.000000	0.000412789	1340.000000	0.000411656	1340.000000	0.000423249	1340.000000	4.8653e-08	
1360.000000	0.000377377	1360.000000	0.000422576	1360.000000	0.000412344	1360.000000	0.000411916	1360.000000	0.000410787	1360.000000	0.000422528	1360.000000	4.79855e-08	
1380.000000	0.000376797	1380.000000	0.000421896	1380.000000	0.000411513	1380.000000	0.000411079	1380.000000	0.000409954	1380.000000	0.000421849	1380.000000	4.73366e-08	
1400.000000	0.000376257	1400.000000	0.000421256	1400.000000	0.000410717	1400.000000	0.000410277	1400.000000	0.000409157	1400.000000	0.000421209	1400.000000	4.67056e-08	
1420.000000	0.000375756	1420.000000	0.000420653	1420.000000	0.000409954	1420.000000	0.000409509	1420.000000	0.000408393	1420.000000	0.000420607	1420.000000	4.60918e-08	
1440.000000	0.000375293	1440.000000	0.000420088	1440.000000	0.000409221	1440.000000	0.000408773	1440.000000	0.000407661	1440.000000	0.000420042	1440.000000	4.54944e-08	
1460.000000	0.000374865	1460.000000	0.000419557	1460.000000	0.000408517	1460.000000	0.000408067	1460.000000	0.00040696	1460.000000	0.000419512	1460.000000	4.49128e-08	
1480.000000	0.000374472	1480.000000	0.000419059	1480.000000	0.000407841	1480.000000	0.000407391	1480.000000	0.000406287	1480.000000	0.000419015	1480.000000	4.43463e-08	
1500.000000	0.000374113	1500.000000	0.000418594	1500.000000	0.000407192	1500.000000	0.000406742	1500.000000	0.000405642	1500.000000	0.000418551	1500.000000	4.37945e-08	
1520.000000	0.000373786	1520.000000	0.000418161	1520.000000	0.000406569	1520.000000	0.00040612	1520.000000	0.000405024	1520.000000	0.000418117	1520.000000	4.32566e-08	
1540.000000	0.00037349	1540.000000	0.000417756	1540.000000	0.000405971	1540.000000	0.000405524	1540.000000	0.000404432	1540.000000	0.000417714	1540.000000	4.27322e-08	
1560.000000	0.000373224	1560.000000	0.000417381	1560.000000	0.000405397	1560.000000	0.000404953	1560.000000	0.000403864	1560.000000	0.000417339	1560.000000	4.22208e-08	
1580.000000	0.000372986	1580.000000	0.000417033	1580.000000	0.000404846	1580.000000	0.000404404	1580.000000	0.000403319	1580.000000	0.000416992	1580.000000	4.17218e-08	
1600.000000	0.000372777	1600.000000	0.000416712	1600.000000	0.000404319	1600.000000	0.000403879	1600.000000	0.000402796	1600.000000	0.000416671	1600.000000	4.12349e-08	
1620.000000	0.000372595	1620.000000	0.000416417	1620.000000	0.000403813	1620.000000	0.000403375	1620.000000	0.000402295	1620.000000	0.000416376	1620.000000	4.07596e-08	
1640.000000	0.000372438	1640.000000	0.000416146	1640.000000	0.000403328	1640.000000	0.000402891	1640.000000	0.000401815	1640.000000	0.000416106	1640.000000	4.02955e-08	
1660.000000	0.000372307	1660.000000	0.000415899	1660.000000	0.000402863	1660.000000	0.000402428	1660.000000	0.000401354	1660.000000	0.000415859	1660.000000	3.98422e-08	
1680.000000	0.0003722 	1680.000000	0.000415675	1680.000000	0.000402418	1680.000000	0.000401983	1680.000000	0.000400913	1680.000000	0.000415635	1680.000000	3.93992e-08	
1700.000000	0.000372117	1700.000000	0.000415473	1700.000000	0.00040199	1700.000000	0.000401557	1700.000000	0.000400489	1700.000000	0.000415434	1700.000000	3.89664e-08	
1750.000000	0.000372008	1750.000000	0.000415061	1750.000000	0.000400999	1750.000000	0.000400567	1750.000000	0.000399506	1750.000000	0.000415023	1750.000000	3.7926e-08	
1800.000000	0.00037203	1800.000000	0.000414771	1800.000000	0.000400106	1800.000000	0.000399676	1800.000000	0.000398622	1800.000000	0.000414734	1800.000000	3.69414e-08	
1850.000000	0.000372175	1850.000000	0.000414594	1850.000000	0.000399304	1850.000000	0.000398876	1850.000000	0.000397827	1850.000000	0.000414558	1850.000000	3.60082e-08	
1900.000000	0.000372433	1900.000000	0.000414522	1900.000000	0.000398584	1900.000000	0.000398158	1900.000000	0.000397115	1900.000000	0.000414487	1900.000000	3.51224e-08	
1950.000000	0.000372797	1950.000000	0.000414545	1950.000000	0.000397939	1950.000000	0.000397515	1950.000000	0.000396477	1950.000000	0.000414511	1950.000000	3.42805e-08	
2000.000000	0.000373259	2000.000000	0.000414658	2000.000000	0.000397363	2000.000000	0.00039694	2000.000000	0.000395907	2000.000000	0.000414624	2000.000000	3.34793e-08	
2100.000000	0.000374454	2100.000000	0.000415125	2100.000000	0.000396392	2100.000000	0.000395972	2100.000000	0.000394948	2100.000000	0.000415093	2100.000000	3.19873e-08	
2200.000000	0.000375974	2200.000000	0.000415877	2200.000000	0.000395632	2200.000000	0.000395215	2200.000000	0.000394199	2200.000000	0.000415846	2200.000000	3.06265e-08	
2300.000000	0.00037778	2300.000000	0.000416878	2300.000000	0.000395049	2300.000000	0.000394634	2300.000000	0.000393626	2300.000000	0.000416848	2300.000000	2.938e-08 	
2400.000000	0.000379841	2400.000000	0.000418096	2400.000000	0.000394617	2400.000000	0.000394204	2400.000000	0.000393202	2400.000000	0.000418068	2400.000000	2.82339e-08	
2500.000000	0.000382132	2500.000000	0.000419505	2500.000000	0.000394313	2500.000000	0.000393902	2500.000000	0.000392906	2500.000000	0.000419478	2500.000000	2.71765e-08	
2600.000000	0.000384629	2600.000000	0.000421083	2600.000000	0.000394118	2600.000000	0.00039371	2600.000000	0.000392719	2600.000000	0.000421057	2600.000000	2.61976e-08	
2700.000000	0.000387313	2700.000000	0.000422811	2700.000000	0.000394017	2700.000000	0.000393611	2700.000000	0.000392624	2700.000000	0.000422786	2700.000000	2.52889e-08	
2800.000000	0.000390168	2800.000000	0.000424672	2800.000000	0.000393997	2800.000000	0.000393592	2800.000000	0.00039261	2800.000000	0.000424648	2800.000000	2.44429e-08	
2900.000000	0.000393178	2900.000000	0.000426654	2900.000000	0.000394047	2900.000000	0.000393642	2900.000000	0.000392664	2900.000000	0.00042663	2900.000000	2.36534e-08	
3000.000000	0.000396332	3000.000000	0.000428742	3000.000000	0.000394156	3000.000000	0.000393753	3000.000000	0.000392779	3000.000000	0.00042872	3000.000000	2.29147e-08	
3200.000000	0.000403026	3200.000000	0.000433201	3200.000000	0.000394522	3200.000000	0.000394122	3200.000000	0.000393154	3200.000000	0.00043318	3200.000000	2.15713e-08	
3400.000000	0.000410177	3400.000000	0.000437979	3400.000000	0.000395045	3400.000000	0.000394647	3400.000000	0.000393685	3400.000000	0.000437958	3400.000000	2.03809e-08	
3600.000000	0.000417727	3600.000000	0.00044302	3600.000000	0.000395686	3600.000000	0.000395289	3600.000000	0.000394331	3600.000000	0.000443001	3600.000000	1.93186e-08	
3800.000000	0.00042563	3800.000000	0.000448282	3800.000000	0.000396413	3800.000000	0.000396018	3800.000000	0.000395064	3800.000000	0.000448263	3800.000000	1.83645e-08	
4000.000000	0.000433849	4000.000000	0.00045373	4000.000000	0.000397207	4000.000000	0.000396812	4000.000000	0.000395863	4000.000000	0.000453712	4000.000000	1.75027e-08	
4200.000000	0.000442355	4200.000000	0.000459335	4200.000000	0.000398048	4200.000000	0.000397655	4200.000000	0.000396708	4200.000000	0.000459319	4200.000000	1.67204e-08	
4400.000000	0.00045112	4400.000000	0.000465077	4400.000000	0.000398924	4400.000000	0.000398532	4400.000000	0.000397588	4400.000000	0.000465061	4400.000000	1.60069e-08	
4600.000000	0.000460127	4600.000000	0.000470934	4600.000000	0.000399825	4600.000000	0.000399434	4600.000000	0.000398492	4600.000000	0.000470919	4600.000000	1.53535e-08	
4800.000000	0.000469355	4800.000000	0.000476892	4800.000000	0.000400742	4800.000000	0.000400351	4800.000000	0.000399411	4800.000000	0.000476877	4800.000000	1.47529e-08	
5000.000000	0.000478792	5000.000000	0.000482938	5000.000000	0.000401668	5000.000000	0.000401278	5000.000000	0.000400341	5000.000000	0.000482923	5000.000000	1.41987e-08	
5250.000000	0.000490862	5250.000000	0.000490601	5250.000000	0.000402832	5250.000000	0.000402443	5250.000000	0.000401508	5250.000000	0.000490587	5250.000000	1.35635e-08	
5500.000000	0.000503217	5500.000000	0.000498365	5500.000000	0.000403997	5500.000000	0.000403608	5500.000000	0.000402674	5500.000000	0.000498352	5500.000000	1.29842e-08	
6000.000000	0.000528718	6000.000000	0.000514141	6000.000000	0.000406303	6000.000000	0.000405916	6000.000000	0.000404985	6000.000000	0.000514129	6000.000000	1.19661e-08	
6500.000000	0.000555187	6500.000000	0.000530172	6500.000000	0.000408559	6500.000000	0.000408173	6500.000000	0.000407244	6500.000000	0.000530161	6500.000000	1.10998e-08	
7000.000000	0.000582548	7000.000000	0.000546395	7000.000000	0.000410747	7000.000000	0.000410362	7000.000000	0.000409435	7000.000000	0.000546385	7000.000000	1.03536e-08	
7500.000000	0.000610743	7500.000000	0.000562762	7500.000000	0.000412861	7500.000000	0.000412476	7500.000000	0.00041155	7500.000000	0.000562753	7500.000000	9.70386e-09	
8000.000000	0.000639731	8000.000000	0.000579239	8000.000000	0.000414898	8000.000000	0.000414513	8000.000000	0.000413588	8000.000000	0.00057923	8000.000000	9.13289e-09	
8500.000000	0.000669479	8500.000000	0.000595799	8500.000000	0.000416857	8500.000000	0.000416473	8500.000000	0.000415549	8500.000000	0.000595791	8500.000000	8.62707e-09	
9000.000000	0.00069996	9000.000000	0.000612423	9000.000000	0.00041874	9000.000000	0.000418358	9000.000000	0.000417433	9000.000000	0.000612415	9000.000000	8.17576e-09	
9500.000000	0.000731154	9500.000000	0.000629095	9500.000000	0.000420553	9500.000000	0.000420169	9500.000000	0.000419245	9500.000000	0.000629087	9500.000000	7.77052e-09	
10000.000000	0.000763046	10000.000000	0.000645802	10000.000000	0.000422298	10000.000000	0.000421912	10000.000000	0.000420988	10000.000000	0.000645795	10000.000000	7.40458e-09	
11000.000000	0.000828872	11000.000000	0.000679289	11000.000000	0.000425586	11000.000000	0.000425202	11000.000000	0.000424278	11000.000000	0.000679282	11000.000000	6.76959e-09	
12000.000000	0.000897361	12000.000000	0.000712828	12000.000000	0.000428625	12000.000000	0.000428257	12000.000000	0.000427332	12000.000000	0.000712821	12000.000000	6.23739e-09	
13000.000000	0.000968462	13000.000000	0.000746382	13000.000000	0.000431467	13000.000000	0.000431102	13000.000000	0.000430175	13000.000000	0.000746376	13000.000000	5.7847e-09	
14000.000000	0.00104214	14000.000000	0.000779928	14000.000000	0.000434146	14000.000000	0.000433759	14000.000000	0.000432831	14000.000000	0.000779923	14000.000000	5.39482e-09	
15000.000000	0.00111837	15000.000000	0.00081345	15000.000000	0.00043667	15000.000000	0.000436249	15000.000000	0.000435319	15000.000000	0.000813445	15000.000000	5.05542e-09	
16000.000000	0.00119714	16000.000000	0.000846936	16000.000000	0.000439033	16000.000000	0.00043859	16000.000000	0.000437658	16000.000000	0.000846931	16000.000000	4.75722e-09	
17000.000000	0.00127845	17000.000000	0.00088038	17000.000000	0.000441246	17000.000000	0.000440797	17000.000000	0.000439863	17000.000000	0.000880376	17000.000000	4.49308e-09	
18000.000000	0.00136228	18000.000000	0.000913777	18000.000000	0.000443321	18000.000000	0.000442884	18000.000000	0.000441947	18000.000000	0.000913773	18000.000000	4.25745e-09	
19000.000000	0.00144863	19000.000000	0.000947123	19000.000000	0.000445273	19000.000000	0.000444861	19000.000000	0.000443921	19000.000000	0.000947119	19000.000000	4.04591e-09	
20000.000000	0.00153752	20000.000000	0.000980417	20000.000000	0.000447116	20000.000000	0.000446739	20000.000000	0.000445796	20000.000000	0.000980413	20000.000000	3.85491e-09	
21000.000000	0.00162893	21000.000000	0.00101366	21000.000000	0.000448873	21000.000000	0.000448526	21000.000000	0.000447581	21000.000000	0.00101365	21000.000000	3.68157e-09	
22000.000000	0.00172288	22000.000000	0.00104684	22000.000000	0.000450576	22000.000000	0.000450231	22000.000000	0.000449282	22000.000000	0.00104684	22000.000000	3.52354e-09	
23000.000000	0.00181937	23000.000000	0.00107998	23000.000000	0.000452208	23000.000000	0.000451861	23000.000000	0.000450908	23000.000000	0.00107997	23000.000000	3.37885e-09	
24000.000000	0.00191841	24000.000000	0.00111305	24000.000000	0.000453766	24000.000000	0.00045342	24000.000000	0.000452464	24000.000000	0.00111305	24000.000000	3.24587e-09	
25000.000000	0.00202001	25000.000000	0.00114608	25000.000000	0.000455261	25000.000000	0.000454916	25000.000000	0.000453956	25000.000000	0.00114608	25000.000000	3.12323e-09	
26000.000000	0.00212418	26000.000000	0.00117905	26000.000000	0.000456698	26000.000000	0.000456352	26000.000000	0.000455388	26000.000000	0.00117905	26000.000000	3.00975e-09	
27000.000000	0.00223093	27000.000000	0.00121198	27000.000000	0.000458081	27000.000000	0.000457733	27000.000000	0.000456765	27000.000000	0.00121197	27000.000000	2.90443e-09	
28000.000000	0.00234026	28000.000000	0.00124485	28000.000000	0.000459411	28000.000000	0.000459063	28000.000000	0.000458091	28000.000000	0.00124484	28000.000000	2.80642e-09	
29000.000000	0.0024522 	29000.000000	0.00127767	29000.000000	0.000460687	29000.000000	0.000460345	29000.000000	0.000459368	29000.000000	0.00127767	29000.000000	2.71498e-09	
30000.000000	0.00256675	30000.000000	0.00131044	30000.000000	0.000461915	30000.000000	0.000461582	30000.000000	0.000460601	30000.000000	0.00131044	30000.000000	2.62945e-09	
32000.000000	0.00280373	32000.000000	0.00137585	32000.000000	0.000464245	32000.000000	0.000463934	32000.000000	0.000462944	32000.000000	0.00137585	32000.000000	2.47399e-09	
34000.000000	0.0030513 	34000.000000	0.00144107	34000.000000	0.000466433	34000.000000	0.000466139	34000.000000	0.000465139	34000.000000	0.00144107	34000.000000	2.33632e-09	
36000.000000	0.00330957	36000.000000	0.00150612	36000.000000	0.000468496	36000.000000	0.000468214	36000.000000	0.000467203	36000.000000	0.00150612	36000.000000	2.21351e-09	
38000.000000	0.00357865	38000.000000	0.001571  	38000.000000	0.000470446	38000.000000	0.000470173	38000.000000	0.00046915	38000.000000	0.001571  	38000.000000	2.10328e-09	
40000.000000	0.00385863	40000.000000	0.00163572	40000.000000	0.000472293	40000.000000	0.000472027	40000.000000	0.000470992	40000.000000	0.00163572	40000.000000	2.00376e-09	
42000.000000	0.00414965	42000.000000	0.00170029	42000.000000	0.000474045	42000.000000	0.000473787	42000.000000	0.000472739	42000.000000	0.00170029	42000.000000	1.91346e-09	
44000.000000	0.0044518 	44000.000000	0.00176471	44000.000000	0.000475711	44000.000000	0.000475462	44000.000000	0.000474401	44000.000000	0.00176471	44000.000000	1.83114e-09	
46000.000000	0.00476522	46000.000000	0.00182899	46000.000000	0.000477299	46000.000000	0.000477059	46000.000000	0.000475984	46000.000000	0.00182899	46000.000000	1.75578e-09	
48000.000000	0.00509   	48000.000000	0.00189314	48000.000000	0.000478814	48000.000000	0.000478586	48000.000000	0.000477496	48000.000000	0.00189314	48000.000000	1.68653e-09	
50000.000000	0.00542629	50000.000000	0.00195716	50000.000000	0.000480262	50000.000000	0.000480047	50000.000000	0.000478942	50000.000000	0.00195715	50000.000000	1.62266e-09	
