*Energy (MeV/u)1	0 - [He-base] F.Hubert et al. AD&ND Tables 46(1990)1	Energy (MeV/u)2	1 - [H -base] J.F.Ziegler et al.Pergamon Press.NY(low energy)	Energy (MeV/u)3	2 - ATIMA 1.2 LS-theory (recommended for high energy)	Energy (MeV/u)4	3 - ATIMA 1.2 without LS-correction	Energy (MeV/u)5	4 - ATIMA 1.4 H.Weick. improved mean charge formula for HI	Energy (MeV/u)6	5 - electrical component of [1] - J.F.Ziegler et al	Energy (MeV/u)7	6 - nuclear component of [1] - J.F.Ziegler et al	
0.001000	0.0247678 	0.001000	0.024287  	0.001000	0.0280398 	0.001000	0.0280398 	0.001000	0.0280389 	0.001000	0.0134144 	0.001000	0.0108726 	
0.002000	0.0316482 	0.002000	0.0300595 	0.002000	0.0351274 	0.002000	0.0351274 	0.002000	0.0351269 	0.002000	0.0223421 	0.002000	0.0077174 	
0.005000	0.0489641 	0.005000	0.0461155 	0.005000	0.053057  	0.005000	0.053057  	0.005000	0.0530568 	0.005000	0.0416837 	0.005000	0.00443179	
0.008000	0.0619418 	0.008000	0.0589557 	0.008000	0.0667314 	0.008000	0.0667314 	0.008000	0.0667313 	0.008000	0.0557289 	0.008000	0.0032268 	
0.010000	0.0691011 	0.010000	0.0662253 	0.010000	0.0743235 	0.010000	0.0743235 	0.010000	0.0743235 	0.010000	0.0634744 	0.010000	0.00275097	
0.015000	0.0881637 	0.015000	0.0809735 	0.015000	0.090088  	0.015000	0.090088  	0.015000	0.090088  	0.015000	0.0789351 	0.015000	0.00203846	
0.020000	0.104112  	0.020000	0.0935864 	0.020000	0.103054  	0.020000	0.103054  	0.020000	0.103054  	0.020000	0.0919434 	0.020000	0.00164307	
0.025000	0.11771   	0.025000	0.104745  	0.025000	0.114376  	0.025000	0.114376  	0.025000	0.114376  	0.025000	0.103359  	0.025000	0.00138533	
0.030000	0.129367  	0.030000	0.114803  	0.030000	0.122376  	0.030000	0.122376  	0.030000	0.122376  	0.030000	0.113601  	0.030000	0.0012027 	
0.035000	0.139331  	0.035000	0.123963  	0.035000	0.129433  	0.035000	0.129433  	0.035000	0.129433  	0.035000	0.122897  	0.035000	0.00106586	
0.040000	0.147771  	0.040000	0.132344  	0.040000	0.135759  	0.040000	0.135759  	0.040000	0.135759  	0.040000	0.131384  	0.040000	0.000959137	
0.045000	0.154826  	0.045000	0.140024  	0.045000	0.141494  	0.045000	0.141494  	0.045000	0.141494  	0.045000	0.13915   	0.045000	0.00087335	
0.050000	0.160617  	0.050000	0.147056  	0.050000	0.14673   	0.050000	0.14673   	0.050000	0.14673   	0.050000	0.146254  	0.050000	0.000802748	
0.055000	0.165263  	0.055000	0.153481  	0.055000	0.151532  	0.055000	0.151532  	0.055000	0.151532  	0.055000	0.152738  	0.055000	0.000743531	
0.060000	0.168884  	0.060000	0.15933   	0.060000	0.155949  	0.060000	0.155949  	0.060000	0.155949  	0.060000	0.158637  	0.060000	0.000693086	
0.070000	0.173514  	0.070000	0.169412  	0.070000	0.163762  	0.070000	0.163762  	0.070000	0.163762  	0.070000	0.1688    	0.070000	0.00061156	
0.080000	0.175408  	0.080000	0.177514  	0.080000	0.170373  	0.080000	0.170373  	0.080000	0.170374  	0.080000	0.176966  	0.080000	0.00054837	
0.090000	0.175362  	0.090000	0.18385   	0.090000	0.175925  	0.090000	0.175925  	0.090000	0.175925  	0.090000	0.183352  	0.090000	0.000497832	
0.100000	0.174028  	0.100000	0.188634  	0.100000	0.180527  	0.100000	0.180527  	0.100000	0.180528  	0.100000	0.188178  	0.100000	0.000456415	
0.120000	0.169348  	0.120000	0.194398  	0.120000	0.187246  	0.120000	0.187246  	0.120000	0.187246  	0.120000	0.194006  	0.120000	0.000392411	
0.140000	0.163822  	0.140000	0.196364  	0.140000	0.191178  	0.140000	0.191178  	0.140000	0.191178  	0.140000	0.196019  	0.140000	0.000345095	
0.160000	0.158493  	0.160000	0.195782  	0.160000	0.192885  	0.160000	0.192885  	0.160000	0.192885  	0.160000	0.195474  	0.160000	0.000308585	
0.180000	0.153691  	0.180000	0.19357   	0.180000	0.192855  	0.180000	0.192855  	0.180000	0.192855  	0.180000	0.19329   	0.180000	0.000279494	
0.200000	0.149439  	0.200000	0.190358  	0.200000	0.1915    	0.200000	0.1915    	0.200000	0.191501  	0.200000	0.190102  	0.200000	0.000255728	
0.250000	0.140663  	0.250000	0.180369  	0.250000	0.184409  	0.250000	0.184409  	0.250000	0.18441   	0.250000	0.180157  	0.250000	0.00021167	
0.300000	0.133497  	0.300000	0.169815  	0.300000	0.17473   	0.300000	0.17473   	0.300000	0.17473   	0.300000	0.169633  	0.300000	0.000181218	
0.350000	0.127178  	0.350000	0.1598    	0.350000	0.164448  	0.350000	0.164448  	0.350000	0.164449  	0.350000	0.159641  	0.350000	0.000158827	
0.400000	0.121391  	0.400000	0.150626  	0.400000	0.154518  	0.400000	0.154518  	0.400000	0.154518  	0.400000	0.150484  	0.400000	0.000141624	
0.450000	0.116017  	0.450000	0.142325  	0.450000	0.145338  	0.450000	0.145338  	0.450000	0.145338  	0.450000	0.142197  	0.450000	0.000127967	
0.500000	0.11101   	0.500000	0.134841  	0.500000	0.137027  	0.500000	0.137027  	0.500000	0.137027  	0.500000	0.134724  	0.500000	0.000116843	
0.600000	0.102013  	0.600000	0.121994  	0.600000	0.122905  	0.600000	0.122905  	0.600000	0.122905  	0.600000	0.121895  	0.600000	9.97823e-05	
0.700000	0.0942457 	0.700000	0.111447  	0.700000	0.111584  	0.700000	0.111584  	0.700000	0.111584  	0.700000	0.11136   	0.700000	8.72764e-05	
0.800000	0.0875395 	0.800000	0.102675  	0.800000	0.102401  	0.800000	0.102401  	0.800000	0.102401  	0.800000	0.102597  	0.800000	7.76923e-05	
0.900000	0.0817264 	0.900000	0.0952786 	0.900000	0.094823  	0.900000	0.094823  	0.900000	0.0948231 	0.900000	0.0952085 	0.900000	7.0099e-05	
1.000000	0.0766559 	1.000000	0.08896   	1.000000	0.08846   	1.000000	0.08846   	1.000000	0.08846   	1.000000	0.0888961 	1.000000	6.39257e-05	
1.250000	0.0664523 	1.250000	0.0765545 	1.250000	0.0762074 	1.250000	0.0762074 	1.250000	0.0762074 	1.250000	0.076502  	1.250000	5.25581e-05	
1.500000	0.0587478 	1.500000	0.0674078 	1.500000	0.0673107 	1.500000	0.0673107 	1.500000	0.0673108 	1.500000	0.0673631 	1.500000	4.47636e-05	
1.750000	0.0527136 	1.750000	0.0603486 	1.750000	0.0604793 	1.750000	0.0604793 	1.750000	0.0604794 	1.750000	0.0603095 	1.750000	3.90683e-05	
2.000000	0.0478504 	2.000000	0.0547143 	2.000000	0.0550267 	2.000000	0.0550267 	2.000000	0.0550267 	2.000000	0.0546795 	2.000000	3.47149e-05	
2.250000	0.043842  	2.250000	0.0501015 	2.250000	0.0505518 	2.250000	0.0505518 	2.250000	0.0505518 	2.250000	0.0500702 	2.250000	3.12734e-05	
2.500000	0.0398004 	2.500000	0.0462495 	2.500000	0.0468018 	2.500000	0.0468018 	2.500000	0.0468018 	2.500000	0.046221  	2.500000	2.84807e-05	
3.000000	0.0347397 	3.000000	0.0401709 	3.000000	0.0408503 	3.000000	0.0408503 	3.000000	0.0408503 	3.000000	0.0401467 	3.000000	2.42165e-05	
3.500000	0.0309035 	3.500000	0.0355835 	3.500000	0.0363247 	3.500000	0.0363247 	3.500000	0.0363247 	3.500000	0.0355624 	3.500000	2.11067e-05	
4.000000	0.0278865 	4.000000	0.0319935 	4.000000	0.0327592 	4.000000	0.0327592 	4.000000	0.0327593 	4.000000	0.0319748 	4.000000	1.87335e-05	
4.500000	0.0254462 	4.500000	0.0291045 	4.500000	0.0298734 	4.500000	0.0298734 	4.500000	0.0298734 	4.500000	0.0290877 	4.500000	1.68598e-05	
5.000000	0.0234284 	5.000000	0.0267272 	5.000000	0.0274868 	5.000000	0.0274868 	5.000000	0.0274869 	5.000000	0.0267119 	5.000000	1.53412e-05	
5.500000	0.0217299 	5.500000	0.0247349 	5.500000	0.0254783 	5.500000	0.0254783 	5.500000	0.0254783 	5.500000	0.0247208 	5.500000	1.40841e-05	
6.000000	0.0202789 	6.000000	0.0230395 	6.000000	0.023763  	6.000000	0.023763  	6.000000	0.023763  	6.000000	0.0230265 	6.000000	1.30256e-05	
6.500000	0.019024  	6.500000	0.0215782 	6.500000	0.0222797 	6.500000	0.0222797 	6.500000	0.0222797 	6.500000	0.0215661 	6.500000	1.21214e-05	
7.000000	0.0179271 	7.000000	0.0203047 	7.000000	0.0209835 	7.000000	0.0209835 	7.000000	0.0209835 	7.000000	0.0202934 	7.000000	1.13397e-05	
7.500000	0.0169595 	7.500000	0.0191842 	7.500000	0.0198402 	7.500000	0.0198402 	7.500000	0.0198402 	7.500000	0.0191735 	7.500000	1.06567e-05	
8.000000	0.0160992 	8.000000	0.01819   	8.000000	0.0188236 	8.000000	0.0188236 	8.000000	0.0188236 	8.000000	0.0181799 	8.000000	1.00548e-05	
8.500000	0.0153289 	8.500000	0.0173014 	8.500000	0.0179134 	8.500000	0.0179134 	8.500000	0.0179134 	8.500000	0.0172919 	8.500000	9.51994e-06	
9.000000	0.014635  	9.000000	0.0165021 	9.000000	0.0170931 	9.000000	0.0170931 	9.000000	0.0170931 	9.000000	0.016493  	9.000000	9.04148e-06	
9.500000	0.0140063 	9.500000	0.0157788 	9.500000	0.0163498 	9.500000	0.0163498 	9.500000	0.0163498 	9.500000	0.0157702 	9.500000	8.61081e-06	
10.000000	0.013434  	10.000000	0.0154144 	10.000000	0.0156728 	10.000000	0.0156728 	10.000000	0.0156728 	10.000000	0.0154062 	10.000000	8.221e-06 	
11.000000	0.01243   	11.000000	0.0142889 	11.000000	0.0144736 	11.000000	0.0144744 	11.000000	0.014472  	11.000000	0.0142814 	11.000000	7.54244e-06	
12.000000	0.0115773 	12.000000	0.0133278 	12.000000	0.0134564 	12.000000	0.0134578 	12.000000	0.0134538 	12.000000	0.0133209 	12.000000	6.97148e-06	
13.000000	0.0108436 	13.000000	0.0124972 	13.000000	0.0125827 	13.000000	0.0125842 	13.000000	0.0125791 	13.000000	0.0124907 	13.000000	6.4841e-06	
14.000000	0.0102052 	14.000000	0.0117716 	14.000000	0.0118239 	14.000000	0.0118254 	14.000000	0.0118194 	14.000000	0.0117656 	14.000000	6.06299e-06	
15.000000	0.00964427	15.000000	0.0111322 	15.000000	0.0111585 	15.000000	0.0111599 	15.000000	0.0111533 	15.000000	0.0111265 	15.000000	5.69531e-06	
16.000000	0.00914735	16.000000	0.0105642 	16.000000	0.0105703 	16.000000	0.0105717 	16.000000	0.0105645 	16.000000	0.0105588 	16.000000	5.37139e-06	
17.000000	0.00870385	17.000000	0.010056  	17.000000	0.0100467 	17.000000	0.0100479 	17.000000	0.0100404 	17.000000	0.010051  	17.000000	5.08374e-06	
18.000000	0.00830546	18.000000	0.00959867	18.000000	0.00957781	18.000000	0.00957874	18.000000	0.00957095	18.000000	0.00959384	18.000000	4.82653e-06	
19.000000	0.0079455 	19.000000	0.0091847 	19.000000	0.0091554 	19.000000	0.00915608	19.000000	0.00914809	19.000000	0.00918011	19.000000	4.59509e-06	
20.000000	0.00761857	20.000000	0.00880815	20.000000	0.00877279	20.000000	0.00877346	20.000000	0.00876533	20.000000	0.00880376	20.000000	4.38571e-06	
21.000000	0.00732024	21.000000	0.00846408	21.000000	0.00842482	21.000000	0.00842556	21.000000	0.00841732	21.000000	0.00845988	21.000000	4.19531e-06	
22.000000	0.00704684	22.000000	0.0081484 	22.000000	0.0081074 	22.000000	0.00810796	22.000000	0.00809967	22.000000	0.00814438	22.000000	4.02141e-06	
23.000000	0.00679533	23.000000	0.00785769	23.000000	0.00781682	23.000000	0.00781698	23.000000	0.00780865	23.000000	0.00785383	23.000000	3.86191e-06	
24.000000	0.00656312	24.000000	0.00758905	24.000000	0.00754974	24.000000	0.00754951	24.000000	0.00754118	24.000000	0.00758534	24.000000	3.71508e-06	
25.000000	0.00634803	25.000000	0.00734002	25.000000	0.00730351	25.000000	0.00730293	25.000000	0.00729461	25.000000	0.00733644	25.000000	3.57944e-06	
27.000000	0.00596203	27.000000	0.00689268	27.000000	0.00686519	27.000000	0.00686373	27.000000	0.00685547	27.000000	0.00688935	27.000000	3.33693e-06	
29.000000	0.00562534	29.000000	0.00650207	29.000000	0.00648667	29.000000	0.00648484	29.000000	0.0064767 	29.000000	0.00649894	29.000000	3.12637e-06	
31.000000	0.00532892	31.000000	0.00615789	31.000000	0.00615071	31.000000	0.00614879	31.000000	0.00614117	31.000000	0.00615495	31.000000	2.94175e-06	
33.000000	0.00506582	33.000000	0.00585222	33.000000	0.00584765	33.000000	0.00584513	33.000000	0.00583832	33.000000	0.00584945	33.000000	2.7785e-06	
35.000000	0.00483062	35.000000	0.00557887	35.000000	0.0055759 	35.000000	0.00557351	35.000000	0.00556738	35.000000	0.00557623	35.000000	2.63308e-06	
38.000000	0.00452099	38.000000	0.00521888	38.000000	0.00521843	38.000000	0.00521566	38.000000	0.00521039	38.000000	0.00521644	38.000000	2.44239e-06	
41.000000	0.00425354	41.000000	0.0049079 	41.000000	0.00490917	41.000000	0.00490634	41.000000	0.00490177	41.000000	0.00490562	41.000000	2.2784e-06	
44.000000	0.00402004	44.000000	0.00463642	44.000000	0.00463867	44.000000	0.00463616	44.000000	0.00463216	44.000000	0.00463428	44.000000	2.1358e-06	
47.000000	0.00381431	47.000000	0.00439728	47.000000	0.00440086	47.000000	0.00439801	47.000000	0.00439449	47.000000	0.00439527	47.000000	2.01061e-06	
50.000000	0.00363158	50.000000	0.00418496	50.000000	0.00418932	50.000000	0.00418644	50.000000	0.00418333	50.000000	0.00418306	50.000000	1.8998e-06	
55.000000	0.00336837	55.000000	0.00387934	55.000000	0.00388478	55.000000	0.00388165	55.000000	0.0038791 	55.000000	0.0038776 	55.000000	1.74085e-06	
60.000000	0.00314614	60.000000	0.00362159	60.000000	0.00362722	60.000000	0.00362434	60.000000	0.00362222	60.000000	0.00361998	60.000000	1.6073e-06	
65.000000	0.00295583	65.000000	0.00340114	65.000000	0.00340702	65.000000	0.00340407	65.000000	0.00340231	65.000000	0.00339965	65.000000	1.49344e-06	
70.000000	0.00279091	70.000000	0.00321037	70.000000	0.00321628	70.000000	0.00321328	70.000000	0.00321181	70.000000	0.00320898	70.000000	1.39517e-06	
75.000000	0.00264651	75.000000	0.0030436 	75.000000	0.00304913	75.000000	0.00304637	75.000000	0.00304514	75.000000	0.00304229	75.000000	1.30946e-06	
80.000000	0.00251895	80.000000	0.00289652	80.000000	0.00290206	80.000000	0.00289905	80.000000	0.00289803	80.000000	0.00289529	80.000000	1.23403e-06	
85.000000	0.00240539	85.000000	0.0027658 	85.000000	0.00277089	85.000000	0.00276804	85.000000	0.00276719	85.000000	0.00276464	85.000000	1.1671e-06	
90.000000	0.00230359	90.000000	0.00264884	90.000000	0.00265346	90.000000	0.00265074	90.000000	0.00265004	90.000000	0.00264773	90.000000	1.10731e-06	
95.000000	0.00221178	95.000000	0.00254353	95.000000	0.002548  	95.000000	0.00254508	95.000000	0.00254451	95.000000	0.00254248	95.000000	1.05355e-06	
100.000000	0.00212853	100.000000	0.00244822	100.000000	0.00245219	100.000000	0.0024494 	100.000000	0.00244894	100.000000	0.00244722	100.000000	1.00494e-06	
105.000000	0.00205265	105.000000	0.00236153	105.000000	0.00236501	105.000000	0.00236233	105.000000	0.00236197	105.000000	0.00236057	105.000000	9.60778e-07	
110.000000	0.0019832 	110.000000	0.00228232	110.000000	0.00228531	110.000000	0.00228276	110.000000	0.00228249	110.000000	0.0022814 	110.000000	9.20464e-07	
115.000000	0.00191937	115.000000	0.00220967	115.000000	0.00221238	115.000000	0.00220975	115.000000	0.00220955	115.000000	0.00220878	115.000000	8.83514e-07	
120.000000	0.00186049	120.000000	0.00214278	120.000000	0.0021452 	120.000000	0.0021425 	120.000000	0.00214238	120.000000	0.00214193	120.000000	8.49517e-07	
125.000000	0.00180598	125.000000	0.00208098	125.000000	0.00208293	125.000000	0.00208037	125.000000	0.00208031	125.000000	0.00208017	125.000000	8.18129e-07	
130.000000	0.00175537	130.000000	0.00202372	130.000000	0.00202527	130.000000	0.00202279	130.000000	0.00202278	130.000000	0.00202293	130.000000	7.89059e-07	
135.000000	0.00170825	135.000000	0.00197051	135.000000	0.00197186	135.000000	0.00196927	135.000000	0.00196931	135.000000	0.00196975	135.000000	7.62054e-07	
140.000000	0.00166425	140.000000	0.00192093	140.000000	0.00192199	140.000000	0.00191939	140.000000	0.00191948	140.000000	0.00192019	140.000000	7.36901e-07	
145.000000	0.00162307	145.000000	0.00187462	145.000000	0.0018753 	145.000000	0.0018728 	145.000000	0.00187293	145.000000	0.00187391	145.000000	7.13412e-07	
150.000000	0.00158443	150.000000	0.00183126	150.000000	0.00183162	150.000000	0.00182918	150.000000	0.00182934	150.000000	0.00183057	150.000000	6.91426e-07	
155.000000	0.00153004	155.000000	0.00179058	155.000000	0.0017906 	155.000000	0.00178825	155.000000	0.00178845	155.000000	0.00178991	155.000000	6.70802e-07	
160.000000	0.00149815	160.000000	0.00175234	160.000000	0.00175211	160.000000	0.00174977	160.000000	0.00175   	160.000000	0.00175169	160.000000	6.51415e-07	
165.000000	0.00146809	165.000000	0.00171632	165.000000	0.00171596	165.000000	0.00171353	165.000000	0.00171379	165.000000	0.00171569	165.000000	6.33156e-07	
170.000000	0.00143968	170.000000	0.00168234	170.000000	0.00168177	170.000000	0.00167934	170.000000	0.00167963	170.000000	0.00168172	170.000000	6.15928e-07	
175.000000	0.00141281	175.000000	0.00165022	175.000000	0.00164939	175.000000	0.00164703	175.000000	0.00164734	175.000000	0.00164962	175.000000	5.99646e-07	
180.000000	0.00138734	180.000000	0.00161982	180.000000	0.00161876	180.000000	0.00161645	180.000000	0.00161679	180.000000	0.00161923	180.000000	5.84232e-07	
185.000000	0.00136317	185.000000	0.001591  	185.000000	0.00158972	185.000000	0.00158746	185.000000	0.00158782	185.000000	0.00159043	185.000000	5.69618e-07	
190.000000	0.00134019	190.000000	0.00156364	190.000000	0.00156214	190.000000	0.00155995	190.000000	0.00156032	190.000000	0.00156308	190.000000	5.55742e-07	
195.000000	0.00131833	195.000000	0.00153763	195.000000	0.00153601	195.000000	0.0015338 	195.000000	0.00153419	195.000000	0.00153709	195.000000	5.4255e-07	
200.000000	0.0012975 	200.000000	0.00151288	200.000000	0.00151119	200.000000	0.00150892	200.000000	0.00150933	200.000000	0.00151235	200.000000	5.29992e-07	
210.000000	0.00125866	210.000000	0.00146679	210.000000	0.00146483	210.000000	0.0014626 	210.000000	0.00146304	210.000000	0.00146629	210.000000	5.06599e-07	
220.000000	0.00122315	220.000000	0.00142477	220.000000	0.00142253	220.000000	0.00142038	220.000000	0.00142084	220.000000	0.00142428	220.000000	4.85251e-07	
230.000000	0.00119057	230.000000	0.00138629	230.000000	0.0013838 	230.000000	0.00138173	230.000000	0.00138223	230.000000	0.00138582	230.000000	4.65688e-07	
240.000000	0.00116057	240.000000	0.00135092	240.000000	0.00134836	240.000000	0.00134624	240.000000	0.00134675	240.000000	0.00135047	240.000000	4.47692e-07	
250.000000	0.00113285	250.000000	0.00131831	250.000000	0.00131566	250.000000	0.00131353	250.000000	0.00131406	250.000000	0.00131788	250.000000	4.31081e-07	
260.000000	0.00110715	260.000000	0.00128815	260.000000	0.00128535	260.000000	0.00128329	260.000000	0.00128384	260.000000	0.00128773	260.000000	4.15699e-07	
270.000000	0.00108327	270.000000	0.00126017	270.000000	0.00125726	270.000000	0.00125526	270.000000	0.00125583	270.000000	0.00125977	270.000000	4.01413e-07	
280.000000	0.00106102	280.000000	0.00123414	280.000000	0.00123116	280.000000	0.00122921	280.000000	0.00122979	280.000000	0.00123376	280.000000	3.88108e-07	
290.000000	0.00104024	290.000000	0.00120988	290.000000	0.00120695	290.000000	0.00120494	290.000000	0.00120553	290.000000	0.00120951	290.000000	3.75686e-07	
300.000000	0.00102078	300.000000	0.00118721	300.000000	0.00118429	300.000000	0.00118227	300.000000	0.00118288	300.000000	0.00118685	300.000000	3.6406e-07	
310.000000	0.00100253	310.000000	0.00116599	310.000000	0.00116303	310.000000	0.00116107	310.000000	0.00116168	310.000000	0.00116563	310.000000	3.53156e-07	
320.000000	0.000985378	320.000000	0.00114607	320.000000	0.00114311	320.000000	0.00114118	320.000000	0.00114181	320.000000	0.00114573	320.000000	3.42908e-07	
330.000000	0.000969226	330.000000	0.00112735	330.000000	0.00112438	330.000000	0.00112251	330.000000	0.00112314	330.000000	0.00112701	330.000000	3.33257e-07	
340.000000	0.000953992	340.000000	0.00110972	340.000000	0.00110679	340.000000	0.00110494	340.000000	0.00110558	340.000000	0.00110939	340.000000	3.24153e-07	
350.000000	0.0009396 	350.000000	0.00109309	350.000000	0.00109028	350.000000	0.00108838	350.000000	0.00108902	350.000000	0.00109277	350.000000	3.15549e-07	
360.000000	0.000925985	360.000000	0.00107738	360.000000	0.00107467	360.000000	0.00107275	360.000000	0.0010734 	360.000000	0.00107708	360.000000	3.07405e-07	
370.000000	0.000913086	370.000000	0.00106253	370.000000	0.00105982	370.000000	0.00105794	370.000000	0.0010586 	370.000000	0.00106223	370.000000	2.99685e-07	
380.000000	0.000900848	380.000000	0.00104845	380.000000	0.00104577	380.000000	0.00104393	380.000000	0.00104459	380.000000	0.00104816	380.000000	2.92356e-07	
390.000000	0.000889225	390.000000	0.00103511	390.000000	0.00103246	390.000000	0.00103064	390.000000	0.00103131	390.000000	0.00103482	390.000000	2.85388e-07	
400.000000	0.000878171	400.000000	0.00102243	400.000000	0.00101982	400.000000	0.00101804	400.000000	0.00101871	400.000000	0.00102215	400.000000	2.78756e-07	
410.000000	0.000867647	410.000000	0.00101038	410.000000	0.00100783	410.000000	0.00100607	410.000000	0.00100674	410.000000	0.00101011	410.000000	2.72435e-07	
420.000000	0.000857618	420.000000	0.00099891	420.000000	0.000996472	420.000000	0.00099468	420.000000	0.000995359	420.000000	0.000998644	420.000000	2.66404e-07	
430.000000	0.00084805	430.000000	0.000987983	430.000000	0.000985663	430.000000	0.000983841	430.000000	0.000984524	430.000000	0.000987722	430.000000	2.60644e-07	
440.000000	0.000838913	440.000000	0.000977562	440.000000	0.000975327	440.000000	0.000973512	440.000000	0.000974198	440.000000	0.000977307	440.000000	2.55135e-07	
450.000000	0.000830181	450.000000	0.000967614	450.000000	0.000965445	450.000000	0.00096366	450.000000	0.000964349	450.000000	0.000967364	450.000000	2.49862e-07	
460.000000	0.000821827	460.000000	0.00095811	460.000000	0.000956015	460.000000	0.000954255	460.000000	0.000954947	460.000000	0.000957865	460.000000	2.44809e-07	
470.000000	0.00081383	470.000000	0.000949022	470.000000	0.000947011	470.000000	0.000945268	470.000000	0.000945963	470.000000	0.000948782	470.000000	2.39964e-07	
480.000000	0.000806167	480.000000	0.000940324	480.000000	0.000938394	480.000000	0.000936674	480.000000	0.000937372	480.000000	0.000940089	480.000000	2.35313e-07	
490.000000	0.00079882	490.000000	0.000931994	490.000000	0.000930144	490.000000	0.00092845	490.000000	0.000929149	490.000000	0.000931763	490.000000	2.30845e-07	
500.000000	0.000791771	500.000000	0.00092401	500.000000	0.000922256	500.000000	0.000920573	500.000000	0.000921275	500.000000	0.000923783	500.000000	2.26549e-07	
520.000000	0.000778498	520.000000	0.000909002	520.000000	0.000907506	520.000000	0.000905783	520.000000	0.000906489	520.000000	0.000908784	520.000000	2.18434e-07	
540.000000	0.000766232	540.000000	0.00089516	540.000000	0.000893888	540.000000	0.000892161	540.000000	0.00089287	540.000000	0.000894949	540.000000	2.10899e-07	
560.000000	0.000754869	560.000000	0.000882361	560.000000	0.00088127	560.000000	0.000879583	560.000000	0.000880295	560.000000	0.000882157	560.000000	2.03883e-07	
580.000000	0.000744321	580.000000	0.000870501	580.000000	0.000869603	580.000000	0.000867943	580.000000	0.000868657	580.000000	0.000870304	580.000000	1.97333e-07	
600.000000	0.00073451	600.000000	0.000859489	600.000000	0.000858774	600.000000	0.000857147	600.000000	0.000857864	600.000000	0.000859298	600.000000	1.91204e-07	
620.000000	0.000725368	620.000000	0.000849244	620.000000	0.000848722	620.000000	0.000847114	620.000000	0.000847833	620.000000	0.000849058	620.000000	1.85456e-07	
640.000000	0.000716837	640.000000	0.000839696	640.000000	0.000839409	640.000000	0.000837774	640.000000	0.000838495	640.000000	0.000839516	640.000000	1.80054e-07	
660.000000	0.000708863	660.000000	0.000830784	660.000000	0.000830721	660.000000	0.000829064	660.000000	0.000829787	660.000000	0.00083061	660.000000	1.74968e-07	
680.000000	0.0007014 	680.000000	0.000822454	680.000000	0.000822566	680.000000	0.000820928	680.000000	0.000821652	680.000000	0.000822283	680.000000	1.70171e-07	
700.000000	0.000694406	700.000000	0.000814655	700.000000	0.000814928	700.000000	0.000813317	700.000000	0.000814043	700.000000	0.00081449	700.000000	1.65637e-07	
720.000000	0.000687845	720.000000	0.000807346	720.000000	0.000807781	720.000000	0.000806188	720.000000	0.000806914	720.000000	0.000807185	720.000000	1.61347e-07	
740.000000	0.000681682	740.000000	0.000800487	740.000000	0.000801075	740.000000	0.0007995 	740.000000	0.000800227	740.000000	0.00080033	740.000000	1.5728e-07	
760.000000	0.000675889	760.000000	0.000794044	760.000000	0.000794771	760.000000	0.000793219	760.000000	0.000793948	760.000000	0.000793891	760.000000	1.5342e-07	
780.000000	0.000670439	780.000000	0.000787986	780.000000	0.000788854	780.000000	0.000787314	780.000000	0.000788044	780.000000	0.000787836	780.000000	1.49751e-07	
800.000000	0.000665307	800.000000	0.000782284	800.000000	0.000783306	800.000000	0.000781756	800.000000	0.000782486	800.000000	0.000782138	800.000000	1.46258e-07	
820.000000	0.00066047	820.000000	0.000776914	820.000000	0.000778091	820.000000	0.000776519	820.000000	0.00077725	820.000000	0.000776771	820.000000	1.4293e-07	
840.000000	0.00065591	840.000000	0.000771851	840.000000	0.000773164	840.000000	0.000771581	840.000000	0.000772312	840.000000	0.000771711	840.000000	1.39755e-07	
860.000000	0.000651608	860.000000	0.000767075	860.000000	0.000768495	860.000000	0.000766919	860.000000	0.00076765	860.000000	0.000766939	860.000000	1.36722e-07	
880.000000	0.000647548	880.000000	0.000762567	880.000000	0.000764073	880.000000	0.000762515	880.000000	0.000763247	880.000000	0.000762433	880.000000	1.33822e-07	
900.000000	0.000643713	900.000000	0.00075831	900.000000	0.000759892	900.000000	0.000758351	900.000000	0.000759084	900.000000	0.000758179	900.000000	1.31047e-07	
920.000000	0.000640091	920.000000	0.000754287	920.000000	0.000755939	920.000000	0.000754411	920.000000	0.000755144	920.000000	0.000754158	920.000000	1.28387e-07	
940.000000	0.000636669	940.000000	0.000750483	940.000000	0.000752199	940.000000	0.000750681	940.000000	0.000751414	940.000000	0.000750357	940.000000	1.25837e-07	
960.000000	0.000633434	960.000000	0.000746886	960.000000	0.000748656	960.000000	0.000747146	960.000000	0.00074788	960.000000	0.000746763	960.000000	1.2339e-07	
980.000000	0.000630376	980.000000	0.000743483	980.000000	0.000745297	980.000000	0.000743795	980.000000	0.000744529	980.000000	0.000743362	980.000000	1.21039e-07	
1000.000000	0.000627486	1000.000000	0.000740263	1000.000000	0.00074211	1000.000000	0.000740617	1000.000000	0.000741351	1000.000000	0.000740144	1000.000000	1.18778e-07	
1020.000000	0.000624753	1020.000000	0.000737215	1020.000000	0.000739083	1020.000000	0.0007376 	1020.000000	0.000738334	1020.000000	0.000737098	1020.000000	1.16604e-07	
1040.000000	0.000622169	1040.000000	0.000734329	1040.000000	0.000736206	1040.000000	0.000734735	1040.000000	0.00073547	1040.000000	0.000734215	1040.000000	1.1451e-07	
1060.000000	0.000619727	1060.000000	0.000731597	1060.000000	0.000733472	1060.000000	0.000732014	1060.000000	0.000732749	1060.000000	0.000731484	1060.000000	1.12492e-07	
1080.000000	0.000617418	1080.000000	0.000729009	1080.000000	0.000730875	1080.000000	0.000729427	1080.000000	0.000730162	1080.000000	0.000728899	1080.000000	1.10546e-07	
1100.000000	0.000615237	1100.000000	0.000726559	1100.000000	0.000728411	1100.000000	0.000726968	1100.000000	0.000727702	1100.000000	0.00072645	1100.000000	1.08668e-07	
1120.000000	0.000613176	1120.000000	0.000724239	1120.000000	0.000726074	1120.000000	0.000724628	1120.000000	0.000725363	1120.000000	0.000724132	1120.000000	1.06856e-07	
1140.000000	0.00061123	1140.000000	0.000722042	1140.000000	0.000723856	1140.000000	0.000722402	1140.000000	0.000723137	1140.000000	0.000721937	1140.000000	1.05104e-07	
1160.000000	0.000609393	1160.000000	0.000719963	1160.000000	0.000721748	1160.000000	0.000720283	1160.000000	0.000721018	1160.000000	0.000719859	1160.000000	1.03411e-07	
1180.000000	0.00060766	1180.000000	0.000717995	1180.000000	0.000719741	1180.000000	0.000718265	1180.000000	0.000719  	1180.000000	0.000717893	1180.000000	1.01774e-07	
1200.000000	0.000606026	1200.000000	0.000716132	1200.000000	0.000717825	1200.000000	0.000716344	1200.000000	0.000717079	1200.000000	0.000716032	1200.000000	1.00189e-07	
1220.000000	0.000604487	1220.000000	0.00071437	1220.000000	0.000715996	1220.000000	0.000714513	1220.000000	0.000715248	1220.000000	0.000714272	1220.000000	9.86537e-08	
1240.000000	0.000603038	1240.000000	0.000712704	1240.000000	0.000714248	1240.000000	0.000712769	1240.000000	0.000713505	1240.000000	0.000712607	1240.000000	9.71666e-08	
1260.000000	0.000601675	1260.000000	0.00071113	1260.000000	0.000712579	1260.000000	0.000711107	1260.000000	0.000711842	1260.000000	0.000711034	1260.000000	9.57252e-08	
1280.000000	0.000600395	1280.000000	0.000709643	1280.000000	0.000710987	1280.000000	0.000709523	1280.000000	0.000710258	1280.000000	0.000709548	1280.000000	9.43271e-08	
1300.000000	0.000599194	1300.000000	0.000708239	1300.000000	0.000709468	1300.000000	0.000708012	1300.000000	0.000708748	1300.000000	0.000708146	1300.000000	9.29707e-08	
1320.000000	0.000598069	1320.000000	0.000706914	1320.000000	0.000708021	1320.000000	0.000706572	1320.000000	0.000707308	1320.000000	0.000706823	1320.000000	9.16539e-08	
1340.000000	0.000597015	1340.000000	0.000705666	1340.000000	0.000706642	1340.000000	0.000705199	1340.000000	0.000705935	1340.000000	0.000705576	1340.000000	9.0375e-08	
1360.000000	0.000596032	1360.000000	0.00070449	1360.000000	0.000705328	1360.000000	0.00070389	1360.000000	0.000704625	1360.000000	0.000704401	1360.000000	8.91325e-08	
1380.000000	0.000595115	1380.000000	0.000703384	1380.000000	0.000704075	1380.000000	0.000702642	1380.000000	0.000703377	1380.000000	0.000703296	1380.000000	8.79247e-08	
1400.000000	0.000594262	1400.000000	0.000702345	1400.000000	0.000702881	1400.000000	0.000701451	1400.000000	0.000702186	1400.000000	0.000702258	1400.000000	8.67502e-08	
1420.000000	0.000593471	1420.000000	0.00070137	1420.000000	0.000701741	1420.000000	0.000700316	1420.000000	0.000701051	1420.000000	0.000701284	1420.000000	8.56077e-08	
1440.000000	0.000592739	1440.000000	0.000700455	1440.000000	0.000700653	1440.000000	0.000699233	1440.000000	0.000699968	1440.000000	0.000700371	1440.000000	8.44959e-08	
1460.000000	0.000592064	1460.000000	0.0006996 	1460.000000	0.000699615	1460.000000	0.000698201	1460.000000	0.000698936	1460.000000	0.000699517	1460.000000	8.34134e-08	
1480.000000	0.000591444	1480.000000	0.000698801	1480.000000	0.000698625	1480.000000	0.000697217	1480.000000	0.000697952	1480.000000	0.000698719	1480.000000	8.23592e-08	
1500.000000	0.000590876	1500.000000	0.000698057	1500.000000	0.000697681	1500.000000	0.000696279	1500.000000	0.000697014	1500.000000	0.000697975	1500.000000	8.13321e-08	
1520.000000	0.000590359	1520.000000	0.000697364	1520.000000	0.000696782	1520.000000	0.000695384	1520.000000	0.000696119	1520.000000	0.000697284	1520.000000	8.03312e-08	
1540.000000	0.000589892	1540.000000	0.000696722	1540.000000	0.000695925	1540.000000	0.000694532	1540.000000	0.000695267	1540.000000	0.000696642	1540.000000	7.93553e-08	
1560.000000	0.000589471	1560.000000	0.000696127	1560.000000	0.00069511	1560.000000	0.00069372	1560.000000	0.000694455	1560.000000	0.000696049	1560.000000	7.84036e-08	
1580.000000	0.000589097	1580.000000	0.00069558	1580.000000	0.000694335	1580.000000	0.000692947	1580.000000	0.000693682	1580.000000	0.000695502	1580.000000	7.74752e-08	
1600.000000	0.000588766	1600.000000	0.000695076	1600.000000	0.000693599	1600.000000	0.000692211	1600.000000	0.000692945	1600.000000	0.000695  	1600.000000	7.65692e-08	
1620.000000	0.000588478	1620.000000	0.000694616	1620.000000	0.0006929 	1620.000000	0.00069151	1620.000000	0.000692244	1620.000000	0.000694541	1620.000000	7.56848e-08	
1640.000000	0.000588231	1640.000000	0.000694198	1640.000000	0.000692236	1640.000000	0.000690842	1640.000000	0.000691577	1640.000000	0.000694123	1640.000000	7.48212e-08	
1660.000000	0.000588024	1660.000000	0.000693819	1660.000000	0.000691606	1660.000000	0.000690208	1660.000000	0.000690942	1660.000000	0.000693745	1660.000000	7.39777e-08	
1680.000000	0.000587855	1680.000000	0.000693479	1680.000000	0.000691007	1680.000000	0.000689604	1680.000000	0.000690339	1680.000000	0.000693406	1680.000000	7.31536e-08	
1700.000000	0.000587724	1700.000000	0.000693176	1700.000000	0.000690438	1700.000000	0.000689031	1700.000000	0.000689765	1700.000000	0.000693104	1700.000000	7.23483e-08	
1750.000000	0.000587551	1750.000000	0.000692574	1750.000000	0.000689139	1750.000000	0.00068772	1750.000000	0.000688455	1750.000000	0.000692504	1750.000000	7.04127e-08	
1800.000000	0.000587586	1800.000000	0.000692178	1800.000000	0.000687997	1800.000000	0.000686573	1800.000000	0.000687307	1800.000000	0.000692109	1800.000000	6.85811e-08	
1850.000000	0.000587814	1850.000000	0.000691972	1850.000000	0.000686995	1850.000000	0.000685573	1850.000000	0.000686306	1850.000000	0.000691905	1850.000000	6.68451e-08	
1900.000000	0.000588222	1900.000000	0.00069194	1900.000000	0.000686123	1900.000000	0.000684706	1900.000000	0.00068544	1900.000000	0.000691875	1900.000000	6.51975e-08	
1950.000000	0.000588797	1950.000000	0.00069207	1950.000000	0.000685371	1950.000000	0.000683961	1950.000000	0.000684695	1950.000000	0.000692007	1950.000000	6.36316e-08	
2000.000000	0.000589527	2000.000000	0.00069235	2000.000000	0.000684729	2000.000000	0.000683328	2000.000000	0.000684061	2000.000000	0.000692288	2000.000000	6.21413e-08	
2100.000000	0.000591415	2100.000000	0.000693315	2100.000000	0.000683743	2100.000000	0.000682355	2100.000000	0.000683088	2100.000000	0.000693255	2100.000000	5.93667e-08	
2200.000000	0.000593815	2200.000000	0.000694759	2200.000000	0.000683101	2200.000000	0.000681722	2200.000000	0.000682454	2200.000000	0.000694702	2200.000000	5.68361e-08	
2300.000000	0.000596667	2300.000000	0.00069662	2300.000000	0.000682745	2300.000000	0.000681373	2300.000000	0.000682105	2300.000000	0.000696565	2300.000000	5.45184e-08	
2400.000000	0.000599924	2400.000000	0.000698846	2400.000000	0.000682629	2400.000000	0.000681264	2400.000000	0.000681996	2400.000000	0.000698793	2400.000000	5.23877e-08	
2500.000000	0.000603541	2500.000000	0.000701392	2500.000000	0.000682714	2500.000000	0.000681358	2500.000000	0.00068209	2500.000000	0.000701342	2500.000000	5.04218e-08	
2600.000000	0.000607485	2600.000000	0.000704223	2600.000000	0.000682973	2600.000000	0.000681625	2600.000000	0.000682356	2600.000000	0.000704174	2600.000000	4.86023e-08	
2700.000000	0.000611725	2700.000000	0.000707304	2700.000000	0.000683381	2700.000000	0.000682039	2700.000000	0.00068277	2700.000000	0.000707257	2700.000000	4.69132e-08	
2800.000000	0.000616233	2800.000000	0.00071061	2800.000000	0.000683916	2800.000000	0.000682578	2800.000000	0.000683308	2800.000000	0.000710565	2800.000000	4.53409e-08	
2900.000000	0.000620988	2900.000000	0.000714117	2900.000000	0.000684561	2900.000000	0.000683224	2900.000000	0.000683954	2900.000000	0.000714073	2900.000000	4.38735e-08	
3000.000000	0.000625968	3000.000000	0.000717804	3000.000000	0.0006853 	3000.000000	0.000683961	3000.000000	0.00068469	3000.000000	0.000717762	3000.000000	4.25008e-08	
3200.000000	0.000636541	3200.000000	0.000725651	3200.000000	0.000687004	3200.000000	0.000685658	3200.000000	0.000686387	3200.000000	0.000725611	3200.000000	4.00046e-08	
3400.000000	0.000647836	3400.000000	0.000734031	3400.000000	0.000688937	3400.000000	0.000687585	3400.000000	0.000688312	3400.000000	0.000733993	3400.000000	3.7793e-08	
3600.000000	0.00065976	3600.000000	0.000742854	3600.000000	0.000691034	3600.000000	0.000689677	3600.000000	0.000690404	3600.000000	0.000742818	3600.000000	3.58195e-08	
3800.000000	0.000672243	3800.000000	0.000752046	3800.000000	0.000693246	3800.000000	0.000691888	3800.000000	0.000692615	3800.000000	0.000752012	3800.000000	3.40472e-08	
4000.000000	0.000685224	4000.000000	0.00076155	4000.000000	0.000695538	4000.000000	0.000694183	4000.000000	0.000694908	4000.000000	0.000761518	4000.000000	3.24467e-08	
4200.000000	0.000698657	4200.000000	0.000771319	4200.000000	0.000697885	4200.000000	0.000696533	4200.000000	0.000697257	4200.000000	0.000771288	4200.000000	3.09938e-08	
4400.000000	0.000712502	4400.000000	0.000781315	4400.000000	0.000700266	4400.000000	0.000698917	4400.000000	0.000699641	4400.000000	0.000781285	4400.000000	2.9669e-08	
4600.000000	0.000726726	4600.000000	0.000791504	4600.000000	0.000702665	4600.000000	0.00070132	4600.000000	0.000702043	4600.000000	0.000791476	4600.000000	2.84558e-08	
4800.000000	0.000741302	4800.000000	0.000801863	4800.000000	0.000705071	4800.000000	0.000703729	4800.000000	0.000704451	4800.000000	0.000801835	4800.000000	2.73405e-08	
5000.000000	0.000756207	5000.000000	0.000812367	5000.000000	0.000707473	5000.000000	0.000706135	5000.000000	0.000706856	5000.000000	0.000812341	5000.000000	2.63117e-08	
5250.000000	0.000775271	5250.000000	0.000825675	5250.000000	0.00071046	5250.000000	0.000709125	5250.000000	0.000709845	5250.000000	0.00082565	5250.000000	2.51326e-08	
5500.000000	0.000794784	5500.000000	0.000839152	5500.000000	0.000713419	5500.000000	0.000712087	5500.000000	0.000712806	5500.000000	0.000839128	5500.000000	2.40574e-08	
6000.000000	0.00083506	6000.000000	0.000866517	6000.000000	0.000719224	6000.000000	0.000717897	6000.000000	0.000718613	6000.000000	0.000866495	6000.000000	2.21677e-08	
6500.000000	0.000876865	6500.000000	0.000894309	6500.000000	0.00072485	6500.000000	0.000723525	6500.000000	0.000724239	6500.000000	0.000894289	6500.000000	2.05603e-08	
7000.000000	0.000920079	7000.000000	0.000922419	7000.000000	0.000730277	7000.000000	0.000728955	7000.000000	0.000729667	7000.000000	0.0009224 	7000.000000	1.91758e-08	
7500.000000	0.000964611	7500.000000	0.000950769	7500.000000	0.000735502	7500.000000	0.000734183	7500.000000	0.000734892	7500.000000	0.000950751	7500.000000	1.79704e-08	
8000.000000	0.0010104 	8000.000000	0.000979299	8000.000000	0.000740533	8000.000000	0.00073921	8000.000000	0.000739916	8000.000000	0.000979282	8000.000000	1.69114e-08	
8500.000000	0.00105738	8500.000000	0.00100797	8500.000000	0.000745356	8500.000000	0.000744043	8500.000000	0.000744746	8500.000000	0.00100795	8500.000000	1.59732e-08	
9000.000000	0.00110552	9000.000000	0.00103674	9000.000000	0.000749978	9000.000000	0.000748691	9000.000000	0.00074939	9000.000000	0.00103672	9000.000000	1.51362e-08	
9500.000000	0.00115479	9500.000000	0.00106559	9500.000000	0.00075443	9500.000000	0.000753162	9500.000000	0.000753858	9500.000000	0.00106557	9500.000000	1.43848e-08	
10000.000000	0.00120516	10000.000000	0.00109449	10000.000000	0.000758727	10000.000000	0.000757466	10000.000000	0.000758158	10000.000000	0.00109448	10000.000000	1.37063e-08	
11000.000000	0.00130912	11000.000000	0.00115242	11000.000000	0.000766874	11000.000000	0.000765609	11000.000000	0.000766295	11000.000000	0.00115241	11000.000000	1.25291e-08	
12000.000000	0.0014173 	12000.000000	0.00121043	12000.000000	0.000774462	12000.000000	0.000773194	12000.000000	0.000773871	12000.000000	0.00121042	12000.000000	1.15425e-08	
13000.000000	0.00152959	13000.000000	0.00126845	13000.000000	0.000781544	13000.000000	0.000780281	13000.000000	0.000780949	13000.000000	0.00126844	13000.000000	1.07035e-08	
14000.000000	0.00164596	14000.000000	0.00132646	14000.000000	0.000788176	14000.000000	0.000786928	14000.000000	0.000787586	14000.000000	0.00132645	14000.000000	9.98104e-09	
15000.000000	0.00176636	15000.000000	0.00138442	15000.000000	0.00079441	15000.000000	0.00079318	15000.000000	0.000793829	15000.000000	0.00138441	15000.000000	9.35216e-09	
16000.000000	0.00189078	16000.000000	0.00144231	16000.000000	0.000800293	16000.000000	0.000799081	16000.000000	0.000799718	16000.000000	0.0014423 	16000.000000	8.79968e-09	
17000.000000	0.00201919	17000.000000	0.00150012	17000.000000	0.000805863	17000.000000	0.000804664	17000.000000	0.00080529	17000.000000	0.00150012	17000.000000	8.31037e-09	
18000.000000	0.00215159	18000.000000	0.00155786	18000.000000	0.000811151	18000.000000	0.000809961	18000.000000	0.000810575	18000.000000	0.00155785	18000.000000	7.8739e-09	
19000.000000	0.00228798	19000.000000	0.0016155 	19000.000000	0.000816182	19000.000000	0.000814999	19000.000000	0.0008156 	19000.000000	0.00161549	19000.000000	7.48208e-09	
20000.000000	0.00242836	20000.000000	0.00167304	20000.000000	0.00082098	20000.000000	0.0008198 	20000.000000	0.000820388	20000.000000	0.00167304	20000.000000	7.12834e-09	
21000.000000	0.00257274	21000.000000	0.0017305 	21000.000000	0.000825566	21000.000000	0.000824386	21000.000000	0.00082496	21000.000000	0.00173049	21000.000000	6.80735e-09	
22000.000000	0.00272112	22000.000000	0.00178786	22000.000000	0.000829951	22000.000000	0.000828774	22000.000000	0.000829333	22000.000000	0.00178785	22000.000000	6.51471e-09	
23000.000000	0.00287352	23000.000000	0.00184512	23000.000000	0.000834122	23000.000000	0.00083298	23000.000000	0.000833524	23000.000000	0.00184511	23000.000000	6.24681e-09	
24000.000000	0.00302995	24000.000000	0.00190229	24000.000000	0.000838128	24000.000000	0.000837018	24000.000000	0.000837546	24000.000000	0.00190229	24000.000000	6.00061e-09	
25000.000000	0.00319042	25000.000000	0.00195937	25000.000000	0.000842012	25000.000000	0.0008409 	25000.000000	0.000841412	25000.000000	0.00195936	25000.000000	5.77355e-09	
26000.000000	0.00335494	26000.000000	0.00201636	26000.000000	0.000845749	26000.000000	0.000844639	26000.000000	0.000845134	26000.000000	0.00201635	26000.000000	5.56347e-09	
27000.000000	0.00352354	27000.000000	0.00207325	27000.000000	0.000849331	27000.000000	0.000848244	27000.000000	0.000848721	27000.000000	0.00207325	27000.000000	5.36851e-09	
28000.000000	0.00369623	28000.000000	0.00213006	28000.000000	0.00085278	28000.000000	0.000851724	28000.000000	0.000852182	28000.000000	0.00213006	28000.000000	5.1871e-09	
29000.000000	0.00387302	29000.000000	0.00218678	29000.000000	0.000856118	29000.000000	0.000855088	29000.000000	0.000855527	29000.000000	0.00218678	29000.000000	5.01784e-09	
30000.000000	0.00405394	30000.000000	0.00224342	30000.000000	0.000859353	30000.000000	0.000858342	30000.000000	0.000858761	30000.000000	0.00224342	30000.000000	4.85955e-09	
32000.000000	0.00442822	32000.000000	0.00235645	32000.000000	0.000865522	32000.000000	0.000864549	32000.000000	0.000864927	32000.000000	0.00235645	32000.000000	4.57184e-09	
34000.000000	0.00481924	34000.000000	0.00246916	34000.000000	0.000871316	34000.000000	0.000870392	34000.000000	0.000870726	34000.000000	0.00246916	34000.000000	4.31707e-09	
36000.000000	0.00522715	36000.000000	0.00258157	36000.000000	0.000876785	36000.000000	0.000875913	36000.000000	0.0008762 	36000.000000	0.00258157	36000.000000	4.08984e-09	
38000.000000	0.00565213	38000.000000	0.00269369	38000.000000	0.00088197	38000.000000	0.000881143	38000.000000	0.000881381	38000.000000	0.00269369	38000.000000	3.88589e-09	
40000.000000	0.00609435	40000.000000	0.00280553	40000.000000	0.000886895	40000.000000	0.000886112	40000.000000	0.000886298	40000.000000	0.00280553	40000.000000	3.70177e-09	
42000.000000	0.00655398	42000.000000	0.00291711	42000.000000	0.00089158	42000.000000	0.000890844	42000.000000	0.000890976	42000.000000	0.00291711	42000.000000	3.53472e-09	
44000.000000	0.0070312 	44000.000000	0.00302843	44000.000000	0.000896046	44000.000000	0.00089536	44000.000000	0.000895437	44000.000000	0.00302843	44000.000000	3.38245e-09	
46000.000000	0.00752621	46000.000000	0.00313951	46000.000000	0.00090031	46000.000000	0.00089968	46000.000000	0.000899696	46000.000000	0.00313951	46000.000000	3.24306e-09	
48000.000000	0.00803918	48000.000000	0.00325035	48000.000000	0.00090439	48000.000000	0.000903819	48000.000000	0.000903775	48000.000000	0.00325035	48000.000000	3.11497e-09	
50000.000000	0.0085703 	50000.000000	0.00336097	50000.000000	0.0009083 	50000.000000	0.000907792	50000.000000	0.000907683	50000.000000	0.00336097	50000.000000	2.99686e-09	
