*Energy (MeV/u)1	0 - [He-base] F.Hubert et al, AD&ND Tables 46(1990)1	Energy (MeV/u)2	1 - [H -base] J.F.Ziegler et al, Pergamon Press, NY (low energy)	Energy (MeV/u)3	2 - ATIMA 1.2  LS-theory (recommended for high energy)	Energy (MeV/u)4	3 - ATIMA 1.2  without LS-correction	Energy (MeV/u)5	4 - electrical component of [1] - J.F.Ziegler et al	Energy (MeV/u)6	5 - nuclear component of [1] - J.F.Ziegler et al	
0.001000	1.59077e-06	0.001000	1.91907e-06	0.001000	2.38495e-06	0.001000	2.38495e-06	0.001000	1.01242e-06	0.001000	9.06657e-07	
0.002000	2.03267e-06	0.002000	2.23253e-06	0.002000	2.82488e-06	0.002000	2.82488e-06	0.002000	1.63467e-06	0.002000	5.97854e-07	
0.005000	3.1448e-06	0.005000	3.23878e-06	0.005000	3.94901e-06	0.005000	3.94901e-06	0.005000	2.92183e-06	0.005000	3.16943e-07	
0.008000	3.97832e-06	0.008000	4.04261e-06	0.008000	4.75283e-06	0.008000	4.75283e-06	0.008000	3.81827e-06	0.008000	2.24342e-07	
0.010000	4.43813e-06	0.010000	4.49074e-06	0.010000	5.17822e-06	0.010000	5.17822e-06	0.010000	4.3013e-06	0.010000	1.89445e-07	
0.015000	5.66246e-06	0.015000	5.68141e-06	0.015000	6.01914e-06	0.015000	6.01914e-06	0.015000	5.54303e-06	0.015000	1.38375e-07	
0.020000	6.68674e-06	0.020000	6.52457e-06	0.020000	6.67478e-06	0.020000	6.67478e-06	0.020000	6.41436e-06	0.020000	1.10209e-07	
0.025000	7.5601e-06	0.025000	7.25595e-06	0.025000	7.22694e-06	0.025000	7.22694e-06	0.025000	7.16379e-06	0.025000	9.21555e-08	
0.030000	8.30882e-06	0.030000	8.00496e-06	0.030000	7.84224e-06	0.030000	7.84224e-06	0.030000	7.92545e-06	0.030000	7.95119e-08	
0.035000	8.94874e-06	0.035000	8.7683e-06	0.035000	8.39615e-06	0.035000	8.39615e-06	0.035000	8.69818e-06	0.035000	7.01211e-08	
0.040000	9.49085e-06	0.040000	9.51435e-06	0.040000	8.90215e-06	0.040000	8.90215e-06	0.040000	9.45151e-06	0.040000	6.28477e-08	
0.045000	9.94393e-06	0.045000	1.02197e-05	0.045000	9.369e-06 	0.045000	9.369e-06 	0.045000	1.01627e-05	0.045000	5.70342e-08	
0.050000	1.03159e-05	0.050000	1.0872e-05	0.050000	9.80256e-06	0.050000	9.80256e-06	0.050000	1.08197e-05	0.050000	5.22724e-08	
0.055000	1.06143e-05	0.055000	1.14663e-05	0.055000	1.02069e-05	0.055000	1.02069e-05	0.055000	1.1418e-05	0.055000	4.82947e-08	
0.060000	1.08468e-05	0.060000	1.20022e-05	0.060000	1.05849e-05	0.060000	1.05849e-05	0.060000	1.19573e-05	0.060000	4.49181e-08	
0.070000	1.11442e-05	0.070000	1.29089e-05	0.070000	1.127e-05 	0.070000	1.127e-05 	0.070000	1.28694e-05	0.070000	3.94853e-08	
0.080000	1.12659e-05	0.080000	1.36205e-05	0.080000	1.18695e-05	0.080000	1.18695e-05	0.080000	1.35852e-05	0.080000	3.52955e-08	
0.090000	1.12629e-05	0.090000	1.41692e-05	0.090000	1.23907e-05	0.090000	1.23907e-05	0.090000	1.41372e-05	0.090000	3.19585e-08	
0.100000	1.11772e-05	0.100000	1.45847e-05	0.100000	1.28393e-05	0.100000	1.28393e-05	0.100000	1.45555e-05	0.100000	2.92335e-08	
0.120000	1.08767e-05	0.120000	1.51114e-05	0.120000	1.35385e-05	0.120000	1.35385e-05	0.120000	1.50863e-05	0.120000	2.50402e-08	
0.140000	1.05217e-05	0.140000	1.53496e-05	0.140000	1.40044e-05	0.140000	1.40044e-05	0.140000	1.53276e-05	0.140000	2.1955e-08	
0.160000	1.01795e-05	0.160000	1.53962e-05	0.160000	1.42743e-05	0.160000	1.42743e-05	0.160000	1.53766e-05	0.160000	1.95836e-08	
0.180000	9.87103e-06	0.180000	1.53142e-05	0.180000	1.43843e-05	0.180000	1.43843e-05	0.180000	1.52965e-05	0.180000	1.77e-08  	
0.200000	9.59798e-06	0.200000	1.51454e-05	0.200000	1.43678e-05	0.200000	1.43678e-05	0.200000	1.51293e-05	0.200000	1.61654e-08	
0.250000	9.03434e-06	0.250000	1.451e-05 	0.250000	1.39548e-05	0.250000	1.39548e-05	0.250000	1.44967e-05	0.250000	1.33312e-08	
0.300000	8.57403e-06	0.300000	1.37451e-05	0.300000	1.32616e-05	0.300000	1.32616e-05	0.300000	1.37337e-05	0.300000	1.13809e-08	
0.350000	8.16823e-06	0.350000	1.29617e-05	0.350000	1.24815e-05	0.350000	1.24815e-05	0.350000	1.29517e-05	0.350000	9.95183e-09	
0.400000	7.79655e-06	0.400000	1.22088e-05	0.400000	1.1711e-05	0.400000	1.1711e-05	0.400000	1.22e-05  	0.400000	8.85702e-09	
0.450000	7.45138e-06	0.450000	1.15068e-05	0.450000	1.09922e-05	0.450000	1.09922e-05	0.450000	1.14988e-05	0.450000	7.98987e-09	
0.500000	7.12981e-06	0.500000	1.08621e-05	0.500000	1.03395e-05	0.500000	1.03395e-05	0.500000	1.08548e-05	0.500000	7.28504e-09	
0.600000	6.55198e-06	0.600000	9.74069e-06	0.600000	9.2301e-06	0.600000	9.2301e-06	0.600000	9.73448e-06	0.600000	6.20665e-09	
0.700000	6.05308e-06	0.700000	8.8158e-06	0.700000	8.34281e-06	0.700000	8.34281e-06	0.700000	8.81038e-06	0.700000	5.41839e-09	
0.800000	5.62237e-06	0.800000	8.04925e-06	0.800000	7.62501e-06	0.800000	7.62501e-06	0.800000	8.04443e-06	0.800000	4.81568e-09	
0.900000	5.24901e-06	0.900000	7.4075e-06	0.900000	7.03416e-06	0.900000	7.03416e-06	0.900000	7.40316e-06	0.900000	4.33908e-09	
1.000000	4.92335e-06	1.000000	6.86396e-06	1.000000	6.53913e-06	1.000000	6.53913e-06	1.000000	6.86001e-06	1.000000	3.95225e-09	
1.250000	4.26801e-06	1.250000	5.81279e-06	1.250000	5.58923e-06	1.250000	5.58923e-06	1.250000	5.80955e-06	1.250000	3.24157e-09	
1.500000	3.77317e-06	1.500000	5.05377e-06	1.500000	4.90311e-06	1.500000	4.90311e-06	1.500000	5.05102e-06	1.500000	2.75562e-09	
1.750000	3.38561e-06	1.750000	4.47838e-06	1.750000	4.37907e-06	1.750000	4.37907e-06	1.750000	4.47598e-06	1.750000	2.40132e-09	
2.000000	3.07327e-06	2.000000	4.02596e-06	2.000000	3.96303e-06	2.000000	3.96303e-06	2.000000	4.02383e-06	2.000000	2.13099e-09	
2.250000	2.81583e-06	2.250000	3.66022e-06	2.250000	3.62333e-06	2.250000	3.62333e-06	2.250000	3.6583e-06	2.250000	1.91761e-09	
2.500000	2.55624e-06	2.500000	3.35803e-06	2.500000	3.34004e-06	2.500000	3.34004e-06	2.500000	3.35628e-06	2.500000	1.74468e-09	
3.000000	2.23121e-06	3.000000	2.88719e-06	3.000000	2.89335e-06	3.000000	2.89335e-06	3.000000	2.88571e-06	3.000000	1.48105e-09	
3.500000	1.98483e-06	3.500000	2.53676e-06	3.500000	2.55632e-06	3.500000	2.55632e-06	3.500000	2.53547e-06	3.500000	1.28916e-09	
4.000000	1.79105e-06	4.000000	2.26549e-06	4.000000	2.29259e-06	4.000000	2.29259e-06	4.000000	2.26435e-06	4.000000	1.14293e-09	
4.500000	1.63432e-06	4.500000	2.0491e-06	4.500000	2.08038e-06	4.500000	2.08038e-06	4.500000	2.04807e-06	4.500000	1.02763e-09	
5.000000	1.50473e-06	5.000000	1.87232e-06	5.000000	1.9058e-06	5.000000	1.9058e-06	5.000000	1.87139e-06	5.000000	9.34285e-10	
5.500000	1.39564e-06	5.500000	1.7251e-06	5.500000	1.75956e-06	5.500000	1.75956e-06	5.500000	1.72424e-06	5.500000	8.57093e-10	
6.000000	1.30245e-06	6.000000	1.60049e-06	6.000000	1.63519e-06	6.000000	1.63519e-06	6.000000	1.5997e-06	6.000000	7.92149e-10	
6.500000	1.22185e-06	6.500000	1.49359e-06	6.500000	1.52806e-06	6.500000	1.52806e-06	6.500000	1.49286e-06	6.500000	7.36717e-10	
7.000000	1.15139e-06	7.000000	1.40083e-06	7.000000	1.43476e-06	7.000000	1.43476e-06	7.000000	1.40014e-06	7.000000	6.88825e-10	
7.500000	1.08925e-06	7.500000	1.31951e-06	7.500000	1.35274e-06	7.500000	1.35274e-06	7.500000	1.31887e-06	7.500000	6.47014e-10	
8.000000	1.034e-06 	8.000000	1.24762e-06	8.000000	1.28003e-06	8.000000	1.28003e-06	8.000000	1.24701e-06	8.000000	6.1018e-10	
8.500000	9.84525e-07	8.500000	1.18357e-06	8.500000	1.21511e-06	8.500000	1.21511e-06	8.500000	1.18299e-06	8.500000	5.77474e-10	
9.000000	9.39956e-07	9.000000	1.12612e-06	9.000000	1.15676e-06	9.000000	1.15676e-06	9.000000	1.12558e-06	9.000000	5.4823e-10	
9.500000	8.9958e-07	9.500000	1.07429e-06	9.500000	1.10402e-06	9.500000	1.10402e-06	9.500000	1.07377e-06	9.500000	5.21919e-10	
10.000000	8.62821e-07	10.000000	9.9619e-07	10.000000	1.0561e-06	10.000000	1.0561e-06	10.000000	9.95692e-07	10.000000	4.98115e-10	
11.000000	7.98335e-07	11.000000	9.25959e-07	11.000000	9.71313e-07	11.000000	9.71364e-07	11.000000	9.25502e-07	11.000000	4.56704e-10	
12.000000	7.43571e-07	12.000000	8.65603e-07	12.000000	8.99898e-07	12.000000	8.99983e-07	12.000000	8.65182e-07	12.000000	4.21885e-10	
13.000000	6.96447e-07	13.000000	8.1316e-07	13.000000	8.38955e-07	13.000000	8.3905e-07	13.000000	8.12768e-07	13.000000	3.92184e-10	
14.000000	6.55443e-07	14.000000	7.67154e-07	14.000000	7.86354e-07	14.000000	7.86444e-07	14.000000	7.66787e-07	14.000000	3.66536e-10	
15.000000	6.19419e-07	15.000000	7.26455e-07	15.000000	7.40498e-07	15.000000	7.40587e-07	15.000000	7.26111e-07	15.000000	3.44156e-10	
16.000000	5.87503e-07	16.000000	6.90184e-07	16.000000	7.00191e-07	16.000000	7.00278e-07	16.000000	6.8986e-07	16.000000	3.24448e-10	
17.000000	5.59019e-07	17.000000	6.57647e-07	17.000000	6.64511e-07	17.000000	6.64586e-07	17.000000	6.5734e-07	17.000000	3.06957e-10	
18.000000	5.33432e-07	18.000000	6.28288e-07	18.000000	6.32723e-07	18.000000	6.3278e-07	18.000000	6.27997e-07	18.000000	2.91322e-10	
19.000000	5.10313e-07	19.000000	6.01658e-07	19.000000	6.04234e-07	19.000000	6.04276e-07	19.000000	6.01381e-07	19.000000	2.77261e-10	
20.000000	4.89315e-07	20.000000	5.77387e-07	20.000000	5.78559e-07	20.000000	5.786e-07 	20.000000	5.77122e-07	20.000000	2.64544e-10	
21.000000	4.70154e-07	21.000000	5.55171e-07	21.000000	5.55323e-07	21.000000	5.55368e-07	21.000000	5.54918e-07	21.000000	2.52985e-10	
22.000000	4.52595e-07	22.000000	5.34756e-07	22.000000	5.34228e-07	22.000000	5.34262e-07	22.000000	5.34514e-07	22.000000	2.42431e-10	
23.000000	4.36441e-07	23.000000	5.15929e-07	23.000000	5.15006e-07	23.000000	5.15016e-07	23.000000	5.15697e-07	23.000000	2.32754e-10	
24.000000	4.21527e-07	24.000000	4.98509e-07	24.000000	4.97422e-07	24.000000	4.97409e-07	24.000000	4.98285e-07	24.000000	2.23848e-10	
25.000000	4.07712e-07	25.000000	4.82341e-07	25.000000	4.81286e-07	25.000000	4.8125e-07	25.000000	4.82126e-07	25.000000	2.15624e-10	
27.000000	3.82921e-07	27.000000	4.53253e-07	27.000000	4.52755e-07	27.000000	4.52665e-07	27.000000	4.53052e-07	27.000000	2.00925e-10	
29.000000	3.61297e-07	29.000000	4.27805e-07	29.000000	4.28341e-07	29.000000	4.28229e-07	29.000000	4.27616e-07	29.000000	1.8817e-10	
31.000000	3.42258e-07	31.000000	4.05346e-07	31.000000	4.06356e-07	31.000000	4.06238e-07	31.000000	4.05169e-07	31.000000	1.76991e-10	
33.000000	3.2536e-07	33.000000	3.85372e-07	33.000000	3.86101e-07	33.000000	3.85947e-07	33.000000	3.85205e-07	33.000000	1.67111e-10	
35.000000	3.10255e-07	35.000000	3.67487e-07	35.000000	3.67956e-07	35.000000	3.67809e-07	35.000000	3.67328e-07	35.000000	1.58313e-10	
38.000000	2.90368e-07	38.000000	3.43902e-07	38.000000	3.44105e-07	38.000000	3.43935e-07	38.000000	3.43756e-07	38.000000	1.46781e-10	
41.000000	2.7319e-07	41.000000	3.23499e-07	41.000000	3.23492e-07	41.000000	3.23318e-07	41.000000	3.23362e-07	41.000000	1.36869e-10	
44.000000	2.58194e-07	44.000000	3.05667e-07	44.000000	3.05479e-07	44.000000	3.05325e-07	44.000000	3.05539e-07	44.000000	1.28255e-10	
47.000000	2.4498e-07	47.000000	2.89942e-07	47.000000	2.89652e-07	47.000000	2.89477e-07	47.000000	2.89822e-07	47.000000	1.20695e-10	
50.000000	2.33244e-07	50.000000	2.75968e-07	50.000000	2.75585e-07	50.000000	2.75409e-07	50.000000	2.75854e-07	50.000000	1.14006e-10	
55.000000	2.16339e-07	55.000000	2.55833e-07	55.000000	2.55351e-07	55.000000	2.55159e-07	55.000000	2.55729e-07	55.000000	1.04417e-10	
60.000000	2.02066e-07	60.000000	2.38832e-07	60.000000	2.38256e-07	60.000000	2.38079e-07	60.000000	2.38736e-07	60.000000	9.63632e-11	
65.000000	1.89843e-07	65.000000	2.24279e-07	65.000000	2.23653e-07	65.000000	2.23472e-07	65.000000	2.24189e-07	65.000000	8.95009e-11	
70.000000	1.79251e-07	70.000000	2.11674e-07	70.000000	2.11013e-07	70.000000	2.10829e-07	70.000000	2.11591e-07	70.000000	8.35811e-11	
75.000000	1.69976e-07	75.000000	2.00648e-07	75.000000	1.99945e-07	75.000000	1.99776e-07	75.000000	2.0057e-07	75.000000	7.84201e-11	
80.000000	1.61784e-07	80.000000	1.90918e-07	80.000000	1.90211e-07	80.000000	1.90027e-07	80.000000	1.90844e-07	80.000000	7.38793e-11	
85.000000	1.5449e-07	85.000000	1.82265e-07	85.000000	1.81537e-07	85.000000	1.81362e-07	85.000000	1.82195e-07	85.000000	6.98522e-11	
90.000000	1.47952e-07	90.000000	1.74519e-07	90.000000	1.73776e-07	90.000000	1.73608e-07	90.000000	1.74453e-07	90.000000	6.62553e-11	
95.000000	1.42055e-07	95.000000	1.67543e-07	95.000000	1.66807e-07	95.000000	1.66628e-07	95.000000	1.6748e-07	95.000000	6.30225e-11	
100.000000	1.36708e-07	100.000000	1.61227e-07	100.000000	1.6048e-07	100.000000	1.60309e-07	100.000000	1.61167e-07	100.000000	6.01006e-11	
105.000000	1.31835e-07	105.000000	1.55479e-07	105.000000	1.54726e-07	105.000000	1.54562e-07	105.000000	1.55422e-07	105.000000	5.74463e-11	
110.000000	1.27374e-07	110.000000	1.50227e-07	110.000000	1.49467e-07	110.000000	1.49311e-07	110.000000	1.50172e-07	110.000000	5.5024e-11	
115.000000	1.23275e-07	115.000000	1.45407e-07	115.000000	1.44657e-07	115.000000	1.44495e-07	115.000000	1.45354e-07	115.000000	5.28044e-11	
120.000000	1.19493e-07	120.000000	1.40969e-07	120.000000	1.40227e-07	120.000000	1.40062e-07	120.000000	1.40918e-07	120.000000	5.07627e-11	
125.000000	1.15992e-07	125.000000	1.36868e-07	125.000000	1.36123e-07	125.000000	1.35966e-07	125.000000	1.36819e-07	125.000000	4.88781e-11	
130.000000	1.12742e-07	130.000000	1.33067e-07	130.000000	1.32324e-07	130.000000	1.32172e-07	130.000000	1.3302e-07	130.000000	4.7133e-11	
135.000000	1.09715e-07	135.000000	1.29535e-07	135.000000	1.28805e-07	135.000000	1.28646e-07	135.000000	1.29489e-07	135.000000	4.55123e-11	
140.000000	1.06889e-07	140.000000	1.26242e-07	140.000000	1.25521e-07	140.000000	1.25362e-07	140.000000	1.26198e-07	140.000000	4.40029e-11	
145.000000	1.04244e-07	145.000000	1.23167e-07	145.000000	1.22447e-07	145.000000	1.22294e-07	145.000000	1.23124e-07	145.000000	4.25937e-11	
150.000000	1.01763e-07	150.000000	1.20287e-07	150.000000	1.19572e-07	150.000000	1.19423e-07	150.000000	1.20245e-07	150.000000	4.12749e-11	
155.000000	9.82691e-08	155.000000	1.17584e-07	155.000000	1.16874e-07	155.000000	1.1673e-07	155.000000	1.17544e-07	155.000000	4.0038e-11	
160.000000	9.62213e-08	160.000000	1.15044e-07	160.000000	1.14341e-07	160.000000	1.14198e-07	160.000000	1.15005e-07	160.000000	3.88755e-11	
165.000000	9.42902e-08	165.000000	1.1265e-07	165.000000	1.11963e-07	165.000000	1.11815e-07	165.000000	1.12612e-07	165.000000	3.77808e-11	
170.000000	9.2466e-08	170.000000	1.10392e-07	170.000000	1.09715e-07	170.000000	1.09566e-07	170.000000	1.10355e-07	170.000000	3.6748e-11	
175.000000	9.07399e-08	175.000000	1.08257e-07	175.000000	1.07586e-07	175.000000	1.07442e-07	175.000000	1.08221e-07	175.000000	3.57721e-11	
180.000000	8.91041e-08	180.000000	1.06236e-07	180.000000	1.05573e-07	180.000000	1.05432e-07	180.000000	1.06202e-07	180.000000	3.48484e-11	
185.000000	8.75516e-08	185.000000	1.04321e-07	185.000000	1.03665e-07	185.000000	1.03526e-07	185.000000	1.04287e-07	185.000000	3.39727e-11	
190.000000	8.60762e-08	190.000000	1.02502e-07	190.000000	1.01853e-07	190.000000	1.01718e-07	190.000000	1.02469e-07	190.000000	3.31414e-11	
195.000000	8.46721e-08	195.000000	1.00773e-07	195.000000	1.00136e-07	195.000000	1e-07     	195.000000	1.0074e-07	195.000000	3.23511e-11	
200.000000	8.33343e-08	200.000000	9.91271e-08	200.000000	9.85051e-08	200.000000	9.83657e-08	200.000000	9.90955e-08	200.000000	3.15989e-11	
210.000000	8.08392e-08	210.000000	9.60627e-08	210.000000	9.54607e-08	210.000000	9.53239e-08	210.000000	9.60325e-08	210.000000	3.0198e-11	
220.000000	7.85589e-08	220.000000	9.32679e-08	220.000000	9.26838e-08	220.000000	9.25518e-08	220.000000	9.32389e-08	220.000000	2.89199e-11	
230.000000	7.64664e-08	230.000000	9.07085e-08	230.000000	9.01422e-08	230.000000	9.00154e-08	230.000000	9.06808e-08	230.000000	2.77489e-11	
240.000000	7.45394e-08	240.000000	8.83563e-08	240.000000	8.78167e-08	240.000000	8.76864e-08	240.000000	8.83296e-08	240.000000	2.66719e-11	
250.000000	7.27589e-08	250.000000	8.61871e-08	250.000000	8.5671e-08	250.000000	8.55405e-08	250.000000	8.61615e-08	250.000000	2.5678e-11	
260.000000	7.11087e-08	260.000000	8.41807e-08	260.000000	8.36834e-08	260.000000	8.35572e-08	260.000000	8.41559e-08	260.000000	2.47578e-11	
270.000000	6.9575e-08	270.000000	8.23194e-08	270.000000	8.1842e-08	270.000000	8.17192e-08	270.000000	8.22955e-08	270.000000	2.39033e-11	
280.000000	6.81459e-08	280.000000	8.05883e-08	280.000000	8.0131e-08	280.000000	8.00112e-08	280.000000	8.05652e-08	280.000000	2.31076e-11	
290.000000	6.6811e-08	290.000000	7.89744e-08	290.000000	7.85436e-08	290.000000	7.84203e-08	290.000000	7.8952e-08	290.000000	2.23649e-11	
300.000000	6.55614e-08	300.000000	7.74662e-08	300.000000	7.70588e-08	300.000000	7.6935e-08	300.000000	7.74445e-08	300.000000	2.16699e-11	
310.000000	6.43892e-08	310.000000	7.6054e-08	310.000000	7.56657e-08	310.000000	7.55455e-08	310.000000	7.60329e-08	310.000000	2.10181e-11	
320.000000	6.32875e-08	320.000000	7.47289e-08	320.000000	7.4361e-08	320.000000	7.42429e-08	320.000000	7.47085e-08	320.000000	2.04056e-11	
330.000000	6.22501e-08	330.000000	7.34834e-08	330.000000	7.31347e-08	330.000000	7.30197e-08	330.000000	7.34636e-08	330.000000	1.9829e-11	
340.000000	6.12717e-08	340.000000	7.23106e-08	340.000000	7.19828e-08	340.000000	7.1869e-08	340.000000	7.22913e-08	340.000000	1.9285e-11	
350.000000	6.03474e-08	350.000000	7.12045e-08	350.000000	7.09014e-08	350.000000	7.07847e-08	350.000000	7.11858e-08	350.000000	1.8771e-11	
360.000000	5.94729e-08	360.000000	7.01597e-08	360.000000	6.98791e-08	360.000000	6.97614e-08	360.000000	7.01415e-08	360.000000	1.82845e-11	
370.000000	5.86444e-08	370.000000	6.91715e-08	370.000000	6.89096e-08	370.000000	6.87944e-08	370.000000	6.91536e-08	370.000000	1.78235e-11	
380.000000	5.78584e-08	380.000000	6.82354e-08	380.000000	6.79924e-08	380.000000	6.78793e-08	380.000000	6.8218e-08	380.000000	1.73858e-11	
390.000000	5.71119e-08	390.000000	6.73475e-08	390.000000	6.71237e-08	390.000000	6.70121e-08	390.000000	6.73306e-08	390.000000	1.69698e-11	
400.000000	5.6402e-08	400.000000	6.65045e-08	400.000000	6.62987e-08	400.000000	6.61894e-08	400.000000	6.64879e-08	400.000000	1.65738e-11	
410.000000	5.57261e-08	410.000000	6.5703e-08	410.000000	6.55162e-08	410.000000	6.5408e-08	410.000000	6.56868e-08	410.000000	1.61965e-11	
420.000000	5.50819e-08	420.000000	6.49403e-08	420.000000	6.47749e-08	420.000000	6.4665e-08	420.000000	6.49245e-08	420.000000	1.58365e-11	
430.000000	5.44674e-08	430.000000	6.42137e-08	430.000000	6.40696e-08	430.000000	6.39578e-08	430.000000	6.41982e-08	430.000000	1.54926e-11	
440.000000	5.38806e-08	440.000000	6.35207e-08	440.000000	6.33953e-08	440.000000	6.3284e-08	440.000000	6.35056e-08	440.000000	1.51639e-11	
450.000000	5.33197e-08	450.000000	6.28593e-08	450.000000	6.27508e-08	450.000000	6.26414e-08	450.000000	6.28445e-08	450.000000	1.48492e-11	
460.000000	5.27832e-08	460.000000	6.22275e-08	460.000000	6.21359e-08	460.000000	6.20279e-08	460.000000	6.22129e-08	460.000000	1.45478e-11	
470.000000	5.22695e-08	470.000000	6.16233e-08	470.000000	6.15487e-08	470.000000	6.14419e-08	470.000000	6.1609e-08	470.000000	1.42587e-11	
480.000000	5.17774e-08	480.000000	6.10452e-08	480.000000	6.0987e-08	480.000000	6.08815e-08	480.000000	6.10312e-08	480.000000	1.39812e-11	
490.000000	5.13055e-08	490.000000	6.04915e-08	490.000000	6.04492e-08	490.000000	6.03453e-08	490.000000	6.04778e-08	490.000000	1.37147e-11	
500.000000	5.08527e-08	500.000000	5.99609e-08	500.000000	5.9935e-08	500.000000	5.98318e-08	500.000000	5.99474e-08	500.000000	1.34585e-11	
520.000000	5.00003e-08	520.000000	5.89637e-08	520.000000	5.89735e-08	520.000000	5.88678e-08	520.000000	5.89507e-08	520.000000	1.29745e-11	
540.000000	4.92125e-08	540.000000	5.80441e-08	540.000000	5.8086e-08	540.000000	5.79801e-08	540.000000	5.80315e-08	540.000000	1.25252e-11	
560.000000	4.84827e-08	560.000000	5.7194e-08	560.000000	5.7264e-08	560.000000	5.71606e-08	560.000000	5.71819e-08	560.000000	1.21069e-11	
580.000000	4.78052e-08	580.000000	5.64065e-08	580.000000	5.65041e-08	580.000000	5.64023e-08	580.000000	5.63948e-08	580.000000	1.17165e-11	
600.000000	4.71751e-08	600.000000	5.56755e-08	600.000000	5.5799e-08	600.000000	5.56992e-08	600.000000	5.56641e-08	600.000000	1.13512e-11	
620.000000	4.6588e-08	620.000000	5.49956e-08	620.000000	5.51445e-08	620.000000	5.50459e-08	620.000000	5.49846e-08	620.000000	1.10086e-11	
640.000000	4.604e-08 	640.000000	5.43622e-08	640.000000	5.45381e-08	640.000000	5.44379e-08	640.000000	5.43515e-08	640.000000	1.06868e-11	
660.000000	4.55279e-08	660.000000	5.37712e-08	660.000000	5.39725e-08	660.000000	5.38709e-08	660.000000	5.37608e-08	660.000000	1.03838e-11	
680.000000	4.50485e-08	680.000000	5.32188e-08	680.000000	5.34419e-08	680.000000	5.33414e-08	680.000000	5.32087e-08	680.000000	1.0098e-11	
700.000000	4.45994e-08	700.000000	5.2702e-08	700.000000	5.2945e-08	700.000000	5.28462e-08	700.000000	5.26922e-08	700.000000	9.82797e-12	
720.000000	4.41779e-08	720.000000	5.22178e-08	720.000000	5.24801e-08	720.000000	5.23823e-08	720.000000	5.22082e-08	720.000000	9.57245e-12	
740.000000	4.37822e-08	740.000000	5.17636e-08	740.000000	5.2044e-08	740.000000	5.19474e-08	740.000000	5.17543e-08	740.000000	9.33028e-12	
760.000000	4.34101e-08	760.000000	5.13371e-08	760.000000	5.16341e-08	760.000000	5.15389e-08	760.000000	5.1328e-08	760.000000	9.10043e-12	
780.000000	4.306e-08 	780.000000	5.09363e-08	780.000000	5.12494e-08	780.000000	5.1155e-08	780.000000	5.09274e-08	780.000000	8.88197e-12	
800.000000	4.27304e-08	800.000000	5.05593e-08	800.000000	5.08887e-08	800.000000	5.07936e-08	800.000000	5.05506e-08	800.000000	8.67406e-12	
820.000000	4.24198e-08	820.000000	5.02043e-08	820.000000	5.05497e-08	820.000000	5.04533e-08	820.000000	5.01958e-08	820.000000	8.47595e-12	
840.000000	4.21269e-08	840.000000	4.98698e-08	840.000000	5.02294e-08	840.000000	5.01323e-08	840.000000	4.98615e-08	840.000000	8.28696e-12	
860.000000	4.18506e-08	860.000000	4.95545e-08	860.000000	4.99261e-08	860.000000	4.98295e-08	860.000000	4.95464e-08	860.000000	8.10647e-12	
880.000000	4.15898e-08	880.000000	4.9257e-08	880.000000	4.9639e-08	880.000000	4.95434e-08	880.000000	4.92491e-08	880.000000	7.9339e-12	
900.000000	4.13435e-08	900.000000	4.89762e-08	900.000000	4.93675e-08	900.000000	4.9273e-08	900.000000	4.89685e-08	900.000000	7.76875e-12	
920.000000	4.11109e-08	920.000000	4.87111e-08	920.000000	4.91109e-08	920.000000	4.90172e-08	920.000000	4.87035e-08	920.000000	7.61054e-12	
940.000000	4.08911e-08	940.000000	4.84606e-08	940.000000	4.88681e-08	940.000000	4.8775e-08	940.000000	4.84531e-08	940.000000	7.45884e-12	
960.000000	4.06833e-08	960.000000	4.82238e-08	960.000000	4.86382e-08	960.000000	4.85456e-08	960.000000	4.82165e-08	960.000000	7.31325e-12	
980.000000	4.04869e-08	980.000000	4.8e-08   	980.000000	4.84203e-08	980.000000	4.83282e-08	980.000000	4.79929e-08	980.000000	7.1734e-12	
1000.000000	4.03013e-08	1000.000000	4.77884e-08	1000.000000	4.82135e-08	1000.000000	4.8122e-08	1000.000000	4.77814e-08	1000.000000	7.03896e-12	
1020.000000	4.01258e-08	1020.000000	4.75883e-08	1020.000000	4.80172e-08	1020.000000	4.79263e-08	1020.000000	4.75814e-08	1020.000000	6.90961e-12	
1040.000000	3.99598e-08	1040.000000	4.7399e-08	1040.000000	4.78308e-08	1040.000000	4.77406e-08	1040.000000	4.73922e-08	1040.000000	6.78508e-12	
1060.000000	3.98029e-08	1060.000000	4.72199e-08	1060.000000	4.76536e-08	1060.000000	4.75642e-08	1060.000000	4.72132e-08	1060.000000	6.66509e-12	
1080.000000	3.96547e-08	1080.000000	4.70505e-08	1080.000000	4.74853e-08	1080.000000	4.73966e-08	1080.000000	4.70439e-08	1080.000000	6.5494e-12	
1100.000000	3.95146e-08	1100.000000	4.68902e-08	1100.000000	4.73257e-08	1100.000000	4.72372e-08	1100.000000	4.68838e-08	1100.000000	6.43777e-12	
1120.000000	3.93822e-08	1120.000000	4.67386e-08	1120.000000	4.71744e-08	1120.000000	4.70857e-08	1120.000000	4.67323e-08	1120.000000	6.33e-12  	
1140.000000	3.92572e-08	1140.000000	4.65952e-08	1140.000000	4.70307e-08	1140.000000	4.69416e-08	1140.000000	4.6589e-08	1140.000000	6.22588e-12	
1160.000000	3.91392e-08	1160.000000	4.64597e-08	1160.000000	4.68943e-08	1160.000000	4.68044e-08	1160.000000	4.64536e-08	1160.000000	6.12524e-12	
1180.000000	3.90279e-08	1180.000000	4.63315e-08	1180.000000	4.67643e-08	1180.000000	4.66738e-08	1180.000000	4.63255e-08	1180.000000	6.0279e-12	
1200.000000	3.8923e-08	1200.000000	4.62105e-08	1200.000000	4.66404e-08	1200.000000	4.65496e-08	1200.000000	4.62045e-08	1200.000000	5.93369e-12	
1220.000000	3.88241e-08	1220.000000	4.60961e-08	1220.000000	4.65221e-08	1220.000000	4.64312e-08	1220.000000	4.60903e-08	1220.000000	5.84247e-12	
1240.000000	3.87311e-08	1240.000000	4.59881e-08	1240.000000	4.64091e-08	1240.000000	4.63185e-08	1240.000000	4.59824e-08	1240.000000	5.7541e-12	
1260.000000	3.86436e-08	1260.000000	4.58863e-08	1260.000000	4.63013e-08	1260.000000	4.62111e-08	1260.000000	4.58806e-08	1260.000000	5.66844e-12	
1280.000000	3.85614e-08	1280.000000	4.57902e-08	1280.000000	4.61985e-08	1280.000000	4.61087e-08	1280.000000	4.57846e-08	1280.000000	5.58536e-12	
1300.000000	3.84842e-08	1300.000000	4.56997e-08	1300.000000	4.61005e-08	1300.000000	4.60112e-08	1300.000000	4.56942e-08	1300.000000	5.50476e-12	
1320.000000	3.84119e-08	1320.000000	4.56145e-08	1320.000000	4.60071e-08	1320.000000	4.59183e-08	1320.000000	4.56091e-08	1320.000000	5.42653e-12	
1340.000000	3.83443e-08	1340.000000	4.55343e-08	1340.000000	4.59182e-08	1340.000000	4.58298e-08	1340.000000	4.5529e-08	1340.000000	5.35055e-12	
1360.000000	3.82811e-08	1360.000000	4.54591e-08	1360.000000	4.58335e-08	1360.000000	4.57453e-08	1360.000000	4.54538e-08	1360.000000	5.27673e-12	
1380.000000	3.82222e-08	1380.000000	4.53884e-08	1380.000000	4.57528e-08	1380.000000	4.56649e-08	1380.000000	4.53832e-08	1380.000000	5.20498e-12	
1400.000000	3.81675e-08	1400.000000	4.53222e-08	1400.000000	4.56759e-08	1400.000000	4.55882e-08	1400.000000	4.53171e-08	1400.000000	5.13522e-12	
1420.000000	3.81166e-08	1420.000000	4.52603e-08	1420.000000	4.56025e-08	1420.000000	4.55151e-08	1420.000000	4.52552e-08	1420.000000	5.06736e-12	
1440.000000	3.80696e-08	1440.000000	4.52025e-08	1440.000000	4.55326e-08	1440.000000	4.54455e-08	1440.000000	4.51975e-08	1440.000000	5.00132e-12	
1460.000000	3.80263e-08	1460.000000	4.51485e-08	1460.000000	4.54659e-08	1460.000000	4.53791e-08	1460.000000	4.51436e-08	1460.000000	4.93703e-12	
1480.000000	3.79864e-08	1480.000000	4.50984e-08	1480.000000	4.54023e-08	1480.000000	4.53159e-08	1480.000000	4.50935e-08	1480.000000	4.87442e-12	
1500.000000	3.795e-08 	1500.000000	4.50518e-08	1500.000000	4.53417e-08	1500.000000	4.52557e-08	1500.000000	4.5047e-08	1500.000000	4.81343e-12	
1520.000000	3.79168e-08	1520.000000	4.50088e-08	1520.000000	4.5284e-08	1520.000000	4.51983e-08	1520.000000	4.5004e-08	1520.000000	4.75398e-12	
1540.000000	3.78868e-08	1540.000000	4.4969e-08	1540.000000	4.5229e-08	1540.000000	4.51436e-08	1540.000000	4.49643e-08	1540.000000	4.69604e-12	
1560.000000	3.78598e-08	1560.000000	4.49325e-08	1560.000000	4.51768e-08	1560.000000	4.50916e-08	1560.000000	4.49279e-08	1560.000000	4.63953e-12	
1580.000000	3.78357e-08	1580.000000	4.48991e-08	1580.000000	4.51272e-08	1580.000000	4.50421e-08	1580.000000	4.48945e-08	1580.000000	4.5844e-12	
1600.000000	3.78145e-08	1600.000000	4.48687e-08	1600.000000	4.50801e-08	1600.000000	4.4995e-08	1600.000000	4.48641e-08	1600.000000	4.53061e-12	
1620.000000	3.7796e-08	1620.000000	4.48411e-08	1620.000000	4.50355e-08	1620.000000	4.49502e-08	1620.000000	4.48366e-08	1620.000000	4.4781e-12	
1640.000000	3.77801e-08	1640.000000	4.48163e-08	1640.000000	4.49931e-08	1640.000000	4.49076e-08	1640.000000	4.48119e-08	1640.000000	4.42684e-12	
1660.000000	3.77668e-08	1660.000000	4.47941e-08	1660.000000	4.49529e-08	1660.000000	4.48672e-08	1660.000000	4.47898e-08	1660.000000	4.37676e-12	
1680.000000	3.7756e-08	1680.000000	4.47746e-08	1680.000000	4.49147e-08	1680.000000	4.48287e-08	1680.000000	4.47703e-08	1680.000000	4.32784e-12	
1700.000000	3.77475e-08	1700.000000	4.47575e-08	1700.000000	4.48785e-08	1700.000000	4.47922e-08	1700.000000	4.47532e-08	1700.000000	4.28004e-12	
1750.000000	3.77364e-08	1750.000000	4.47251e-08	1750.000000	4.4796e-08	1750.000000	4.4709e-08	1750.000000	4.47209e-08	1750.000000	4.16515e-12	
1800.000000	3.77387e-08	1800.000000	4.47065e-08	1800.000000	4.47237e-08	1800.000000	4.46364e-08	1800.000000	4.47024e-08	1800.000000	4.05645e-12	
1850.000000	3.77533e-08	1850.000000	4.47005e-08	1850.000000	4.46607e-08	1850.000000	4.45734e-08	1850.000000	4.46965e-08	1850.000000	3.95343e-12	
1900.000000	3.77795e-08	1900.000000	4.47061e-08	1900.000000	4.4606e-08	1900.000000	4.45191e-08	1900.000000	4.47023e-08	1900.000000	3.85567e-12	
1950.000000	3.78164e-08	1950.000000	4.47226e-08	1950.000000	4.45592e-08	1950.000000	4.44728e-08	1950.000000	4.47188e-08	1950.000000	3.76276e-12	
2000.000000	3.78633e-08	2000.000000	4.4749e-08	2000.000000	4.45196e-08	2000.000000	4.44337e-08	2000.000000	4.47453e-08	2000.000000	3.67434e-12	
2100.000000	3.79846e-08	2100.000000	4.48288e-08	2100.000000	4.44597e-08	2100.000000	4.43746e-08	2100.000000	4.48253e-08	2100.000000	3.50976e-12	
2200.000000	3.81387e-08	2200.000000	4.49405e-08	2200.000000	4.44222e-08	2200.000000	4.43376e-08	2200.000000	4.49372e-08	2200.000000	3.35967e-12	
2300.000000	3.83219e-08	2300.000000	4.50801e-08	2300.000000	4.44033e-08	2300.000000	4.43191e-08	2300.000000	4.50769e-08	2300.000000	3.22223e-12	
2400.000000	3.85311e-08	2400.000000	4.5244e-08	2400.000000	4.44e-08  	2400.000000	4.43163e-08	2400.000000	4.52409e-08	2400.000000	3.0959e-12	
2500.000000	3.87634e-08	2500.000000	4.54292e-08	2500.000000	4.44098e-08	2500.000000	4.43267e-08	2500.000000	4.54262e-08	2500.000000	2.97936e-12	
2600.000000	3.90167e-08	2600.000000	4.56333e-08	2600.000000	4.44309e-08	2600.000000	4.43483e-08	2600.000000	4.56305e-08	2600.000000	2.87151e-12	
2700.000000	3.9289e-08	2700.000000	4.58542e-08	2700.000000	4.44617e-08	2700.000000	4.43795e-08	2700.000000	4.58515e-08	2700.000000	2.7714e-12	
2800.000000	3.95786e-08	2800.000000	4.60901e-08	2800.000000	4.45008e-08	2800.000000	4.44188e-08	2800.000000	4.60874e-08	2800.000000	2.67823e-12	
2900.000000	3.98839e-08	2900.000000	4.63392e-08	2900.000000	4.4547e-08	2900.000000	4.4465e-08	2900.000000	4.63367e-08	2900.000000	2.59128e-12	
3000.000000	4.02038e-08	3000.000000	4.66004e-08	3000.000000	4.45993e-08	3000.000000	4.45172e-08	3000.000000	4.65979e-08	3000.000000	2.50996e-12	
3200.000000	4.08829e-08	3200.000000	4.71543e-08	3200.000000	4.47186e-08	3200.000000	4.46361e-08	3200.000000	4.71519e-08	3200.000000	2.3621e-12	
3400.000000	4.16083e-08	3400.000000	4.77436e-08	3400.000000	4.48527e-08	3400.000000	4.47698e-08	3400.000000	4.77414e-08	3400.000000	2.23112e-12	
3600.000000	4.23742e-08	3600.000000	4.83624e-08	3600.000000	4.49974e-08	3600.000000	4.49142e-08	3600.000000	4.83603e-08	3600.000000	2.11426e-12	
3800.000000	4.31759e-08	3800.000000	4.90057e-08	3800.000000	4.51496e-08	3800.000000	4.50664e-08	3800.000000	4.90037e-08	3800.000000	2.00934e-12	
4000.000000	4.40096e-08	4000.000000	4.96698e-08	4000.000000	4.5307e-08	4000.000000	4.52239e-08	4000.000000	4.96679e-08	4000.000000	1.9146e-12	
4200.000000	4.48724e-08	4200.000000	5.03515e-08	4200.000000	4.54679e-08	4200.000000	4.53849e-08	4200.000000	5.03496e-08	4200.000000	1.82862e-12	
4400.000000	4.57616e-08	4400.000000	5.10481e-08	4400.000000	4.56309e-08	4400.000000	4.55482e-08	4400.000000	5.10464e-08	4400.000000	1.75023e-12	
4600.000000	4.66752e-08	4600.000000	5.17577e-08	4600.000000	4.5795e-08	4600.000000	4.57125e-08	4600.000000	5.17561e-08	4600.000000	1.67845e-12	
4800.000000	4.76113e-08	4800.000000	5.24785e-08	4800.000000	4.59594e-08	4800.000000	4.58772e-08	4800.000000	5.24769e-08	4800.000000	1.61248e-12	
5000.000000	4.85686e-08	5000.000000	5.32089e-08	5000.000000	4.61236e-08	5000.000000	4.60415e-08	5000.000000	5.32074e-08	5000.000000	1.55163e-12	
5250.000000	4.9793e-08	5250.000000	5.41337e-08	5250.000000	4.63276e-08	5250.000000	4.62458e-08	5250.000000	5.41323e-08	5250.000000	1.48189e-12	
5500.000000	5.10463e-08	5500.000000	5.50697e-08	5500.000000	4.65298e-08	5500.000000	4.64481e-08	5500.000000	5.50683e-08	5500.000000	1.41831e-12	
6000.000000	5.36331e-08	6000.000000	5.69689e-08	6000.000000	4.69263e-08	6000.000000	4.68449e-08	6000.000000	5.69676e-08	6000.000000	1.3066e-12	
6500.000000	5.63181e-08	6500.000000	5.88962e-08	6500.000000	4.73107e-08	6500.000000	4.72295e-08	6500.000000	5.8895e-08	6500.000000	1.21159e-12	
7000.000000	5.90935e-08	7000.000000	6.08444e-08	7000.000000	4.76817e-08	7000.000000	4.76006e-08	7000.000000	6.08433e-08	7000.000000	1.12978e-12	
7500.000000	6.19537e-08	7500.000000	6.28083e-08	7500.000000	4.8039e-08	7500.000000	4.79581e-08	7500.000000	6.28072e-08	7500.000000	1.05857e-12	
8000.000000	6.48943e-08	8000.000000	6.4784e-08	8000.000000	4.83833e-08	8000.000000	4.83022e-08	8000.000000	6.4783e-08	8000.000000	9.96019e-13	
8500.000000	6.79118e-08	8500.000000	6.67685e-08	8500.000000	4.87137e-08	8500.000000	4.86332e-08	8500.000000	6.67676e-08	8500.000000	9.40616e-13	
9000.000000	7.10038e-08	9000.000000	6.87598e-08	9000.000000	4.90306e-08	9000.000000	4.89516e-08	9000.000000	6.87589e-08	9000.000000	8.91198e-13	
9500.000000	7.41682e-08	9500.000000	7.07561e-08	9500.000000	4.9336e-08	9500.000000	4.92582e-08	9500.000000	7.07553e-08	9500.000000	8.46836e-13	
10000.000000	7.74033e-08	10000.000000	7.2756e-08	10000.000000	4.96309e-08	10000.000000	4.95536e-08	10000.000000	7.27552e-08	10000.000000	8.06786e-13	
11000.000000	8.40806e-08	11000.000000	7.67629e-08	11000.000000	5.01906e-08	11000.000000	5.0113e-08	11000.000000	7.67621e-08	11000.000000	7.37313e-13	
12000.000000	9.10282e-08	12000.000000	8.07742e-08	12000.000000	5.07124e-08	12000.000000	5.06347e-08	12000.000000	8.07736e-08	12000.000000	6.79111e-13	
13000.000000	9.82406e-08	13000.000000	8.47862e-08	13000.000000	5.12002e-08	13000.000000	5.11228e-08	13000.000000	8.47856e-08	13000.000000	6.29623e-13	
14000.000000	1.05715e-07	14000.000000	8.87962e-08	14000.000000	5.16577e-08	14000.000000	5.15811e-08	14000.000000	8.87956e-08	14000.000000	5.87015e-13	
15000.000000	1.13448e-07	15000.000000	9.28024e-08	15000.000000	5.20882e-08	15000.000000	5.20128e-08	15000.000000	9.28019e-08	15000.000000	5.49936e-13	
16000.000000	1.21438e-07	16000.000000	9.68038e-08	16000.000000	5.24949e-08	16000.000000	5.24205e-08	16000.000000	9.68033e-08	16000.000000	5.17367e-13	
17000.000000	1.29686e-07	17000.000000	1.008e-07 	17000.000000	5.28803e-08	17000.000000	5.28067e-08	17000.000000	1.00799e-07	17000.000000	4.88528e-13	
18000.000000	1.38189e-07	18000.000000	1.04789e-07	18000.000000	5.32465e-08	18000.000000	5.31735e-08	18000.000000	1.04789e-07	18000.000000	4.62806e-13	
19000.000000	1.46949e-07	19000.000000	1.08773e-07	19000.000000	5.35952e-08	19000.000000	5.35226e-08	19000.000000	1.08772e-07	19000.000000	4.39719e-13	
20000.000000	1.55965e-07	20000.000000	1.12749e-07	20000.000000	5.3928e-08	20000.000000	5.38557e-08	20000.000000	1.12749e-07	20000.000000	4.18879e-13	
21000.000000	1.65238e-07	21000.000000	1.16719e-07	21000.000000	5.42463e-08	21000.000000	5.4174e-08	21000.000000	1.16719e-07	21000.000000	3.99971e-13	
22000.000000	1.74768e-07	22000.000000	1.20683e-07	22000.000000	5.4551e-08	22000.000000	5.44788e-08	22000.000000	1.20682e-07	22000.000000	3.82735e-13	
23000.000000	1.84557e-07	23000.000000	1.24639e-07	23000.000000	5.48413e-08	23000.000000	5.47712e-08	23000.000000	1.24639e-07	23000.000000	3.66958e-13	
24000.000000	1.94603e-07	24000.000000	1.28589e-07	24000.000000	5.51203e-08	24000.000000	5.50522e-08	24000.000000	1.28589e-07	24000.000000	3.52461e-13	
25000.000000	2.0491e-07	25000.000000	1.32533e-07	25000.000000	5.53906e-08	25000.000000	5.53225e-08	25000.000000	1.32533e-07	25000.000000	3.39092e-13	
26000.000000	2.15477e-07	26000.000000	1.3647e-07	26000.000000	5.5651e-08	26000.000000	5.55829e-08	26000.000000	1.3647e-07	26000.000000	3.26724e-13	
27000.000000	2.26305e-07	27000.000000	1.40401e-07	27000.000000	5.59008e-08	27000.000000	5.58342e-08	27000.000000	1.40401e-07	27000.000000	3.15248e-13	
28000.000000	2.37396e-07	28000.000000	1.44326e-07	28000.000000	5.61417e-08	28000.000000	5.60769e-08	28000.000000	1.44326e-07	28000.000000	3.04569e-13	
29000.000000	2.48751e-07	29000.000000	1.48245e-07	29000.000000	5.63748e-08	29000.000000	5.63116e-08	29000.000000	1.48244e-07	29000.000000	2.94608e-13	
30000.000000	2.60371e-07	30000.000000	1.52157e-07	30000.000000	5.66008e-08	30000.000000	5.65388e-08	30000.000000	1.52157e-07	30000.000000	2.85292e-13	
32000.000000	2.8441e-07	32000.000000	1.59966e-07	32000.000000	5.70321e-08	32000.000000	5.69724e-08	32000.000000	1.59966e-07	32000.000000	2.68363e-13	
34000.000000	3.09524e-07	34000.000000	1.67753e-07	34000.000000	5.74378e-08	34000.000000	5.73811e-08	34000.000000	1.67752e-07	34000.000000	2.53374e-13	
36000.000000	3.35722e-07	36000.000000	1.75518e-07	36000.000000	5.7821e-08	36000.000000	5.77675e-08	36000.000000	1.75518e-07	36000.000000	2.40007e-13	
38000.000000	3.63017e-07	38000.000000	1.83263e-07	38000.000000	5.81846e-08	38000.000000	5.81339e-08	38000.000000	1.83263e-07	38000.000000	2.28011e-13	
40000.000000	3.91419e-07	40000.000000	1.90989e-07	40000.000000	5.85302e-08	40000.000000	5.84822e-08	40000.000000	1.90989e-07	40000.000000	2.17183e-13	
42000.000000	4.2094e-07	42000.000000	1.98697e-07	42000.000000	5.88593e-08	42000.000000	5.88141e-08	42000.000000	1.98697e-07	42000.000000	2.0736e-13	
44000.000000	4.5159e-07	44000.000000	2.06387e-07	44000.000000	5.91732e-08	44000.000000	5.91311e-08	44000.000000	2.06387e-07	44000.000000	1.98407e-13	
46000.000000	4.83383e-07	46000.000000	2.1406e-07	46000.000000	5.94732e-08	46000.000000	5.94345e-08	46000.000000	2.1406e-07	46000.000000	1.90212e-13	
48000.000000	5.16329e-07	48000.000000	2.21717e-07	48000.000000	5.97604e-08	48000.000000	5.97254e-08	48000.000000	2.21717e-07	48000.000000	1.82683e-13	
50000.000000	5.50442e-07	50000.000000	2.29359e-07	50000.000000	6.00359e-08	50000.000000	6.00048e-08	50000.000000	2.29358e-07	50000.000000	1.75741e-13	
