*Energy (MeV/u)1	0 - [He-base] F.Hubert et al. AD&ND Tables 46(1990)1	Energy (MeV/u)2	1 - [H -base] J.F.Ziegler et al.Pergamon Press.NY(low energy)	Energy (MeV/u)3	2 - ATIMA 1.2 LS-theory (recommended for high energy)	Energy (MeV/u)4	3 - ATIMA 1.2 without LS-correction	Energy (MeV/u)5	4 - ATIMA 1.4 H.Weick. improved mean charge formula for HI	Energy (MeV/u)6	5 - electrical component of [1] - J.F.Ziegler et al	Energy (MeV/u)7	6 - nuclear component of [1] - J.F.Ziegler et al	
0.001000	0.0789924 	0.001000	0.0478089 	0.001000	0.0468386 	0.001000	0.0468386 	0.001000	0.0468076 	0.001000	0.0270165 	0.001000	0.0207923 	
0.002000	0.0981885 	0.002000	0.0623017 	0.002000	0.0606221 	0.002000	0.0606221 	0.002000	0.0606035 	0.002000	0.0467524 	0.002000	0.0155493 	
0.005000	0.149594  	0.005000	0.101002  	0.005000	0.097711  	0.005000	0.097711  	0.005000	0.0977025 	0.005000	0.0915846 	0.005000	0.00941692	
0.008000	0.188688  	0.008000	0.132434  	0.008000	0.127927  	0.008000	0.127927  	0.008000	0.127921  	0.008000	0.125443  	0.008000	0.00699094	
0.010000	0.210323  	0.010000	0.150523  	0.010000	0.145331  	0.010000	0.145331  	0.010000	0.145326  	0.010000	0.1445    	0.010000	0.00602206	
0.015000	0.268075  	0.015000	0.187711  	0.015000	0.182588  	0.015000	0.182588  	0.015000	0.182585  	0.015000	0.183212  	0.015000	0.00449954	
0.020000	0.316441  	0.020000	0.216826  	0.020000	0.214227  	0.020000	0.214227  	0.020000	0.214225  	0.020000	0.213169  	0.020000	0.00365732	
0.025000	0.357698  	0.025000	0.240132  	0.025000	0.242407  	0.025000	0.242407  	0.025000	0.242405  	0.025000	0.237031  	0.025000	0.00310125	
0.030000	0.393076  	0.030000	0.258991  	0.030000	0.259443  	0.030000	0.259443  	0.030000	0.259442  	0.030000	0.256287  	0.030000	0.0027038 	
0.035000	0.423318  	0.035000	0.274313  	0.035000	0.273495  	0.035000	0.273495  	0.035000	0.273494  	0.035000	0.271909  	0.035000	0.0024041 	
0.040000	0.448939  	0.040000	0.286763  	0.040000	0.285161  	0.040000	0.285161  	0.040000	0.28516   	0.040000	0.284594  	0.040000	0.00216918	
0.045000	0.470353  	0.045000	0.296863  	0.045000	0.294876  	0.045000	0.294876  	0.045000	0.294875  	0.045000	0.294884  	0.045000	0.0019796 	
0.050000	0.487932  	0.050000	0.305037  	0.050000	0.302971  	0.050000	0.302971  	0.050000	0.30297   	0.050000	0.303214  	0.050000	0.00182305	
0.055000	0.502037  	0.055000	0.311634  	0.055000	0.309709  	0.055000	0.309709  	0.055000	0.309708  	0.055000	0.309942  	0.055000	0.00169137	
0.060000	0.513028  	0.060000	0.316943  	0.060000	0.315306  	0.060000	0.315306  	0.060000	0.315305  	0.060000	0.315364  	0.060000	0.00157892	
0.070000	0.527082  	0.070000	0.324623  	0.070000	0.323761  	0.070000	0.323761  	0.070000	0.32376   	0.070000	0.323227  	0.070000	0.00139663	
0.080000	0.532825  	0.080000	0.329535  	0.080000	0.329453  	0.080000	0.329453  	0.080000	0.329453  	0.080000	0.328281  	0.080000	0.00125485	
0.090000	0.532678  	0.090000	0.332646  	0.090000	0.333179  	0.090000	0.333179  	0.090000	0.333179  	0.090000	0.331505  	0.090000	0.00114114	
0.100000	0.528623  	0.100000	0.334578  	0.100000	0.335508  	0.100000	0.335508  	0.100000	0.335508  	0.100000	0.33353   	0.100000	0.00104773	
0.120000	0.514402  	0.120000	0.336322  	0.120000	0.33745   	0.120000	0.33745   	0.120000	0.33745   	0.120000	0.335419  	0.120000	0.000902968	
0.140000	0.497611  	0.140000	0.336421  	0.140000	0.337227  	0.140000	0.337227  	0.140000	0.337227  	0.140000	0.335626  	0.140000	0.00079561	
0.160000	0.481422  	0.160000	0.335499  	0.160000	0.335764  	0.160000	0.335764  	0.160000	0.335764  	0.160000	0.334787  	0.160000	0.000712558	
0.180000	0.466832  	0.180000	0.333808  	0.180000	0.333503  	0.180000	0.333503  	0.180000	0.333503  	0.180000	0.333162  	0.180000	0.000646244	
0.200000	0.453917  	0.200000	0.33148   	0.200000	0.330669  	0.200000	0.330669  	0.200000	0.330669  	0.200000	0.330888  	0.200000	0.000591972	
0.250000	0.427258  	0.250000	0.323464  	0.250000	0.321832  	0.250000	0.321832  	0.250000	0.321832  	0.250000	0.322973  	0.250000	0.000491117	
0.300000	0.405486  	0.300000	0.313299  	0.300000	0.311383  	0.300000	0.311383  	0.300000	0.311383  	0.300000	0.312878  	0.300000	0.000421207	
0.350000	0.386294  	0.350000	0.302015  	0.350000	0.300137  	0.350000	0.300137  	0.350000	0.300137  	0.350000	0.301646  	0.350000	0.000369689	
0.400000	0.368715  	0.400000	0.290359  	0.400000	0.288675  	0.400000	0.288675  	0.400000	0.288675  	0.400000	0.290029  	0.400000	0.000330038	
0.450000	0.352391  	0.450000	0.278815  	0.450000	0.277387  	0.450000	0.277387  	0.450000	0.277387  	0.450000	0.278516  	0.450000	0.000298511	
0.500000	0.337182  	0.500000	0.267672  	0.500000	0.266511  	0.500000	0.266511  	0.500000	0.266511  	0.500000	0.267399  	0.500000	0.000272801	
0.600000	0.309855  	0.600000	0.247128  	0.600000	0.246447  	0.600000	0.246447  	0.600000	0.246447  	0.600000	0.246895  	0.600000	0.000233305	
0.700000	0.286261  	0.700000	0.229126  	0.700000	0.228816  	0.700000	0.228816  	0.700000	0.228817  	0.700000	0.228921  	0.700000	0.000204303	
0.800000	0.265891  	0.800000	0.213504  	0.800000	0.213465  	0.800000	0.213465  	0.800000	0.213465  	0.800000	0.213321  	0.800000	0.000182045	
0.900000	0.248234  	0.900000	0.19994   	0.900000	0.200092  	0.900000	0.200092  	0.900000	0.200092  	0.900000	0.199775  	0.900000	0.00016439	
1.000000	0.232833  	1.000000	0.188104  	1.000000	0.188387  	1.000000	0.188387  	1.000000	0.188387  	1.000000	0.187954  	1.000000	0.000150021	
1.250000	0.20184   	1.250000	0.164282  	1.250000	0.164728  	1.250000	0.164728  	1.250000	0.164728  	1.250000	0.164159  	1.250000	0.000123525	
1.500000	0.178439  	1.500000	0.146281  	1.500000	0.146759  	1.500000	0.146759  	1.500000	0.146759  	1.500000	0.146175  	1.500000	0.000105326	
1.750000	0.16011   	1.750000	0.132155  	1.750000	0.132607  	1.750000	0.132607  	1.750000	0.132608  	1.750000	0.132063  	1.750000	9.20105e-05	
2.000000	0.145339  	2.000000	0.120739  	2.000000	0.121142  	2.000000	0.121142  	2.000000	0.121142  	2.000000	0.120657  	2.000000	8.18212e-05	
2.250000	0.133164  	2.250000	0.111301  	2.250000	0.111645  	2.250000	0.111645  	2.250000	0.111645  	2.250000	0.111227  	2.250000	7.37586e-05	
2.500000	0.120886  	2.500000	0.103355  	2.500000	0.103637  	2.500000	0.103637  	2.500000	0.103637  	2.500000	0.103288  	2.500000	6.72109e-05	
3.000000	0.105516  	3.000000	0.0906919 	3.000000	0.09086   	3.000000	0.09086   	3.000000	0.0908601 	3.000000	0.0906347 	3.000000	5.72034e-05	
3.500000	0.0938639 	3.500000	0.0810305 	3.500000	0.0811003 	3.500000	0.0811003 	3.500000	0.0811003 	3.500000	0.0809806 	3.500000	4.98969e-05	
4.000000	0.0847002 	4.000000	0.0734025 	4.000000	0.0733905 	4.000000	0.0733905 	4.000000	0.0733905 	4.000000	0.0733582 	4.000000	4.43158e-05	
4.500000	0.0772883 	4.500000	0.0672179 	4.500000	0.0671382 	4.500000	0.0671382 	4.500000	0.0671383 	4.500000	0.067178  	4.500000	3.99062e-05	
5.000000	0.0711596 	5.000000	0.0620954 	5.000000	0.0619598 	5.000000	0.0619598 	5.000000	0.0619599 	5.000000	0.0620591 	5.000000	3.63297e-05	
5.500000	0.0660007 	5.500000	0.0577776 	5.500000	0.0575956 	5.500000	0.0575956 	5.500000	0.0575957 	5.500000	0.0577443 	5.500000	3.33675e-05	
6.000000	0.0615936 	6.000000	0.0540844 	6.000000	0.0538636 	6.000000	0.0538636 	6.000000	0.0538637 	6.000000	0.0540535 	6.000000	3.08718e-05	
6.500000	0.057782  	6.500000	0.0508858 	6.500000	0.0506326 	6.500000	0.0506326 	6.500000	0.0506326 	6.500000	0.0508571 	6.500000	2.87391e-05	
7.000000	0.0544502 	7.000000	0.048086  	7.000000	0.0478053 	7.000000	0.0478053 	7.000000	0.0478053 	7.000000	0.0480591 	7.000000	2.68943e-05	
7.500000	0.0515114 	7.500000	0.0456124 	7.500000	0.0453085 	7.500000	0.0453085 	7.500000	0.0453085 	7.500000	0.0455871 	7.500000	2.52821e-05	
8.000000	0.0488984 	8.000000	0.0434093 	8.000000	0.0430857 	8.000000	0.0430857 	8.000000	0.0430857 	8.000000	0.0433855 	8.000000	2.38605e-05	
8.500000	0.0465588 	8.500000	0.0414333 	8.500000	0.0410928 	8.500000	0.0410928 	8.500000	0.0410929 	8.500000	0.0414107 	8.500000	2.25971e-05	
9.000000	0.0444511 	9.000000	0.0396496 	9.000000	0.0392948 	9.000000	0.0392948 	9.000000	0.0392948 	9.000000	0.0396282 	9.000000	2.14665e-05	
9.500000	0.0425417 	9.500000	0.0380306 	9.500000	0.0376634 	9.500000	0.0376634 	9.500000	0.0376634 	9.500000	0.0380101 	9.500000	2.04486e-05	
10.000000	0.0408034 	10.000000	0.0367283 	10.000000	0.0361758 	10.000000	0.0361758 	10.000000	0.0361758 	10.000000	0.0367088 	10.000000	1.95269e-05	
11.000000	0.0377538 	11.000000	0.0342137 	11.000000	0.0335701 	11.000000	0.0335724 	11.000000	0.0335693 	11.000000	0.0341957 	11.000000	1.7922e-05	
12.000000	0.035164  	12.000000	0.0320427 	12.000000	0.0313538 	12.000000	0.0313577 	12.000000	0.0313534 	12.000000	0.0320261 	12.000000	1.6571e-05	
13.000000	0.0329355 	13.000000	0.0301492 	13.000000	0.0294444 	13.000000	0.0294488 	13.000000	0.029444  	13.000000	0.0301337 	13.000000	1.54173e-05	
14.000000	0.0309964 	14.000000	0.0284829 	14.000000	0.0277809 	14.000000	0.027785  	14.000000	0.0277802 	14.000000	0.0284685 	14.000000	1.44201e-05	
15.000000	0.0292927 	15.000000	0.027005  	15.000000	0.026317  	15.000000	0.0263211 	15.000000	0.0263164 	15.000000	0.0269914 	15.000000	1.35491e-05	
16.000000	0.0277834 	16.000000	0.0256849 	16.000000	0.0250183 	16.000000	0.0250223 	16.000000	0.025018  	16.000000	0.0256721 	16.000000	1.27816e-05	
17.000000	0.0264364 	17.000000	0.0244983 	17.000000	0.0238583 	17.000000	0.0238617 	17.000000	0.0238579 	17.000000	0.0244862 	17.000000	1.20998e-05	
18.000000	0.0252263 	18.000000	0.0234258 	18.000000	0.0228154 	18.000000	0.022818  	18.000000	0.0228148 	18.000000	0.0234144 	18.000000	1.149e-05 	
19.000000	0.024133  	19.000000	0.0224516 	19.000000	0.0218723 	19.000000	0.0218742 	19.000000	0.0218716 	19.000000	0.0224406 	19.000000	1.09412e-05	
20.000000	0.02314   	20.000000	0.0215624 	20.000000	0.0210146 	20.000000	0.0210165 	20.000000	0.0210145 	20.000000	0.021552  	20.000000	1.04445e-05	
21.000000	0.0222339 	21.000000	0.0207476 	21.000000	0.0202314 	21.000000	0.0202335 	21.000000	0.0202322 	21.000000	0.0207376 	21.000000	9.99281e-06	
22.000000	0.0214035 	22.000000	0.019998  	22.000000	0.0195142 	22.000000	0.0195157 	22.000000	0.0195152 	22.000000	0.0199884 	22.000000	9.58015e-06	
23.000000	0.0206396 	23.000000	0.019306  	23.000000	0.018855  	23.000000	0.0188555 	23.000000	0.0188557 	23.000000	0.0192968 	23.000000	9.2016e-06	
24.000000	0.0199343 	24.000000	0.0186651 	24.000000	0.0182468 	24.000000	0.0182461 	24.000000	0.018247  	24.000000	0.0186563 	24.000000	8.85304e-06	
25.000000	0.019281  	25.000000	0.0180698 	25.000000	0.0176836 	25.000000	0.017682  	25.000000	0.0176836 	25.000000	0.0180613 	25.000000	8.53101e-06	
27.000000	0.0181086 	27.000000	0.0169977 	27.000000	0.016675  	27.000000	0.0166709 	27.000000	0.0166739 	27.000000	0.0169897 	27.000000	7.9551e-06	
29.000000	0.017086  	29.000000	0.0160585 	29.000000	0.0157964 	29.000000	0.0157913 	29.000000	0.0157957 	29.000000	0.016051  	29.000000	7.45489e-06	
31.000000	0.0161856 	31.000000	0.0152287 	31.000000	0.0150061 	31.000000	0.0150007 	31.000000	0.0150062 	31.000000	0.0152217 	31.000000	7.01621e-06	
33.000000	0.0153865 	33.000000	0.01449   	33.000000	0.0142873 	33.000000	0.0142803 	33.000000	0.0142864 	33.000000	0.0144834 	33.000000	6.62821e-06	
35.000000	0.0146721 	35.000000	0.013828  	35.000000	0.0136412 	35.000000	0.0136345 	35.000000	0.0136411 	35.000000	0.0138217 	35.000000	6.28249e-06	
38.000000	0.0137317 	38.000000	0.0129543 	38.000000	0.0127895 	38.000000	0.0127817 	38.000000	0.012789  	38.000000	0.0129484 	38.000000	5.82903e-06	
41.000000	0.0129194 	41.000000	0.0121977 	41.000000	0.0120507 	41.000000	0.0120428 	41.000000	0.0120504 	41.000000	0.0121922 	41.000000	5.43894e-06	
44.000000	0.0122102 	44.000000	0.0115358 	44.000000	0.0114029 	44.000000	0.0113959 	44.000000	0.0114038 	44.000000	0.0115307 	44.000000	5.09964e-06	
47.000000	0.0115853 	47.000000	0.0109518 	47.000000	0.0108325 	47.000000	0.0108245 	47.000000	0.0108326 	47.000000	0.010947  	47.000000	4.80171e-06	
50.000000	0.0110303 	50.000000	0.0104325 	50.000000	0.010324  	50.000000	0.010316  	50.000000	0.0103242 	50.000000	0.0104279 	50.000000	4.53793e-06	
55.000000	0.0102308 	55.000000	0.00968365	55.000000	0.0095906 	55.000000	0.00958184	55.000000	0.00959014	55.000000	0.00967949	55.000000	4.15944e-06	
60.000000	0.00955582	60.000000	0.0090509 	60.000000	0.00896861	60.000000	0.00896055	60.000000	0.00896888	60.000000	0.00904706	60.000000	3.84132e-06	
65.000000	0.00897781	65.000000	0.0085089 	65.000000	0.00843585	65.000000	0.00842758	65.000000	0.00843589	65.000000	0.00850533	65.000000	3.57003e-06	
70.000000	0.00847688	70.000000	0.00803922	70.000000	0.00797349	70.000000	0.0079651 	70.000000	0.00797335	70.000000	0.00803588	70.000000	3.33583e-06	
75.000000	0.0080383 	75.000000	0.00762815	75.000000	0.00756752	75.000000	0.00755979	75.000000	0.00756797	75.000000	0.00762502	75.000000	3.13152e-06	
80.000000	0.00765086	80.000000	0.00726525	80.000000	0.00720995	80.000000	0.00720155	80.000000	0.00720965	80.000000	0.0072623 	80.000000	2.95165e-06	
85.000000	0.00730594	85.000000	0.00694244	85.000000	0.00689049	85.000000	0.00688252	85.000000	0.00689052	85.000000	0.00693965	85.000000	2.79204e-06	
90.000000	0.00699675	90.000000	0.00665336	90.000000	0.00660415	90.000000	0.00659653	90.000000	0.00660443	90.000000	0.00665071	90.000000	2.64941e-06	
95.000000	0.00671789	95.000000	0.00639292	95.000000	0.00634679	95.000000	0.00633863	95.000000	0.00634644	95.000000	0.0063904 	95.000000	2.52115e-06	
100.000000	0.00646502	100.000000	0.00615704	100.000000	0.00611265	100.000000	0.00610484	100.000000	0.00611255	100.000000	0.00615464	100.000000	2.40517e-06	
105.000000	0.00623457	105.000000	0.00594237	105.000000	0.00589939	105.000000	0.0058919 	105.000000	0.00589951	105.000000	0.00594007	105.000000	2.29977e-06	
110.000000	0.00602362	110.000000	0.00574614	110.000000	0.00570422	110.000000	0.0056971 	110.000000	0.00570463	110.000000	0.00574394	110.000000	2.20355e-06	
115.000000	0.00582974	115.000000	0.00556606	115.000000	0.00552559	115.000000	0.00551822	115.000000	0.00552564	115.000000	0.00556394	115.000000	2.11534e-06	
120.000000	0.00565089	120.000000	0.00540019	120.000000	0.00536087	120.000000	0.00535335	120.000000	0.00536069	120.000000	0.00539815	120.000000	2.03417e-06	
125.000000	0.00548534	125.000000	0.0052469 	125.000000	0.00520804	125.000000	0.0052009 	125.000000	0.00520815	125.000000	0.00524494	125.000000	1.95922e-06	
130.000000	0.00533163	130.000000	0.00510481	130.000000	0.00506645	130.000000	0.00505951	130.000000	0.00506669	130.000000	0.00510292	130.000000	1.88979e-06	
135.000000	0.0051885 	135.000000	0.00497271	135.000000	0.00493526	135.000000	0.00492802	135.000000	0.00493511	135.000000	0.00497089	135.000000	1.82529e-06	
140.000000	0.00505486	140.000000	0.0048496 	140.000000	0.00481267	140.000000	0.00480541	140.000000	0.00481242	140.000000	0.00484783	140.000000	1.76521e-06	
145.000000	0.00492977	145.000000	0.00473456	145.000000	0.0046978 	145.000000	0.0046908 	145.000000	0.00469774	145.000000	0.00473286	145.000000	1.7091e-06	
150.000000	0.00481243	150.000000	0.00462684	150.000000	0.00459027	150.000000	0.00458345	150.000000	0.00459032	150.000000	0.00462518	150.000000	1.65657e-06	
155.000000	0.00464721	155.000000	0.00452575	155.000000	0.00448926	155.000000	0.00448267	155.000000	0.00448947	155.000000	0.00452414	155.000000	1.60729e-06	
160.000000	0.00455037	160.000000	0.00443069	160.000000	0.00439442	160.000000	0.00438789	160.000000	0.00439462	160.000000	0.00442913	160.000000	1.56096e-06	
165.000000	0.00445905	165.000000	0.00434113	165.000000	0.00430535	165.000000	0.00429858	165.000000	0.00430525	165.000000	0.00433962	165.000000	1.51732e-06	
170.000000	0.00437278	170.000000	0.00425662	170.000000	0.00422107	170.000000	0.00421428	170.000000	0.00422089	170.000000	0.00425514	170.000000	1.47614e-06	
175.000000	0.00429115	175.000000	0.00417673	175.000000	0.00414117	175.000000	0.00413458	175.000000	0.00414113	175.000000	0.0041753 	175.000000	1.43722e-06	
180.000000	0.00421379	180.000000	0.0041011 	180.000000	0.00406557	180.000000	0.00405912	180.000000	0.00406561	180.000000	0.0040997 	180.000000	1.40038e-06	
185.000000	0.00414038	185.000000	0.00402939	185.000000	0.00399387	185.000000	0.00398757	185.000000	0.003994  	185.000000	0.00402802	185.000000	1.36544e-06	
190.000000	0.0040706 	190.000000	0.00396131	190.000000	0.00392576	190.000000	0.00391963	190.000000	0.00392601	190.000000	0.00395997	190.000000	1.33226e-06	
195.000000	0.0040042 	195.000000	0.00389658	195.000000	0.0038612 	195.000000	0.00385503	195.000000	0.00386136	195.000000	0.00389528	195.000000	1.30072e-06	
200.000000	0.00394093	200.000000	0.00383496	200.000000	0.0037999 	200.000000	0.00379355	200.000000	0.00379983	200.000000	0.00383369	200.000000	1.27069e-06	
210.000000	0.00382294	210.000000	0.00372022	210.000000	0.00368529	210.000000	0.00367905	210.000000	0.00368523	210.000000	0.00371901	210.000000	1.21475e-06	
220.000000	0.0037151 	220.000000	0.00361556	220.000000	0.00358064	220.000000	0.00357462	220.000000	0.00358071	220.000000	0.0036144 	220.000000	1.16369e-06	
230.000000	0.00361615	230.000000	0.00351971	230.000000	0.00348478	230.000000	0.003479  	230.000000	0.003485  	230.000000	0.00351859	230.000000	1.11689e-06	
240.000000	0.00352502	240.000000	0.0034316 	240.000000	0.00339707	240.000000	0.00339112	240.000000	0.00339705	240.000000	0.00343052	240.000000	1.07384e-06	
250.000000	0.00344082	250.000000	0.00335034	250.000000	0.00331606	250.000000	0.00331011	250.000000	0.00331596	250.000000	0.0033493 	250.000000	1.03409e-06	
260.000000	0.00336278	260.000000	0.00327516	260.000000	0.00324094	260.000000	0.00323518	260.000000	0.00324097	260.000000	0.00327417	260.000000	9.97284e-07	
270.000000	0.00329025	270.000000	0.00320542	270.000000	0.00317131	270.000000	0.00316571	270.000000	0.00317142	270.000000	0.00320446	270.000000	9.63095e-07	
280.000000	0.00322267	280.000000	0.00314055	280.000000	0.00310657	280.000000	0.00310111	280.000000	0.00310677	280.000000	0.00313962	280.000000	9.31251e-07	
290.000000	0.00315954	290.000000	0.00308007	290.000000	0.00304654	290.000000	0.00304091	290.000000	0.00304651	290.000000	0.00307917	290.000000	9.01517e-07	
300.000000	0.00310044	300.000000	0.00302354	300.000000	0.00299033	300.000000	0.00298469	300.000000	0.00299022	300.000000	0.00302267	300.000000	8.73687e-07	
310.000000	0.00304501	310.000000	0.00297061	310.000000	0.00293754	310.000000	0.00293206	310.000000	0.00293755	310.000000	0.00296976	310.000000	8.47582e-07	
320.000000	0.00299291	320.000000	0.00292093	320.000000	0.00288809	320.000000	0.00288271	320.000000	0.00288814	320.000000	0.00292011	320.000000	8.23045e-07	
330.000000	0.00294385	330.000000	0.00287424	330.000000	0.00284159	330.000000	0.00283635	330.000000	0.00284173	330.000000	0.00287344	330.000000	7.99936e-07	
340.000000	0.00289758	340.000000	0.00283027	340.000000	0.00279791	340.000000	0.00279271	340.000000	0.00279805	340.000000	0.00282949	340.000000	7.78134e-07	
350.000000	0.00285387	350.000000	0.0027888 	350.000000	0.00275691	350.000000	0.00275159	350.000000	0.00275688	350.000000	0.00278804	350.000000	7.57529e-07	
360.000000	0.00281251	360.000000	0.00274962	360.000000	0.00271813	360.000000	0.00271276	360.000000	0.00271802	360.000000	0.00274888	360.000000	7.38025e-07	
370.000000	0.00277333	370.000000	0.00271255	370.000000	0.00268132	370.000000	0.00267606	370.000000	0.00268128	370.000000	0.00271183	370.000000	7.19533e-07	
380.000000	0.00273616	380.000000	0.00267745	380.000000	0.00264648	380.000000	0.00264132	380.000000	0.0026465 	380.000000	0.00267674	380.000000	7.01977e-07	
390.000000	0.00270086	390.000000	0.00264414	390.000000	0.00261348	390.000000	0.00260839	390.000000	0.00261353	390.000000	0.00264346	390.000000	6.85287e-07	
400.000000	0.00266729	400.000000	0.00261252	400.000000	0.00258213	400.000000	0.00257714	400.000000	0.00258225	400.000000	0.00261185	400.000000	6.69398e-07	
410.000000	0.00263532	410.000000	0.00258246	410.000000	0.00255239	410.000000	0.00254746	410.000000	0.00255253	410.000000	0.0025818 	410.000000	6.54255e-07	
420.000000	0.00260486	420.000000	0.00255384	420.000000	0.00252423	420.000000	0.00251922	420.000000	0.00252426	420.000000	0.0025532 	420.000000	6.39805e-07	
430.000000	0.0025758 	430.000000	0.00252658	430.000000	0.00249744	430.000000	0.00249234	430.000000	0.00249735	430.000000	0.00252595	430.000000	6.26001e-07	
440.000000	0.00254805	440.000000	0.00250058	440.000000	0.0024718 	440.000000	0.00246673	440.000000	0.0024717 	440.000000	0.00249996	440.000000	6.128e-07 	
450.000000	0.00252152	450.000000	0.00247576	450.000000	0.00244728	450.000000	0.00244229	450.000000	0.00244724	450.000000	0.00247516	450.000000	6.00164e-07	
460.000000	0.00249615	460.000000	0.00245204	460.000000	0.00242388	460.000000	0.00241896	460.000000	0.00242388	460.000000	0.00245146	460.000000	5.88056e-07	
470.000000	0.00247186	470.000000	0.00242937	470.000000	0.00240154	470.000000	0.00239667	470.000000	0.00240156	470.000000	0.00242879	470.000000	5.76443e-07	
480.000000	0.00244859	480.000000	0.00240767	480.000000	0.00238016	480.000000	0.00237535	480.000000	0.00238022	480.000000	0.0024071 	480.000000	5.65296e-07	
490.000000	0.00242627	490.000000	0.00238689	490.000000	0.00235968	490.000000	0.00235495	490.000000	0.00235979	490.000000	0.00238633	490.000000	5.54586e-07	
500.000000	0.00240486	500.000000	0.00236697	500.000000	0.00234011	500.000000	0.0023354 	500.000000	0.00234022	500.000000	0.00236642	500.000000	5.44288e-07	
520.000000	0.00236455	520.000000	0.00232952	520.000000	0.00230353	520.000000	0.00229871	520.000000	0.00230348	520.000000	0.002329  	520.000000	5.24836e-07	
540.000000	0.00232729	540.000000	0.00229499	540.000000	0.00226974	540.000000	0.00226491	540.000000	0.00226964	540.000000	0.00229449	540.000000	5.06771e-07	
560.000000	0.00229278	560.000000	0.00226307	560.000000	0.00223841	560.000000	0.00223369	560.000000	0.00223838	560.000000	0.00226258	560.000000	4.89949e-07	
580.000000	0.00226074	580.000000	0.00223349	580.000000	0.00220945	580.000000	0.0022048 	580.000000	0.00220946	580.000000	0.00223301	580.000000	4.74243e-07	
600.000000	0.00223094	600.000000	0.00220602	600.000000	0.00218256	600.000000	0.00217801	600.000000	0.00218263	600.000000	0.00220556	600.000000	4.59545e-07	
620.000000	0.00220318	620.000000	0.00218047	620.000000	0.0021576 	620.000000	0.0021531 	620.000000	0.00215769	620.000000	0.00218003	620.000000	4.4576e-07	
640.000000	0.00217726	640.000000	0.00215666	640.000000	0.00213449	640.000000	0.00212992	640.000000	0.00213447	640.000000	0.00215623	640.000000	4.32805e-07	
660.000000	0.00215304	660.000000	0.00213445	660.000000	0.00211293	660.000000	0.00210829	660.000000	0.00211282	660.000000	0.00213403	660.000000	4.20606e-07	
680.000000	0.00213038	680.000000	0.00211368	680.000000	0.00209267	680.000000	0.00208809	680.000000	0.00209259	680.000000	0.00211327	680.000000	4.09098e-07	
700.000000	0.00210913	700.000000	0.00209424	700.000000	0.0020737 	700.000000	0.00206919	700.000000	0.00207366	700.000000	0.00209384	700.000000	3.98223e-07	
720.000000	0.0020892 	720.000000	0.00207603	720.000000	0.00205594	720.000000	0.00205148	720.000000	0.00205593	720.000000	0.00207564	720.000000	3.8793e-07	
740.000000	0.00207049	740.000000	0.00205894	740.000000	0.00203941	740.000000	0.002035  	740.000000	0.00203942	740.000000	0.00205856	740.000000	3.78173e-07	
760.000000	0.00205289	760.000000	0.00204289	760.000000	0.00202417	760.000000	0.00201983	760.000000	0.00202423	760.000000	0.00204252	760.000000	3.68911e-07	
780.000000	0.00203634	780.000000	0.0020278 	780.000000	0.00200986	780.000000	0.00200556	780.000000	0.00200994	780.000000	0.00202744	780.000000	3.60106e-07	
800.000000	0.00202075	800.000000	0.00201361	800.000000	0.00199645	800.000000	0.00199212	800.000000	0.00199648	800.000000	0.00201325	800.000000	3.51725e-07	
820.000000	0.00200606	820.000000	0.00200024	820.000000	0.00198385	820.000000	0.00197945	820.000000	0.00198379	820.000000	0.00199989	820.000000	3.43738e-07	
840.000000	0.00199221	840.000000	0.00198764	840.000000	0.00197194	840.000000	0.00196751	840.000000	0.00197183	840.000000	0.0019873 	840.000000	3.36118e-07	
860.000000	0.00197914	860.000000	0.00197575	860.000000	0.00196063	860.000000	0.00195623	860.000000	0.00196053	860.000000	0.00197543	860.000000	3.28839e-07	
880.000000	0.00196681	880.000000	0.00196454	880.000000	0.00194993	880.000000	0.00194557	880.000000	0.00194985	880.000000	0.00196422	880.000000	3.21879e-07	
900.000000	0.00195516	900.000000	0.00195396	900.000000	0.0019398 	900.000000	0.00193549	900.000000	0.00193976	900.000000	0.00195364	900.000000	3.15216e-07	
920.000000	0.00194416	920.000000	0.00194395	920.000000	0.00193022	920.000000	0.00192595	920.000000	0.0019302 	920.000000	0.00194365	920.000000	3.08833e-07	
940.000000	0.00193377	940.000000	0.0019345 	940.000000	0.00192116	940.000000	0.00191691	940.000000	0.00192115	940.000000	0.0019342 	940.000000	3.02712e-07	
960.000000	0.00192394	960.000000	0.00192557	960.000000	0.00191257	960.000000	0.00190835	960.000000	0.00191257	960.000000	0.00192527	960.000000	2.96837e-07	
980.000000	0.00191466	980.000000	0.00191712	980.000000	0.00190443	980.000000	0.00190023	980.000000	0.00190444	980.000000	0.00191683	980.000000	2.91192e-07	
1000.000000	0.00190588	1000.000000	0.00190913	1000.000000	0.0018967 	1000.000000	0.00189253	1000.000000	0.00189672	1000.000000	0.00190884	1000.000000	2.85765e-07	
1020.000000	0.00189757	1020.000000	0.00190156	1020.000000	0.00188936	1020.000000	0.00188521	1020.000000	0.0018894 	1020.000000	0.00190128	1020.000000	2.80544e-07	
1040.000000	0.00188973	1040.000000	0.00189441	1040.000000	0.00188238	1040.000000	0.00187827	1040.000000	0.00188244	1040.000000	0.00189413	1040.000000	2.75515e-07	
1060.000000	0.00188231	1060.000000	0.00188763	1060.000000	0.00187574	1060.000000	0.00187167	1060.000000	0.00187583	1060.000000	0.00188736	1060.000000	2.7067e-07	
1080.000000	0.0018753 	1080.000000	0.00188122	1080.000000	0.00186944	1080.000000	0.00186539	1080.000000	0.00186954	1080.000000	0.00188096	1080.000000	2.65998e-07	
1100.000000	0.00186867	1100.000000	0.00187515	1100.000000	0.00186346	1100.000000	0.00185943	1100.000000	0.00186357	1100.000000	0.00187489	1100.000000	2.61489e-07	
1120.000000	0.00186241	1120.000000	0.00186941	1120.000000	0.00185779	1120.000000	0.00185375	1120.000000	0.00185788	1120.000000	0.00186916	1120.000000	2.57136e-07	
1140.000000	0.0018565 	1140.000000	0.00186398	1140.000000	0.00185242	1140.000000	0.00184835	1140.000000	0.00185247	1140.000000	0.00186373	1140.000000	2.5293e-07	
1160.000000	0.00185092	1160.000000	0.00185884	1160.000000	0.0018473 	1160.000000	0.0018432 	1160.000000	0.00184731	1160.000000	0.00185859	1160.000000	2.48864e-07	
1180.000000	0.00184566	1180.000000	0.00185398	1180.000000	0.00184243	1180.000000	0.00183831	1180.000000	0.00184241	1180.000000	0.00185373	1180.000000	2.4493e-07	
1200.000000	0.0018407 	1200.000000	0.00184938	1200.000000	0.00183778	1200.000000	0.00183364	1200.000000	0.00183773	1200.000000	0.00184914	1200.000000	2.41123e-07	
1220.000000	0.00183602	1220.000000	0.00184503	1220.000000	0.00183334	1220.000000	0.00182919	1220.000000	0.00183328	1220.000000	0.0018448 	1220.000000	2.37437e-07	
1240.000000	0.00183162	1240.000000	0.00184093	1240.000000	0.00182909	1240.000000	0.00182496	1240.000000	0.00182903	1240.000000	0.00184069	1240.000000	2.33865e-07	
1260.000000	0.00182748	1260.000000	0.00183705	1260.000000	0.00182504	1260.000000	0.00182092	1260.000000	0.00182498	1260.000000	0.00183682	1260.000000	2.30402e-07	
1280.000000	0.00182359	1280.000000	0.00183339	1280.000000	0.00182116	1280.000000	0.00181707	1280.000000	0.00182112	1280.000000	0.00183317	1280.000000	2.27044e-07	
1300.000000	0.00181994	1300.000000	0.00182994	1300.000000	0.00181747	1300.000000	0.0018134 	1300.000000	0.00181745	1300.000000	0.00182972	1300.000000	2.23785e-07	
1320.000000	0.00181653	1320.000000	0.00182669	1320.000000	0.00181395	1320.000000	0.0018099 	1320.000000	0.00181394	1320.000000	0.00182647	1320.000000	2.20622e-07	
1340.000000	0.00181333	1340.000000	0.00182363	1340.000000	0.00181059	1340.000000	0.00180656	1340.000000	0.00181059	1340.000000	0.00182341	1340.000000	2.1755e-07	
1360.000000	0.00181034	1360.000000	0.00182075	1360.000000	0.00180739	1360.000000	0.00180337	1360.000000	0.0018074 	1360.000000	0.00182053	1360.000000	2.14564e-07	
1380.000000	0.00180756	1380.000000	0.00181804	1380.000000	0.00180434	1380.000000	0.00180033	1380.000000	0.00180435	1380.000000	0.00181783	1380.000000	2.11663e-07	
1400.000000	0.00180497	1400.000000	0.00181551	1400.000000	0.00180143	1400.000000	0.00179743	1400.000000	0.00180145	1400.000000	0.0018153 	1400.000000	2.08841e-07	
1420.000000	0.00180256	1420.000000	0.00181313	1420.000000	0.00179865	1420.000000	0.00179467	1420.000000	0.00179868	1420.000000	0.00181292	1420.000000	2.06096e-07	
1440.000000	0.00180034	1440.000000	0.0018109 	1440.000000	0.001796  	1440.000000	0.00179203	1440.000000	0.00179603	1440.000000	0.0018107 	1440.000000	2.03424e-07	
1460.000000	0.00179829	1460.000000	0.00180882	1460.000000	0.00179347	1460.000000	0.00178952	1460.000000	0.00179351	1460.000000	0.00180862	1460.000000	2.00823e-07	
1480.000000	0.0017964 	1480.000000	0.00180689	1480.000000	0.00179105	1480.000000	0.00178712	1480.000000	0.0017911 	1480.000000	0.00180669	1480.000000	1.9829e-07	
1500.000000	0.00179468	1500.000000	0.00180509	1500.000000	0.00178875	1500.000000	0.00178483	1500.000000	0.00178881	1500.000000	0.00180489	1500.000000	1.95822e-07	
1520.000000	0.00179311	1520.000000	0.00180341	1520.000000	0.00178655	1520.000000	0.00178265	1520.000000	0.00178662	1520.000000	0.00180322	1520.000000	1.93417e-07	
1540.000000	0.00179169	1540.000000	0.00180187	1540.000000	0.00178446	1540.000000	0.00178056	1540.000000	0.00178454	1540.000000	0.00180168	1540.000000	1.91072e-07	
1560.000000	0.00179041	1560.000000	0.00180044	1560.000000	0.00178247	1560.000000	0.00177858	1560.000000	0.00178255	1560.000000	0.00180026	1560.000000	1.88784e-07	
1580.000000	0.00178928	1580.000000	0.00179914	1580.000000	0.00178057	1580.000000	0.00177669	1580.000000	0.00178065	1580.000000	0.00179895	1580.000000	1.86553e-07	
1600.000000	0.00178827	1600.000000	0.00179794	1600.000000	0.00177877	1600.000000	0.00177489	1600.000000	0.00177885	1600.000000	0.00179775	1600.000000	1.84376e-07	
1620.000000	0.0017874 	1620.000000	0.00179685	1620.000000	0.00177706	1620.000000	0.00177317	1620.000000	0.00177712	1620.000000	0.00179667	1620.000000	1.8225e-07	
1640.000000	0.00178665	1640.000000	0.00179586	1640.000000	0.00177544	1640.000000	0.00177154	1640.000000	0.00177549	1640.000000	0.00179568	1640.000000	1.80175e-07	
1660.000000	0.00178602	1660.000000	0.00179498	1660.000000	0.00177389	1660.000000	0.00176998	1660.000000	0.00177392	1660.000000	0.0017948 	1660.000000	1.78147e-07	
1680.000000	0.0017855 	1680.000000	0.00179419	1680.000000	0.00177242	1680.000000	0.0017685 	1680.000000	0.00177244	1680.000000	0.00179401	1680.000000	1.76167e-07	
1700.000000	0.00178511	1700.000000	0.00179349	1700.000000	0.00177103	1700.000000	0.00176709	1700.000000	0.00177103	1700.000000	0.00179332	1700.000000	1.74231e-07	
1750.000000	0.00178458	1750.000000	0.00179214	1750.000000	0.00176784	1750.000000	0.00176387	1750.000000	0.00176779	1750.000000	0.00179197	1750.000000	1.69578e-07	
1800.000000	0.00178469	1800.000000	0.0017913 	1800.000000	0.00176502	1800.000000	0.00176104	1800.000000	0.00176495	1800.000000	0.00179114	1800.000000	1.65175e-07	
1850.000000	0.00178538	1850.000000	0.00179094	1850.000000	0.00176254	1850.000000	0.00175856	1850.000000	0.00176247	1850.000000	0.00179078	1850.000000	1.61002e-07	
1900.000000	0.00178662	1900.000000	0.00179102	1900.000000	0.00176037	1900.000000	0.00175641	1900.000000	0.0017603 	1900.000000	0.00179086	1900.000000	1.57041e-07	
1950.000000	0.00178836	1950.000000	0.0017915 	1950.000000	0.00175849	1950.000000	0.00175455	1950.000000	0.00175843	1950.000000	0.00179134	1950.000000	1.53276e-07	
2000.000000	0.00179058	2000.000000	0.00179235	2000.000000	0.00175687	2000.000000	0.00175295	2000.000000	0.00175683	2000.000000	0.0017922 	2000.000000	1.49693e-07	
2100.000000	0.00179632	2100.000000	0.00179507	2100.000000	0.00175435	2100.000000	0.00175047	2100.000000	0.00175433	2100.000000	0.00179493	2100.000000	1.43021e-07	
2200.000000	0.0018036 	2200.000000	0.001799  	2200.000000	0.00175265	2200.000000	0.0017488 	2200.000000	0.00175265	2200.000000	0.00179886	2200.000000	1.36936e-07	
2300.000000	0.00181227	2300.000000	0.00180396	2300.000000	0.00175164	2300.000000	0.00174781	2300.000000	0.00175165	2300.000000	0.00180383	2300.000000	1.31362e-07	
2400.000000	0.00182216	2400.000000	0.00180984	2400.000000	0.0017512 	2400.000000	0.00174739	2400.000000	0.00175122	2400.000000	0.00180971	2400.000000	1.26237e-07	
2500.000000	0.00183315	2500.000000	0.00181652	2500.000000	0.00175125	2500.000000	0.00174745	2500.000000	0.00175127	2500.000000	0.0018164 	2500.000000	1.21508e-07	
2600.000000	0.00184513	2600.000000	0.00182391	2600.000000	0.0017517 	2600.000000	0.00174793	2600.000000	0.00175174	2600.000000	0.00182379	2600.000000	1.17132e-07	
2700.000000	0.001858  	2700.000000	0.00183193	2700.000000	0.00175251	2700.000000	0.00174875	2700.000000	0.00175255	2700.000000	0.00183181	2700.000000	1.13068e-07	
2800.000000	0.0018717 	2800.000000	0.00184051	2800.000000	0.00175362	2800.000000	0.00174987	2800.000000	0.00175366	2800.000000	0.0018404 	2800.000000	1.09285e-07	
2900.000000	0.00188614	2900.000000	0.00184959	2900.000000	0.00175498	2900.000000	0.00175124	2900.000000	0.00175502	2900.000000	0.00184948	2900.000000	1.05754e-07	
3000.000000	0.00190127	3000.000000	0.00185912	3000.000000	0.00175655	3000.000000	0.00175282	3000.000000	0.0017566 	3000.000000	0.00185902	3000.000000	1.02451e-07	
3200.000000	0.00193338	3200.000000	0.00187937	3200.000000	0.00176024	3200.000000	0.0017565 	3200.000000	0.00176027	3200.000000	0.00187927	3200.000000	9.64445e-08	
3400.000000	0.00196768	3400.000000	0.00190095	3400.000000	0.00176445	3400.000000	0.00176072	3400.000000	0.00176447	3400.000000	0.00190086	3400.000000	9.11216e-08	
3600.000000	0.0020039 	3600.000000	0.00192363	3600.000000	0.00176904	3600.000000	0.00176531	3600.000000	0.00176906	3600.000000	0.00192355	3600.000000	8.63713e-08	
3800.000000	0.00204182	3800.000000	0.00194725	3800.000000	0.0017739 	3800.000000	0.00177017	3800.000000	0.00177391	3800.000000	0.00194716	3800.000000	8.21051e-08	
4000.000000	0.00208125	4000.000000	0.00197164	4000.000000	0.00177893	4000.000000	0.00177522	4000.000000	0.00177894	4000.000000	0.00197156	4000.000000	7.82518e-08	
4200.000000	0.00212205	4200.000000	0.00199669	4200.000000	0.00178409	4200.000000	0.00178038	4200.000000	0.0017841 	4200.000000	0.00199661	4200.000000	7.47538e-08	
4400.000000	0.0021641 	4400.000000	0.0020223 	4400.000000	0.00178931	4400.000000	0.00178561	4400.000000	0.00178932	4400.000000	0.00202223	4400.000000	7.15637e-08	
4600.000000	0.0022073 	4600.000000	0.00204841	4600.000000	0.00179457	4600.000000	0.00179088	4600.000000	0.00179458	4600.000000	0.00204834	4600.000000	6.86421e-08	
4800.000000	0.00225157	4800.000000	0.00207493	4800.000000	0.00179983	4800.000000	0.00179614	4800.000000	0.00179984	4800.000000	0.00207486	4800.000000	6.59563e-08	
5000.000000	0.00229684	5000.000000	0.00210182	5000.000000	0.00180507	5000.000000	0.00180139	5000.000000	0.00180509	5000.000000	0.00210175	5000.000000	6.34784e-08	
5250.000000	0.00235474	5250.000000	0.00213587	5250.000000	0.00181157	5250.000000	0.00180791	5250.000000	0.00181159	5250.000000	0.00213581	5250.000000	6.06383e-08	
5500.000000	0.00241401	5500.000000	0.00217034	5500.000000	0.001818  	5500.000000	0.00181434	5500.000000	0.00181802	5500.000000	0.00217029	5500.000000	5.80482e-08	
6000.000000	0.00253634	6000.000000	0.00224032	6000.000000	0.00183055	6000.000000	0.00182691	6000.000000	0.00183057	6000.000000	0.00224026	6000.000000	5.34958e-08	
6500.000000	0.00266332	6500.000000	0.00231135	6500.000000	0.00184265	6500.000000	0.00183901	6500.000000	0.00184266	6500.000000	0.0023113 	6500.000000	4.96228e-08	
7000.000000	0.00279457	7000.000000	0.00238318	7000.000000	0.00185426	7000.000000	0.00185063	7000.000000	0.00185427	7000.000000	0.00238313	7000.000000	4.62863e-08	
7500.000000	0.00292983	7500.000000	0.00245559	7500.000000	0.00186537	7500.000000	0.00186175	7500.000000	0.00186538	7500.000000	0.00245555	7500.000000	4.33813e-08	
8000.000000	0.00306889	8000.000000	0.00252846	8000.000000	0.00187602	8000.000000	0.00187239	8000.000000	0.001876  	8000.000000	0.00252842	8000.000000	4.08285e-08	
8500.000000	0.0032116 	8500.000000	0.00260167	8500.000000	0.00188618	8500.000000	0.00188256	8500.000000	0.00188616	8500.000000	0.00260163	8500.000000	3.8567e-08	
9000.000000	0.00335782	9000.000000	0.00267513	9000.000000	0.00189587	9000.000000	0.0018923 	9000.000000	0.00189589	9000.000000	0.00267509	9000.000000	3.65492e-08	
9500.000000	0.00350746	9500.000000	0.00274878	9500.000000	0.00190517	9500.000000	0.00190162	9500.000000	0.00190519	9500.000000	0.00274874	9500.000000	3.47374e-08	
10000.000000	0.00366045	10000.000000	0.00282257	10000.000000	0.00191409	10000.000000	0.00191055	10000.000000	0.00191411	10000.000000	0.00282254	10000.000000	3.31013e-08	
11000.000000	0.00397623	11000.000000	0.00297043	11000.000000	0.00193088	11000.000000	0.00192735	11000.000000	0.00193087	11000.000000	0.0029704 	11000.000000	3.02624e-08	
12000.000000	0.00430478	12000.000000	0.00311847	12000.000000	0.00194639	12000.000000	0.00194285	12000.000000	0.00194635	12000.000000	0.00311844	12000.000000	2.7883e-08	
13000.000000	0.00464587	13000.000000	0.00326655	13000.000000	0.00196073	13000.000000	0.00195723	13000.000000	0.0019607 	13000.000000	0.00326652	13000.000000	2.58591e-08	
14000.000000	0.00499931	14000.000000	0.00341456	14000.000000	0.00197404	14000.000000	0.00197062	14000.000000	0.00197405	14000.000000	0.00341454	14000.000000	2.41161e-08	
15000.000000	0.00536501	15000.000000	0.00356244	15000.000000	0.00198646	15000.000000	0.00198314	15000.000000	0.00198652	15000.000000	0.00356242	15000.000000	2.25987e-08	
16000.000000	0.00574289	16000.000000	0.00371015	16000.000000	0.00199812	16000.000000	0.00199487	16000.000000	0.00199821	16000.000000	0.00371013	16000.000000	2.12656e-08	
17000.000000	0.00613292	17000.000000	0.00385766	17000.000000	0.00200911	17000.000000	0.0020059 	17000.000000	0.00200921	17000.000000	0.00385764	17000.000000	2.00847e-08	
18000.000000	0.00653506	18000.000000	0.00400495	18000.000000	0.00201949	18000.000000	0.00201632	18000.000000	0.00201958	18000.000000	0.00400493	18000.000000	1.90313e-08	
19000.000000	0.00694932	19000.000000	0.004152  	19000.000000	0.00202933	19000.000000	0.00202617	19000.000000	0.00202938	19000.000000	0.00415198	19000.000000	1.80856e-08	
20000.000000	0.00737571	20000.000000	0.00429882	20000.000000	0.00203868	20000.000000	0.00203551	20000.000000	0.00203867	20000.000000	0.0042988 	20000.000000	1.72317e-08	
21000.000000	0.00781423	21000.000000	0.00444539	21000.000000	0.00204756	21000.000000	0.00204439	21000.000000	0.0020475 	21000.000000	0.00444537	21000.000000	1.64568e-08	
22000.000000	0.00826492	22000.000000	0.00459171	22000.000000	0.00205596	22000.000000	0.00205284	22000.000000	0.0020559 	22000.000000	0.0045917 	22000.000000	1.57503e-08	
23000.000000	0.0087278 	23000.000000	0.00473779	23000.000000	0.00206391	23000.000000	0.00206092	23000.000000	0.00206392	23000.000000	0.00473778	23000.000000	1.51035e-08	
24000.000000	0.00920292	24000.000000	0.00488363	24000.000000	0.00207155	24000.000000	0.00206864	24000.000000	0.00207158	24000.000000	0.00488362	24000.000000	1.4509e-08	
25000.000000	0.00969032	25000.000000	0.00502924	25000.000000	0.00207895	25000.000000	0.00207603	25000.000000	0.00207891	25000.000000	0.00502922	25000.000000	1.39608e-08	
26000.000000	0.01019   	26000.000000	0.0051746 	26000.000000	0.00208604	26000.000000	0.00208313	26000.000000	0.00208594	26000.000000	0.00517459	26000.000000	1.34535e-08	
27000.000000	0.0107021 	27000.000000	0.00531974	27000.000000	0.00209276	27000.000000	0.00208994	27000.000000	0.00209269	27000.000000	0.00531973	27000.000000	1.29827e-08	
28000.000000	0.0112266 	28000.000000	0.00546465	28000.000000	0.00209921	28000.000000	0.0020965 	28000.000000	0.00209918	28000.000000	0.00546464	28000.000000	1.25445e-08	
29000.000000	0.0117636 	29000.000000	0.00560934	29000.000000	0.00210543	29000.000000	0.00210282	29000.000000	0.00210542	29000.000000	0.00560933	29000.000000	1.21357e-08	
30000.000000	0.0123131 	30000.000000	0.00575382	30000.000000	0.00211145	30000.000000	0.00210891	30000.000000	0.00211144	30000.000000	0.00575381	30000.000000	1.17534e-08	
32000.000000	0.0134499 	32000.000000	0.00604213	32000.000000	0.00212288	32000.000000	0.00212048	32000.000000	0.00212286	32000.000000	0.00604212	32000.000000	1.10584e-08	
34000.000000	0.0146376 	34000.000000	0.00632964	34000.000000	0.00213355	34000.000000	0.00213131	34000.000000	0.00213353	34000.000000	0.00632963	34000.000000	1.0443e-08	
36000.000000	0.0158765 	36000.000000	0.00661637	36000.000000	0.00214357	36000.000000	0.0021415 	36000.000000	0.00214354	36000.000000	0.00661636	36000.000000	9.89402e-09	
38000.000000	0.0171673 	38000.000000	0.00690236	38000.000000	0.00215301	38000.000000	0.0021511 	38000.000000	0.00215296	38000.000000	0.00690235	38000.000000	9.40124e-09	
40000.000000	0.0185105 	40000.000000	0.00718763	40000.000000	0.00216193	40000.000000	0.00216018	40000.000000	0.00216185	40000.000000	0.00718763	40000.000000	8.95638e-09	
42000.000000	0.0199065 	42000.000000	0.00747224	42000.000000	0.00217036	42000.000000	0.00216879	42000.000000	0.00217026	42000.000000	0.00747223	42000.000000	8.55271e-09	
44000.000000	0.021356  	44000.000000	0.00775619	44000.000000	0.00217836	44000.000000	0.00217698	44000.000000	0.00217824	44000.000000	0.00775618	44000.000000	8.18473e-09	
46000.000000	0.0228595 	46000.000000	0.00803951	46000.000000	0.00218595	46000.000000	0.00218478	46000.000000	0.00218582	46000.000000	0.00803951	46000.000000	7.84786e-09	
48000.000000	0.0244176 	48000.000000	0.00832224	48000.000000	0.00219319	48000.000000	0.00219223	48000.000000	0.00219304	48000.000000	0.00832224	48000.000000	7.53829e-09	
50000.000000	0.0260308 	50000.000000	0.0086044 	50000.000000	0.00220008	50000.000000	0.00219936	50000.000000	0.00219993	50000.000000	0.00860439	50000.000000	7.2528e-09	
