*Energy (MeV/u)1	0 - [He-base] F.Hubert et al, AD&ND Tables 46(1990)1	Energy (MeV/u)2	1 - [H -base] J.F.Ziegler et al, Pergamon Press, NY (low energy)	Energy (MeV/u)3	2 - ATIMA 1.2  LS-theory (recommended for high energy)	Energy (MeV/u)4	3 - ATIMA 1.2  without LS-correction	Energy (MeV/u)5	4 - electrical component of [1] - J.F.Ziegler et al	Energy (MeV/u)6	5 - nuclear component of [1] - J.F.Ziegler et al	
0.001000	9.14579e-07	0.001000	1.10333e-06	0.001000	1.37117e-06	0.001000	1.37117e-06	0.001000	5.82066e-07	0.001000	5.21261e-07	
0.002000	1.16863e-06	0.002000	1.28354e-06	0.002000	1.6241e-06	0.002000	1.6241e-06	0.002000	9.39817e-07	0.002000	3.43722e-07	
0.005000	1.80803e-06	0.005000	1.86206e-06	0.005000	2.27039e-06	0.005000	2.27039e-06	0.005000	1.67984e-06	0.005000	1.82219e-07	
0.008000	2.28724e-06	0.008000	2.32421e-06	0.008000	2.73253e-06	0.008000	2.73253e-06	0.008000	2.19523e-06	0.008000	1.2898e-07	
0.010000	2.5516e-06	0.010000	2.58185e-06	0.010000	2.9771e-06	0.010000	2.9771e-06	0.010000	2.47293e-06	0.010000	1.08917e-07	
0.015000	3.2555e-06	0.015000	3.26639e-06	0.015000	3.46056e-06	0.015000	3.46056e-06	0.015000	3.18684e-06	0.015000	7.95556e-08	
0.020000	3.84438e-06	0.020000	3.75115e-06	0.020000	3.83751e-06	0.020000	3.83751e-06	0.020000	3.68778e-06	0.020000	6.3362e-08	
0.025000	4.3465e-06	0.025000	4.17164e-06	0.025000	4.15496e-06	0.025000	4.15496e-06	0.025000	4.11865e-06	0.025000	5.29827e-08	
0.030000	4.77696e-06	0.030000	4.60226e-06	0.030000	4.50871e-06	0.030000	4.50871e-06	0.030000	4.55655e-06	0.030000	4.57135e-08	
0.035000	5.14487e-06	0.035000	5.04113e-06	0.035000	4.82717e-06	0.035000	4.82717e-06	0.035000	5.00081e-06	0.035000	4.03145e-08	
0.040000	5.45654e-06	0.040000	5.47005e-06	0.040000	5.11808e-06	0.040000	5.11808e-06	0.040000	5.43392e-06	0.040000	3.61328e-08	
0.045000	5.71703e-06	0.045000	5.87558e-06	0.045000	5.38648e-06	0.045000	5.38648e-06	0.045000	5.84279e-06	0.045000	3.27905e-08	
0.050000	5.93086e-06	0.050000	6.25058e-06	0.050000	5.63575e-06	0.050000	5.63575e-06	0.050000	6.22052e-06	0.050000	3.00528e-08	
0.055000	6.10244e-06	0.055000	6.59225e-06	0.055000	5.86822e-06	0.055000	5.86822e-06	0.055000	6.56449e-06	0.055000	2.77659e-08	
0.060000	6.23613e-06	0.060000	6.90039e-06	0.060000	6.08557e-06	0.060000	6.08557e-06	0.060000	6.87457e-06	0.060000	2.58246e-08	
0.070000	6.40712e-06	0.070000	7.42169e-06	0.070000	6.47945e-06	0.070000	6.47945e-06	0.070000	7.39899e-06	0.070000	2.27011e-08	
0.080000	6.47704e-06	0.080000	7.83077e-06	0.080000	6.82406e-06	0.080000	6.82406e-06	0.080000	7.81048e-06	0.080000	2.02923e-08	
0.090000	6.47533e-06	0.090000	8.14625e-06	0.090000	7.12372e-06	0.090000	7.12372e-06	0.090000	8.12788e-06	0.090000	1.83738e-08	
0.100000	6.42608e-06	0.100000	8.38512e-06	0.100000	7.38167e-06	0.100000	7.38167e-06	0.100000	8.36832e-06	0.100000	1.68071e-08	
0.120000	6.25329e-06	0.120000	8.68792e-06	0.120000	7.78362e-06	0.120000	7.78362e-06	0.120000	8.67353e-06	0.120000	1.43962e-08	
0.140000	6.04922e-06	0.140000	8.82488e-06	0.140000	8.05151e-06	0.140000	8.05151e-06	0.140000	8.81226e-06	0.140000	1.26225e-08	
0.160000	5.85245e-06	0.160000	8.85167e-06	0.160000	8.20669e-06	0.160000	8.20669e-06	0.160000	8.84041e-06	0.160000	1.12591e-08	
0.180000	5.67512e-06	0.180000	8.80452e-06	0.180000	8.26994e-06	0.180000	8.26994e-06	0.180000	8.79435e-06	0.180000	1.01762e-08	
0.200000	5.51814e-06	0.200000	8.7075e-06	0.200000	8.26043e-06	0.200000	8.26043e-06	0.200000	8.69821e-06	0.200000	9.29392e-09	
0.250000	5.19408e-06	0.250000	8.34218e-06	0.250000	8.02296e-06	0.250000	8.02296e-06	0.250000	8.33452e-06	0.250000	7.66444e-09	
0.300000	4.92944e-06	0.300000	7.9024e-06	0.300000	7.62445e-06	0.300000	7.62445e-06	0.300000	7.89586e-06	0.300000	6.54316e-09	
0.350000	4.69613e-06	0.350000	7.45201e-06	0.350000	7.17595e-06	0.350000	7.17595e-06	0.350000	7.44629e-06	0.350000	5.72157e-09	
0.400000	4.48244e-06	0.400000	7.01917e-06	0.400000	6.73297e-06	0.400000	6.73297e-06	0.400000	7.01408e-06	0.400000	5.09214e-09	
0.450000	4.284e-06 	0.450000	6.61555e-06	0.450000	6.31973e-06	0.450000	6.31973e-06	0.450000	6.61096e-06	0.450000	4.59359e-09	
0.500000	4.09912e-06	0.500000	6.24489e-06	0.500000	5.94443e-06	0.500000	5.94443e-06	0.500000	6.2407e-06	0.500000	4.18836e-09	
0.600000	3.76691e-06	0.600000	5.60018e-06	0.600000	5.30663e-06	0.600000	5.30663e-06	0.600000	5.59661e-06	0.600000	3.56837e-09	
0.700000	3.48008e-06	0.700000	5.06844e-06	0.700000	4.7965e-06	0.700000	4.7965e-06	0.700000	5.06532e-06	0.700000	3.11518e-09	
0.800000	3.23245e-06	0.800000	4.62773e-06	0.800000	4.38382e-06	0.800000	4.38382e-06	0.800000	4.62496e-06	0.800000	2.76866e-09	
0.900000	3.0178e-06	0.900000	4.25877e-06	0.900000	4.04412e-06	0.900000	4.04412e-06	0.900000	4.25627e-06	0.900000	2.49465e-09	
1.000000	2.83056e-06	1.000000	3.94627e-06	1.000000	3.75952e-06	1.000000	3.75952e-06	1.000000	3.944e-06 	1.000000	2.27225e-09	
1.250000	2.45379e-06	1.250000	3.34193e-06	1.250000	3.2134e-06	1.250000	3.2134e-06	1.250000	3.34006e-06	1.250000	1.86366e-09	
1.500000	2.1693e-06	1.500000	2.90555e-06	1.500000	2.81893e-06	1.500000	2.81893e-06	1.500000	2.90396e-06	1.500000	1.58428e-09	
1.750000	1.94648e-06	1.750000	2.57474e-06	1.750000	2.51764e-06	1.750000	2.51764e-06	1.750000	2.57336e-06	1.750000	1.38058e-09	
2.000000	1.7669e-06	2.000000	2.31463e-06	2.000000	2.27845e-06	2.000000	2.27845e-06	2.000000	2.31341e-06	2.000000	1.22516e-09	
2.250000	1.61889e-06	2.250000	2.10436e-06	2.250000	2.08315e-06	2.250000	2.08315e-06	2.250000	2.10325e-06	2.250000	1.10248e-09	
2.500000	1.46965e-06	2.500000	1.93062e-06	2.500000	1.92028e-06	2.500000	1.92028e-06	2.500000	1.92962e-06	2.500000	1.00306e-09	
3.000000	1.28278e-06	3.000000	1.65992e-06	3.000000	1.66346e-06	3.000000	1.66346e-06	3.000000	1.65907e-06	3.000000	8.51497e-10	
3.500000	1.14113e-06	3.500000	1.45845e-06	3.500000	1.4697e-06	3.500000	1.4697e-06	3.500000	1.45771e-06	3.500000	7.4117e-10	
4.000000	1.02972e-06	4.000000	1.30249e-06	4.000000	1.31807e-06	4.000000	1.31807e-06	4.000000	1.30183e-06	4.000000	6.571e-10 	
4.500000	9.39616e-07	4.500000	1.17808e-06	4.500000	1.19607e-06	4.500000	1.19607e-06	4.500000	1.17749e-06	4.500000	5.90813e-10	
5.000000	8.65108e-07	5.000000	1.07645e-06	5.000000	1.0957e-06	5.000000	1.0957e-06	5.000000	1.07591e-06	5.000000	5.37145e-10	
5.500000	8.0239e-07	5.500000	9.91803e-07	5.500000	1.01162e-06	5.500000	1.01162e-06	5.500000	9.91311e-07	5.500000	4.92766e-10	
6.000000	7.48812e-07	6.000000	9.20164e-07	6.000000	9.40112e-07	6.000000	9.40112e-07	6.000000	9.19708e-07	6.000000	4.55427e-10	
6.500000	7.02472e-07	6.500000	8.58706e-07	6.500000	8.78519e-07	6.500000	8.78519e-07	6.500000	8.58283e-07	6.500000	4.23558e-10	
7.000000	6.61967e-07	7.000000	8.05371e-07	7.000000	8.24881e-07	7.000000	8.24881e-07	7.000000	8.04975e-07	7.000000	3.96024e-10	
7.500000	6.26239e-07	7.500000	7.58623e-07	7.500000	7.77726e-07	7.500000	7.77726e-07	7.500000	7.58251e-07	7.500000	3.71985e-10	
8.000000	5.94472e-07	8.000000	7.1729e-07	8.000000	7.35925e-07	8.000000	7.35925e-07	8.000000	7.16939e-07	8.000000	3.50809e-10	
8.500000	5.66029e-07	8.500000	6.80466e-07	8.500000	6.98599e-07	8.500000	6.98599e-07	8.500000	6.80134e-07	8.500000	3.32005e-10	
9.000000	5.40405e-07	9.000000	6.47438e-07	9.000000	6.65054e-07	9.000000	6.65054e-07	9.000000	6.47123e-07	9.000000	3.15192e-10	
9.500000	5.17192e-07	9.500000	6.17636e-07	9.500000	6.34732e-07	9.500000	6.34732e-07	9.500000	6.17336e-07	9.500000	3.00065e-10	
10.000000	4.96058e-07	10.000000	5.72736e-07	10.000000	6.07182e-07	10.000000	6.07182e-07	10.000000	5.7245e-07	10.000000	2.8638e-10	
11.000000	4.58984e-07	11.000000	5.32358e-07	11.000000	5.58433e-07	11.000000	5.58463e-07	11.000000	5.32096e-07	11.000000	2.62571e-10	
12.000000	4.27498e-07	12.000000	4.97658e-07	12.000000	5.17375e-07	12.000000	5.17424e-07	12.000000	4.97416e-07	12.000000	2.42553e-10	
13.000000	4.00406e-07	13.000000	4.67507e-07	13.000000	4.82337e-07	13.000000	4.82392e-07	13.000000	4.67282e-07	13.000000	2.25477e-10	
14.000000	3.76832e-07	14.000000	4.41057e-07	14.000000	4.52096e-07	14.000000	4.52147e-07	14.000000	4.40846e-07	14.000000	2.10731e-10	
15.000000	3.5612e-07	15.000000	4.17658e-07	15.000000	4.25732e-07	15.000000	4.25783e-07	15.000000	4.1746e-07	15.000000	1.97864e-10	
16.000000	3.37771e-07	16.000000	3.96805e-07	16.000000	4.02559e-07	16.000000	4.02608e-07	16.000000	3.96619e-07	16.000000	1.86534e-10	
17.000000	3.21395e-07	17.000000	3.78099e-07	17.000000	3.82045e-07	17.000000	3.82088e-07	17.000000	3.77922e-07	17.000000	1.76477e-10	
18.000000	3.06684e-07	18.000000	3.6122e-07	18.000000	3.63769e-07	18.000000	3.63802e-07	18.000000	3.61052e-07	18.000000	1.67489e-10	
19.000000	2.93392e-07	19.000000	3.45909e-07	19.000000	3.4739e-07	19.000000	3.47414e-07	19.000000	3.4575e-07	19.000000	1.59405e-10	
20.000000	2.8132e-07	20.000000	3.31955e-07	20.000000	3.32629e-07	20.000000	3.32653e-07	20.000000	3.31803e-07	20.000000	1.52093e-10	
21.000000	2.70304e-07	21.000000	3.19183e-07	21.000000	3.1927e-07	21.000000	3.19296e-07	21.000000	3.19037e-07	21.000000	1.45448e-10	
22.000000	2.60209e-07	22.000000	3.07446e-07	22.000000	3.07142e-07	22.000000	3.07161e-07	22.000000	3.07306e-07	22.000000	1.3938e-10	
23.000000	2.50921e-07	23.000000	2.96621e-07	23.000000	2.96091e-07	23.000000	2.96097e-07	23.000000	2.96488e-07	23.000000	1.33816e-10	
24.000000	2.42347e-07	24.000000	2.86606e-07	24.000000	2.85981e-07	24.000000	2.85973e-07	24.000000	2.86477e-07	24.000000	1.28696e-10	
25.000000	2.34405e-07	25.000000	2.77311e-07	25.000000	2.76704e-07	25.000000	2.76684e-07	25.000000	2.77187e-07	25.000000	1.23968e-10	
27.000000	2.20152e-07	27.000000	2.60587e-07	27.000000	2.60301e-07	27.000000	2.60249e-07	27.000000	2.60471e-07	27.000000	1.15517e-10	
29.000000	2.07719e-07	29.000000	2.45956e-07	29.000000	2.46265e-07	29.000000	2.462e-07 	29.000000	2.45848e-07	29.000000	1.08184e-10	
31.000000	1.96773e-07	31.000000	2.33044e-07	31.000000	2.33625e-07	31.000000	2.33557e-07	31.000000	2.32942e-07	31.000000	1.01757e-10	
33.000000	1.87058e-07	33.000000	2.2156e-07	33.000000	2.2198e-07	33.000000	2.21891e-07	33.000000	2.21464e-07	33.000000	9.60764e-11	
35.000000	1.78374e-07	35.000000	2.11278e-07	35.000000	2.11547e-07	35.000000	2.11463e-07	35.000000	2.11187e-07	35.000000	9.10182e-11	
38.000000	1.6694e-07	38.000000	1.97719e-07	38.000000	1.97835e-07	38.000000	1.97737e-07	38.000000	1.97634e-07	38.000000	8.43885e-11	
41.000000	1.57064e-07	41.000000	1.85988e-07	41.000000	1.85984e-07	41.000000	1.85884e-07	41.000000	1.8591e-07	41.000000	7.86899e-11	
44.000000	1.48442e-07	44.000000	1.75736e-07	44.000000	1.75628e-07	44.000000	1.75539e-07	44.000000	1.75662e-07	44.000000	7.3737e-11	
47.000000	1.40846e-07	47.000000	1.66696e-07	47.000000	1.66529e-07	47.000000	1.66428e-07	47.000000	1.66626e-07	47.000000	6.93909e-11	
50.000000	1.34098e-07	50.000000	1.58662e-07	50.000000	1.58441e-07	50.000000	1.5834e-07	50.000000	1.58596e-07	50.000000	6.55454e-11	
55.000000	1.24379e-07	55.000000	1.47085e-07	55.000000	1.46808e-07	55.000000	1.46697e-07	55.000000	1.47025e-07	55.000000	6.00319e-11	
60.000000	1.16173e-07	60.000000	1.37311e-07	60.000000	1.3698e-07	60.000000	1.36878e-07	60.000000	1.37256e-07	60.000000	5.54018e-11	
65.000000	1.09146e-07	65.000000	1.28944e-07	65.000000	1.28584e-07	65.000000	1.2848e-07	65.000000	1.28892e-07	65.000000	5.14565e-11	
70.000000	1.03056e-07	70.000000	1.21697e-07	70.000000	1.21317e-07	70.000000	1.21211e-07	70.000000	1.21649e-07	70.000000	4.8053e-11	
75.000000	9.77239e-08	75.000000	1.15358e-07	75.000000	1.14954e-07	75.000000	1.14857e-07	75.000000	1.15313e-07	75.000000	4.50858e-11	
80.000000	9.30138e-08	80.000000	1.09764e-07	80.000000	1.09358e-07	80.000000	1.09252e-07	80.000000	1.09721e-07	80.000000	4.24752e-11	
85.000000	8.88205e-08	85.000000	1.04789e-07	85.000000	1.0437e-07	85.000000	1.0427e-07	85.000000	1.04749e-07	85.000000	4.01599e-11	
90.000000	8.50615e-08	90.000000	1.00336e-07	90.000000	9.99082e-08	90.000000	9.98121e-08	90.000000	1.00298e-07	90.000000	3.80919e-11	
95.000000	8.16714e-08	95.000000	9.63251e-08	95.000000	9.59015e-08	95.000000	9.57987e-08	95.000000	9.62889e-08	95.000000	3.62333e-11	
100.000000	7.85971e-08	100.000000	9.26935e-08	100.000000	9.22643e-08	100.000000	9.21659e-08	100.000000	9.26589e-08	100.000000	3.45534e-11	
105.000000	7.57954e-08	105.000000	8.93891e-08	105.000000	8.89561e-08	105.000000	8.88617e-08	105.000000	8.93561e-08	105.000000	3.30274e-11	
110.000000	7.32309e-08	110.000000	8.63693e-08	110.000000	8.59327e-08	110.000000	8.5843e-08	110.000000	8.63376e-08	110.000000	3.16348e-11	
115.000000	7.08739e-08	115.000000	8.35984e-08	115.000000	8.31671e-08	115.000000	8.30741e-08	115.000000	8.35681e-08	115.000000	3.03587e-11	
120.000000	6.86995e-08	120.000000	8.10468e-08	120.000000	8.062e-08 	120.000000	8.05251e-08	120.000000	8.10176e-08	120.000000	2.91848e-11	
125.000000	6.66869e-08	125.000000	7.86891e-08	125.000000	7.82606e-08	125.000000	7.81706e-08	125.000000	7.8661e-08	125.000000	2.81013e-11	
130.000000	6.48182e-08	130.000000	7.6504e-08	130.000000	7.60765e-08	130.000000	7.59891e-08	130.000000	7.64769e-08	130.000000	2.7098e-11	
135.000000	6.30781e-08	135.000000	7.44729e-08	135.000000	7.40533e-08	135.000000	7.39621e-08	135.000000	7.44467e-08	135.000000	2.61662e-11	
140.000000	6.14534e-08	140.000000	7.25801e-08	140.000000	7.21653e-08	140.000000	7.20737e-08	140.000000	7.25548e-08	140.000000	2.52984e-11	
145.000000	5.99327e-08	145.000000	7.08118e-08	145.000000	7.03983e-08	145.000000	7.03101e-08	145.000000	7.07873e-08	145.000000	2.44882e-11	
150.000000	5.85061e-08	150.000000	6.91561e-08	150.000000	6.87454e-08	150.000000	6.86594e-08	150.000000	6.91323e-08	150.000000	2.373e-11 	
155.000000	5.64975e-08	155.000000	6.76024e-08	155.000000	6.71939e-08	155.000000	6.71109e-08	155.000000	6.75794e-08	155.000000	2.30189e-11	
160.000000	5.53202e-08	160.000000	6.61416e-08	160.000000	6.57379e-08	160.000000	6.56556e-08	160.000000	6.61193e-08	160.000000	2.23505e-11	
165.000000	5.42099e-08	165.000000	6.47656e-08	165.000000	6.43706e-08	165.000000	6.42852e-08	165.000000	6.47439e-08	165.000000	2.17212e-11	
170.000000	5.31611e-08	170.000000	6.34672e-08	170.000000	6.30782e-08	170.000000	6.29925e-08	170.000000	6.34461e-08	170.000000	2.11274e-11	
175.000000	5.21688e-08	175.000000	6.22399e-08	175.000000	6.18542e-08	175.000000	6.17711e-08	175.000000	6.22194e-08	175.000000	2.05663e-11	
180.000000	5.12283e-08	180.000000	6.10781e-08	180.000000	6.06967e-08	180.000000	6.06154e-08	180.000000	6.10581e-08	180.000000	2.00352e-11	
185.000000	5.03358e-08	185.000000	5.99767e-08	185.000000	5.95995e-08	185.000000	5.952e-08 	185.000000	5.99571e-08	185.000000	1.95318e-11	
190.000000	4.94875e-08	190.000000	5.8931e-08	190.000000	5.85579e-08	190.000000	5.84806e-08	190.000000	5.89119e-08	190.000000	1.90539e-11	
195.000000	4.86802e-08	195.000000	5.79369e-08	195.000000	5.75706e-08	195.000000	5.74928e-08	195.000000	5.79183e-08	195.000000	1.85995e-11	
200.000000	4.79111e-08	200.000000	5.69908e-08	200.000000	5.66332e-08	200.000000	5.65531e-08	200.000000	5.69726e-08	200.000000	1.81671e-11	
210.000000	4.64766e-08	210.000000	5.5229e-08	210.000000	5.48829e-08	210.000000	5.48042e-08	210.000000	5.52117e-08	210.000000	1.73617e-11	
220.000000	4.51656e-08	220.000000	5.36222e-08	220.000000	5.32864e-08	220.000000	5.32105e-08	220.000000	5.36055e-08	220.000000	1.66268e-11	
230.000000	4.39626e-08	230.000000	5.21507e-08	230.000000	5.18252e-08	230.000000	5.17523e-08	230.000000	5.21348e-08	230.000000	1.59536e-11	
240.000000	4.28547e-08	240.000000	5.07984e-08	240.000000	5.04881e-08	240.000000	5.04132e-08	240.000000	5.0783e-08	240.000000	1.53344e-11	
250.000000	4.1831e-08	250.000000	4.95513e-08	250.000000	4.92545e-08	250.000000	4.91795e-08	250.000000	4.95365e-08	250.000000	1.4763e-11	
260.000000	4.08823e-08	260.000000	4.83977e-08	260.000000	4.81118e-08	260.000000	4.80393e-08	260.000000	4.83835e-08	260.000000	1.42339e-11	
270.000000	4.00005e-08	270.000000	4.73276e-08	270.000000	4.70531e-08	270.000000	4.69825e-08	270.000000	4.73139e-08	270.000000	1.37426e-11	
280.000000	3.91789e-08	280.000000	4.63324e-08	280.000000	4.60694e-08	280.000000	4.60006e-08	280.000000	4.63191e-08	280.000000	1.32852e-11	
290.000000	3.84114e-08	290.000000	4.54045e-08	290.000000	4.51568e-08	290.000000	4.50859e-08	290.000000	4.53916e-08	290.000000	1.28582e-11	
300.000000	3.7693e-08	300.000000	4.45374e-08	300.000000	4.43031e-08	300.000000	4.4232e-08	300.000000	4.45249e-08	300.000000	1.24586e-11	
310.000000	3.70191e-08	310.000000	4.37254e-08	310.000000	4.35022e-08	310.000000	4.34331e-08	310.000000	4.37134e-08	310.000000	1.20839e-11	
320.000000	3.63857e-08	320.000000	4.29636e-08	320.000000	4.27521e-08	320.000000	4.26842e-08	320.000000	4.29519e-08	320.000000	1.17317e-11	
330.000000	3.57892e-08	330.000000	4.22476e-08	330.000000	4.20471e-08	330.000000	4.1981e-08	330.000000	4.22362e-08	330.000000	1.14002e-11	
340.000000	3.52267e-08	340.000000	4.15733e-08	340.000000	4.13848e-08	340.000000	4.13194e-08	340.000000	4.15622e-08	340.000000	1.10874e-11	
350.000000	3.46953e-08	350.000000	4.09374e-08	350.000000	4.07631e-08	350.000000	4.0696e-08	350.000000	4.09266e-08	350.000000	1.07919e-11	
360.000000	3.41925e-08	360.000000	4.03367e-08	360.000000	4.01753e-08	360.000000	4.01077e-08	360.000000	4.03262e-08	360.000000	1.05123e-11	
370.000000	3.37162e-08	370.000000	3.97685e-08	370.000000	3.9618e-08	370.000000	3.95517e-08	370.000000	3.97583e-08	370.000000	1.02472e-11	
380.000000	3.32644e-08	380.000000	3.92303e-08	380.000000	3.90907e-08	380.000000	3.90256e-08	380.000000	3.92203e-08	380.000000	9.99554e-12	
390.000000	3.28351e-08	390.000000	3.87199e-08	390.000000	3.85912e-08	390.000000	3.8527e-08	390.000000	3.87101e-08	390.000000	9.75636e-12	
400.000000	3.2427e-08	400.000000	3.82352e-08	400.000000	3.81169e-08	400.000000	3.80541e-08	400.000000	3.82257e-08	400.000000	9.52871e-12	
410.000000	3.20384e-08	410.000000	3.77744e-08	410.000000	3.7667e-08	410.000000	3.76048e-08	410.000000	3.77651e-08	410.000000	9.31178e-12	
420.000000	3.1668e-08	420.000000	3.73359e-08	420.000000	3.72408e-08	420.000000	3.71776e-08	420.000000	3.73268e-08	420.000000	9.10481e-12	
430.000000	3.13147e-08	430.000000	3.69181e-08	430.000000	3.68353e-08	430.000000	3.6771e-08	430.000000	3.69092e-08	430.000000	8.90713e-12	
440.000000	3.09774e-08	440.000000	3.65197e-08	440.000000	3.64476e-08	440.000000	3.63836e-08	440.000000	3.6511e-08	440.000000	8.71811e-12	
450.000000	3.06549e-08	450.000000	3.61395e-08	450.000000	3.60771e-08	450.000000	3.60142e-08	450.000000	3.6131e-08	450.000000	8.53721e-12	
460.000000	3.03465e-08	460.000000	3.57762e-08	460.000000	3.57236e-08	460.000000	3.56615e-08	460.000000	3.57679e-08	460.000000	8.36389e-12	
470.000000	3.00511e-08	470.000000	3.54289e-08	470.000000	3.5386e-08	470.000000	3.53246e-08	470.000000	3.54207e-08	470.000000	8.19769e-12	
480.000000	2.97682e-08	480.000000	3.50965e-08	480.000000	3.5063e-08	480.000000	3.50024e-08	480.000000	3.50884e-08	480.000000	8.03817e-12	
490.000000	2.94969e-08	490.000000	3.47782e-08	490.000000	3.47538e-08	490.000000	3.46941e-08	490.000000	3.47703e-08	490.000000	7.88494e-12	
500.000000	2.92366e-08	500.000000	3.44731e-08	500.000000	3.44582e-08	500.000000	3.43989e-08	500.000000	3.44654e-08	500.000000	7.73762e-12	
520.000000	2.87465e-08	520.000000	3.38998e-08	520.000000	3.39054e-08	520.000000	3.38447e-08	520.000000	3.38923e-08	520.000000	7.4594e-12	
540.000000	2.82936e-08	540.000000	3.33711e-08	540.000000	3.33952e-08	540.000000	3.33343e-08	540.000000	3.33639e-08	540.000000	7.20108e-12	
560.000000	2.7874e-08	560.000000	3.28824e-08	560.000000	3.29226e-08	560.000000	3.28631e-08	560.000000	3.28754e-08	560.000000	6.96058e-12	
580.000000	2.74845e-08	580.000000	3.24296e-08	580.000000	3.24857e-08	580.000000	3.24272e-08	580.000000	3.24229e-08	580.000000	6.7361e-12	
600.000000	2.71222e-08	600.000000	3.20093e-08	600.000000	3.20803e-08	600.000000	3.20229e-08	600.000000	3.20028e-08	600.000000	6.52608e-12	
620.000000	2.67847e-08	620.000000	3.16184e-08	620.000000	3.1704e-08	620.000000	3.16474e-08	620.000000	3.16121e-08	620.000000	6.32915e-12	
640.000000	2.64696e-08	640.000000	3.12543e-08	640.000000	3.13554e-08	640.000000	3.12978e-08	640.000000	3.12481e-08	640.000000	6.14411e-12	
660.000000	2.61752e-08	660.000000	3.09145e-08	660.000000	3.10302e-08	660.000000	3.09718e-08	660.000000	3.09085e-08	660.000000	5.9699e-12	
680.000000	2.58996e-08	680.000000	3.05969e-08	680.000000	3.07251e-08	680.000000	3.06674e-08	680.000000	3.05911e-08	680.000000	5.8056e-12	
700.000000	2.56414e-08	700.000000	3.02998e-08	700.000000	3.04395e-08	700.000000	3.03827e-08	700.000000	3.02941e-08	700.000000	5.65036e-12	
720.000000	2.53991e-08	720.000000	3.00214e-08	720.000000	3.01722e-08	720.000000	3.0116e-08	720.000000	3.00159e-08	720.000000	5.50346e-12	
740.000000	2.51715e-08	740.000000	2.97603e-08	740.000000	2.99215e-08	740.000000	2.98659e-08	740.000000	2.97549e-08	740.000000	5.36423e-12	
760.000000	2.49576e-08	760.000000	2.95151e-08	760.000000	2.96858e-08	760.000000	2.96311e-08	760.000000	2.95099e-08	760.000000	5.23208e-12	
780.000000	2.47563e-08	780.000000	2.92846e-08	780.000000	2.94646e-08	780.000000	2.94103e-08	780.000000	2.92795e-08	780.000000	5.10648e-12	
800.000000	2.45668e-08	800.000000	2.90679e-08	800.000000	2.92573e-08	800.000000	2.92026e-08	800.000000	2.90629e-08	800.000000	4.98695e-12	
820.000000	2.43883e-08	820.000000	2.88638e-08	820.000000	2.90623e-08	820.000000	2.90069e-08	820.000000	2.88589e-08	820.000000	4.87305e-12	
840.000000	2.42199e-08	840.000000	2.86715e-08	840.000000	2.88782e-08	840.000000	2.88224e-08	840.000000	2.86667e-08	840.000000	4.76439e-12	
860.000000	2.4061e-08	860.000000	2.84902e-08	860.000000	2.87038e-08	860.000000	2.86483e-08	860.000000	2.84855e-08	860.000000	4.66062e-12	
880.000000	2.39111e-08	880.000000	2.83192e-08	880.000000	2.85388e-08	880.000000	2.84838e-08	880.000000	2.83146e-08	880.000000	4.56141e-12	
900.000000	2.37695e-08	900.000000	2.81577e-08	900.000000	2.83827e-08	900.000000	2.83283e-08	900.000000	2.81533e-08	900.000000	4.46646e-12	
920.000000	2.36357e-08	920.000000	2.80053e-08	920.000000	2.82351e-08	920.000000	2.81813e-08	920.000000	2.80009e-08	920.000000	4.3755e-12	
940.000000	2.35094e-08	940.000000	2.78613e-08	940.000000	2.80956e-08	940.000000	2.8042e-08	940.000000	2.7857e-08	940.000000	4.28828e-12	
960.000000	2.33899e-08	960.000000	2.77252e-08	960.000000	2.79634e-08	960.000000	2.79102e-08	960.000000	2.7721e-08	960.000000	4.20458e-12	
980.000000	2.3277e-08	980.000000	2.75965e-08	980.000000	2.78381e-08	980.000000	2.77852e-08	980.000000	2.75924e-08	980.000000	4.12418e-12	
1000.000000	2.31703e-08	1000.000000	2.74748e-08	1000.000000	2.77192e-08	1000.000000	2.76666e-08	1000.000000	2.74708e-08	1000.000000	4.04688e-12	
1020.000000	2.30694e-08	1020.000000	2.73598e-08	1020.000000	2.76064e-08	1020.000000	2.75541e-08	1020.000000	2.73558e-08	1020.000000	3.97252e-12	
1040.000000	2.2974e-08	1040.000000	2.72509e-08	1040.000000	2.74992e-08	1040.000000	2.74473e-08	1040.000000	2.7247e-08	1040.000000	3.90092e-12	
1060.000000	2.28838e-08	1060.000000	2.7148e-08	1060.000000	2.73973e-08	1060.000000	2.73459e-08	1060.000000	2.71441e-08	1060.000000	3.83194e-12	
1080.000000	2.27985e-08	1080.000000	2.70506e-08	1080.000000	2.73006e-08	1080.000000	2.72495e-08	1080.000000	2.70468e-08	1080.000000	3.76542e-12	
1100.000000	2.2718e-08	1100.000000	2.69584e-08	1100.000000	2.72088e-08	1100.000000	2.71579e-08	1100.000000	2.69547e-08	1100.000000	3.70124e-12	
1120.000000	2.26419e-08	1120.000000	2.68713e-08	1120.000000	2.71218e-08	1120.000000	2.70708e-08	1120.000000	2.68676e-08	1120.000000	3.63928e-12	
1140.000000	2.257e-08 	1140.000000	2.67888e-08	1140.000000	2.70392e-08	1140.000000	2.69879e-08	1140.000000	2.67853e-08	1140.000000	3.57943e-12	
1160.000000	2.25022e-08	1160.000000	2.67109e-08	1160.000000	2.69607e-08	1160.000000	2.69091e-08	1160.000000	2.67074e-08	1160.000000	3.52156e-12	
1180.000000	2.24382e-08	1180.000000	2.66372e-08	1180.000000	2.6886e-08	1180.000000	2.6834e-08	1180.000000	2.66338e-08	1180.000000	3.4656e-12	
1200.000000	2.23779e-08	1200.000000	2.65676e-08	1200.000000	2.68148e-08	1200.000000	2.67626e-08	1200.000000	2.65642e-08	1200.000000	3.41144e-12	
1220.000000	2.2321e-08	1220.000000	2.65019e-08	1220.000000	2.67468e-08	1220.000000	2.66945e-08	1220.000000	2.64985e-08	1220.000000	3.35899e-12	
1240.000000	2.22675e-08	1240.000000	2.64398e-08	1240.000000	2.66818e-08	1240.000000	2.66297e-08	1240.000000	2.64365e-08	1240.000000	3.30818e-12	
1260.000000	2.22172e-08	1260.000000	2.63812e-08	1260.000000	2.66199e-08	1260.000000	2.6568e-08	1260.000000	2.6378e-08	1260.000000	3.25893e-12	
1280.000000	2.21699e-08	1280.000000	2.6326e-08	1280.000000	2.65607e-08	1280.000000	2.65091e-08	1280.000000	2.63228e-08	1280.000000	3.21117e-12	
1300.000000	2.21256e-08	1300.000000	2.6274e-08	1300.000000	2.65044e-08	1300.000000	2.64531e-08	1300.000000	2.62708e-08	1300.000000	3.16483e-12	
1320.000000	2.2084e-08	1320.000000	2.6225e-08	1320.000000	2.64507e-08	1320.000000	2.63997e-08	1320.000000	2.62219e-08	1320.000000	3.11985e-12	
1340.000000	2.20451e-08	1340.000000	2.61789e-08	1340.000000	2.63996e-08	1340.000000	2.63487e-08	1340.000000	2.61758e-08	1340.000000	3.07617e-12	
1360.000000	2.20088e-08	1360.000000	2.61356e-08	1360.000000	2.63509e-08	1360.000000	2.63002e-08	1360.000000	2.61326e-08	1360.000000	3.03373e-12	
1380.000000	2.1975e-08	1380.000000	2.6095e-08	1380.000000	2.63045e-08	1380.000000	2.6254e-08	1380.000000	2.6092e-08	1380.000000	2.99248e-12	
1400.000000	2.19435e-08	1400.000000	2.6057e-08	1400.000000	2.62603e-08	1400.000000	2.62099e-08	1400.000000	2.6054e-08	1400.000000	2.95237e-12	
1420.000000	2.19143e-08	1420.000000	2.60213e-08	1420.000000	2.62181e-08	1420.000000	2.61679e-08	1420.000000	2.60184e-08	1420.000000	2.91336e-12	
1440.000000	2.18872e-08	1440.000000	2.59881e-08	1440.000000	2.61779e-08	1440.000000	2.61278e-08	1440.000000	2.59852e-08	1440.000000	2.87539e-12	
1460.000000	2.18623e-08	1460.000000	2.59571e-08	1460.000000	2.61395e-08	1460.000000	2.60897e-08	1460.000000	2.59542e-08	1460.000000	2.83843e-12	
1480.000000	2.18394e-08	1480.000000	2.59282e-08	1480.000000	2.6103e-08	1480.000000	2.60533e-08	1480.000000	2.59254e-08	1480.000000	2.80243e-12	
1500.000000	2.18184e-08	1500.000000	2.59015e-08	1500.000000	2.60681e-08	1500.000000	2.60187e-08	1500.000000	2.58987e-08	1500.000000	2.76737e-12	
1520.000000	2.17994e-08	1520.000000	2.58767e-08	1520.000000	2.60349e-08	1520.000000	2.59857e-08	1520.000000	2.5874e-08	1520.000000	2.73319e-12	
1540.000000	2.17821e-08	1540.000000	2.58539e-08	1540.000000	2.60034e-08	1540.000000	2.59543e-08	1540.000000	2.58512e-08	1540.000000	2.69988e-12	
1560.000000	2.17666e-08	1560.000000	2.58329e-08	1560.000000	2.59734e-08	1560.000000	2.59244e-08	1560.000000	2.58302e-08	1560.000000	2.66739e-12	
1580.000000	2.17527e-08	1580.000000	2.58137e-08	1580.000000	2.59448e-08	1580.000000	2.58959e-08	1580.000000	2.5811e-08	1580.000000	2.63569e-12	
1600.000000	2.17405e-08	1600.000000	2.57962e-08	1600.000000	2.59178e-08	1600.000000	2.58688e-08	1600.000000	2.57936e-08	1600.000000	2.60477e-12	
1620.000000	2.17299e-08	1620.000000	2.57803e-08	1620.000000	2.58921e-08	1620.000000	2.58431e-08	1620.000000	2.57778e-08	1620.000000	2.57458e-12	
1640.000000	2.17208e-08	1640.000000	2.57661e-08	1640.000000	2.58677e-08	1640.000000	2.58186e-08	1640.000000	2.57635e-08	1640.000000	2.54511e-12	
1660.000000	2.17131e-08	1660.000000	2.57533e-08	1660.000000	2.58446e-08	1660.000000	2.57953e-08	1660.000000	2.57508e-08	1660.000000	2.51632e-12	
1680.000000	2.17069e-08	1680.000000	2.57421e-08	1680.000000	2.58227e-08	1680.000000	2.57732e-08	1680.000000	2.57396e-08	1680.000000	2.48819e-12	
1700.000000	2.1702e-08	1700.000000	2.57323e-08	1700.000000	2.58019e-08	1700.000000	2.57522e-08	1700.000000	2.57298e-08	1700.000000	2.46071e-12	
1750.000000	2.16957e-08	1750.000000	2.57136e-08	1750.000000	2.57544e-08	1750.000000	2.57044e-08	1750.000000	2.57113e-08	1750.000000	2.39466e-12	
1800.000000	2.1697e-08	1800.000000	2.57029e-08	1800.000000	2.57129e-08	1800.000000	2.56627e-08	1800.000000	2.57006e-08	1800.000000	2.33216e-12	
1850.000000	2.17054e-08	1850.000000	2.56995e-08	1850.000000	2.56766e-08	1850.000000	2.56264e-08	1850.000000	2.56972e-08	1850.000000	2.27293e-12	
1900.000000	2.17204e-08	1900.000000	2.57027e-08	1900.000000	2.56452e-08	1900.000000	2.55952e-08	1900.000000	2.57005e-08	1900.000000	2.21673e-12	
1950.000000	2.17417e-08	1950.000000	2.57122e-08	1950.000000	2.56183e-08	1950.000000	2.55686e-08	1950.000000	2.571e-08 	1950.000000	2.16331e-12	
2000.000000	2.17686e-08	2000.000000	2.57274e-08	2000.000000	2.55955e-08	2000.000000	2.55461e-08	2000.000000	2.57252e-08	2000.000000	2.11248e-12	
2100.000000	2.18383e-08	2100.000000	2.57732e-08	2100.000000	2.55611e-08	2100.000000	2.55121e-08	2100.000000	2.57712e-08	2100.000000	2.01785e-12	
2200.000000	2.1927e-08	2200.000000	2.58375e-08	2200.000000	2.55395e-08	2200.000000	2.54908e-08	2200.000000	2.58356e-08	2200.000000	1.93156e-12	
2300.000000	2.20323e-08	2300.000000	2.59178e-08	2300.000000	2.55286e-08	2300.000000	2.54802e-08	2300.000000	2.59159e-08	2300.000000	1.85255e-12	
2400.000000	2.21525e-08	2400.000000	2.6012e-08	2400.000000	2.55267e-08	2400.000000	2.54786e-08	2400.000000	2.60102e-08	2400.000000	1.77991e-12	
2500.000000	2.22861e-08	2500.000000	2.61185e-08	2500.000000	2.55324e-08	2500.000000	2.54846e-08	2500.000000	2.61168e-08	2500.000000	1.71291e-12	
2600.000000	2.24318e-08	2600.000000	2.62358e-08	2600.000000	2.55445e-08	2600.000000	2.5497e-08	2600.000000	2.62342e-08	2600.000000	1.65091e-12	
2700.000000	2.25883e-08	2700.000000	2.63628e-08	2700.000000	2.55622e-08	2700.000000	2.55149e-08	2700.000000	2.63612e-08	2700.000000	1.59335e-12	
2800.000000	2.27548e-08	2800.000000	2.64984e-08	2800.000000	2.55847e-08	2800.000000	2.55375e-08	2800.000000	2.64969e-08	2800.000000	1.53978e-12	
2900.000000	2.29303e-08	2900.000000	2.66417e-08	2900.000000	2.56112e-08	2900.000000	2.55641e-08	2900.000000	2.66402e-08	2900.000000	1.4898e-12	
3000.000000	2.31142e-08	3000.000000	2.67918e-08	3000.000000	2.56413e-08	3000.000000	2.55941e-08	3000.000000	2.67904e-08	3000.000000	1.44304e-12	
3200.000000	2.35047e-08	3200.000000	2.71102e-08	3200.000000	2.57099e-08	3200.000000	2.56624e-08	3200.000000	2.71089e-08	3200.000000	1.35803e-12	
3400.000000	2.39217e-08	3400.000000	2.74491e-08	3400.000000	2.5787e-08	3400.000000	2.57393e-08	3400.000000	2.74478e-08	3400.000000	1.28273e-12	
3600.000000	2.4362e-08	3600.000000	2.78048e-08	3600.000000	2.58702e-08	3600.000000	2.58224e-08	3600.000000	2.78036e-08	3600.000000	1.21554e-12	
3800.000000	2.4823e-08	3800.000000	2.81747e-08	3800.000000	2.59577e-08	3800.000000	2.59099e-08	3800.000000	2.81735e-08	3800.000000	1.15522e-12	
4000.000000	2.53023e-08	4000.000000	2.85565e-08	4000.000000	2.60482e-08	4000.000000	2.60004e-08	4000.000000	2.85554e-08	4000.000000	1.10076e-12	
4200.000000	2.57983e-08	4200.000000	2.89484e-08	4200.000000	2.61407e-08	4200.000000	2.6093e-08	4200.000000	2.89473e-08	4200.000000	1.05132e-12	
4400.000000	2.63096e-08	4400.000000	2.93489e-08	4400.000000	2.62344e-08	4400.000000	2.61868e-08	4400.000000	2.93479e-08	4400.000000	1.00625e-12	
4600.000000	2.68348e-08	4600.000000	2.97569e-08	4600.000000	2.63287e-08	4600.000000	2.62813e-08	4600.000000	2.97559e-08	4600.000000	9.64985e-13	
4800.000000	2.7373e-08	4800.000000	3.01713e-08	4800.000000	2.64233e-08	4800.000000	2.6376e-08	4800.000000	3.01703e-08	4800.000000	9.27056e-13	
5000.000000	2.79234e-08	5000.000000	3.05912e-08	5000.000000	2.65177e-08	5000.000000	2.64705e-08	5000.000000	3.05903e-08	5000.000000	8.92071e-13	
5250.000000	2.86273e-08	5250.000000	3.11229e-08	5250.000000	2.6635e-08	5250.000000	2.65879e-08	5250.000000	3.11221e-08	5250.000000	8.51979e-13	
5500.000000	2.93479e-08	5500.000000	3.16611e-08	5500.000000	2.67512e-08	5500.000000	2.67043e-08	5500.000000	3.16602e-08	5500.000000	8.15425e-13	
6000.000000	3.08351e-08	6000.000000	3.27529e-08	6000.000000	2.69792e-08	6000.000000	2.69324e-08	6000.000000	3.27522e-08	6000.000000	7.51199e-13	
6500.000000	3.23788e-08	6500.000000	3.3861e-08	6500.000000	2.72002e-08	6500.000000	2.71535e-08	6500.000000	3.38603e-08	6500.000000	6.96578e-13	
7000.000000	3.39744e-08	7000.000000	3.49811e-08	7000.000000	2.74135e-08	7000.000000	2.73669e-08	7000.000000	3.49804e-08	7000.000000	6.49542e-13	
7500.000000	3.56188e-08	7500.000000	3.61101e-08	7500.000000	2.76189e-08	7500.000000	2.75724e-08	7500.000000	3.61095e-08	7500.000000	6.08603e-13	
8000.000000	3.73094e-08	8000.000000	3.7246e-08	8000.000000	2.78168e-08	8000.000000	2.77702e-08	8000.000000	3.72454e-08	8000.000000	5.72637e-13	
8500.000000	3.90443e-08	8500.000000	3.8387e-08	8500.000000	2.80068e-08	8500.000000	2.79605e-08	8500.000000	3.83865e-08	8500.000000	5.40785e-13	
9000.000000	4.0822e-08	9000.000000	3.95318e-08	9000.000000	2.8189e-08	9000.000000	2.81436e-08	9000.000000	3.95313e-08	9000.000000	5.12373e-13	
9500.000000	4.26412e-08	9500.000000	4.06796e-08	9500.000000	2.83646e-08	9500.000000	2.83199e-08	9500.000000	4.06791e-08	9500.000000	4.86868e-13	
10000.000000	4.45012e-08	10000.000000	4.18294e-08	10000.000000	2.85341e-08	10000.000000	2.84897e-08	10000.000000	4.18289e-08	10000.000000	4.63843e-13	
11000.000000	4.83402e-08	11000.000000	4.4133e-08	11000.000000	2.88559e-08	11000.000000	2.88113e-08	11000.000000	4.41326e-08	11000.000000	4.23901e-13	
12000.000000	5.23345e-08	12000.000000	4.64392e-08	12000.000000	2.91559e-08	12000.000000	2.91112e-08	12000.000000	4.64389e-08	12000.000000	3.90439e-13	
13000.000000	5.64811e-08	13000.000000	4.87458e-08	13000.000000	2.94364e-08	13000.000000	2.93919e-08	13000.000000	4.87455e-08	13000.000000	3.61987e-13	
14000.000000	6.07781e-08	14000.000000	5.10513e-08	14000.000000	2.96994e-08	14000.000000	2.96553e-08	14000.000000	5.10509e-08	14000.000000	3.37491e-13	
15000.000000	6.5224e-08	15000.000000	5.33546e-08	15000.000000	2.99469e-08	15000.000000	2.99035e-08	15000.000000	5.33543e-08	15000.000000	3.16173e-13	
16000.000000	6.9818e-08	16000.000000	5.56551e-08	16000.000000	3.01807e-08	16000.000000	3.01379e-08	16000.000000	5.56548e-08	16000.000000	2.97448e-13	
17000.000000	7.45597e-08	17000.000000	5.79524e-08	17000.000000	3.04023e-08	17000.000000	3.036e-08 	17000.000000	5.79521e-08	17000.000000	2.80867e-13	
18000.000000	7.94487e-08	18000.000000	6.02461e-08	18000.000000	3.06128e-08	18000.000000	3.05709e-08	18000.000000	6.02459e-08	18000.000000	2.66079e-13	
19000.000000	8.44849e-08	19000.000000	6.25362e-08	19000.000000	3.08133e-08	19000.000000	3.07716e-08	19000.000000	6.2536e-08	19000.000000	2.52806e-13	
20000.000000	8.96686e-08	20000.000000	6.48225e-08	20000.000000	3.10047e-08	20000.000000	3.0963e-08	20000.000000	6.48223e-08	20000.000000	2.40825e-13	
21000.000000	9.49999e-08	21000.000000	6.7105e-08	21000.000000	3.11877e-08	21000.000000	3.11461e-08	21000.000000	6.71047e-08	21000.000000	2.29954e-13	
22000.000000	1.00479e-07	22000.000000	6.93836e-08	22000.000000	3.13628e-08	22000.000000	3.13213e-08	22000.000000	6.93834e-08	22000.000000	2.20045e-13	
23000.000000	1.06106e-07	23000.000000	7.16584e-08	23000.000000	3.15297e-08	23000.000000	3.14894e-08	23000.000000	7.16582e-08	23000.000000	2.10974e-13	
24000.000000	1.11883e-07	24000.000000	7.39294e-08	24000.000000	3.16901e-08	24000.000000	3.16509e-08	24000.000000	7.39292e-08	24000.000000	2.02639e-13	
25000.000000	1.17808e-07	25000.000000	7.61967e-08	25000.000000	3.18455e-08	25000.000000	3.18064e-08	25000.000000	7.61965e-08	25000.000000	1.94953e-13	
26000.000000	1.23883e-07	26000.000000	7.84603e-08	26000.000000	3.19952e-08	26000.000000	3.19561e-08	26000.000000	7.84601e-08	26000.000000	1.87842e-13	
27000.000000	1.30109e-07	27000.000000	8.07203e-08	27000.000000	3.21389e-08	27000.000000	3.21006e-08	27000.000000	8.07201e-08	27000.000000	1.81244e-13	
28000.000000	1.36485e-07	28000.000000	8.29767e-08	28000.000000	3.22773e-08	28000.000000	3.22401e-08	28000.000000	8.29766e-08	28000.000000	1.75105e-13	
29000.000000	1.43014e-07	29000.000000	8.52297e-08	29000.000000	3.24114e-08	29000.000000	3.2375e-08	29000.000000	8.52296e-08	29000.000000	1.69378e-13	
30000.000000	1.49694e-07	30000.000000	8.74793e-08	30000.000000	3.25413e-08	30000.000000	3.25056e-08	30000.000000	8.74792e-08	30000.000000	1.64022e-13	
32000.000000	1.63515e-07	32000.000000	9.19687e-08	32000.000000	3.27893e-08	32000.000000	3.2755e-08	32000.000000	9.19685e-08	32000.000000	1.54289e-13	
34000.000000	1.77953e-07	34000.000000	9.64454e-08	34000.000000	3.30225e-08	34000.000000	3.29899e-08	34000.000000	9.64452e-08	34000.000000	1.45671e-13	
36000.000000	1.93016e-07	36000.000000	1.0091e-07	36000.000000	3.32428e-08	36000.000000	3.32121e-08	36000.000000	1.0091e-07	36000.000000	1.37986e-13	
38000.000000	2.08708e-07	38000.000000	1.05363e-07	38000.000000	3.34518e-08	38000.000000	3.34227e-08	38000.000000	1.05363e-07	38000.000000	1.31089e-13	
40000.000000	2.25037e-07	40000.000000	1.09805e-07	40000.000000	3.36506e-08	40000.000000	3.36229e-08	40000.000000	1.09805e-07	40000.000000	1.24864e-13	
42000.000000	2.42009e-07	42000.000000	1.14236e-07	42000.000000	3.38398e-08	42000.000000	3.38138e-08	42000.000000	1.14236e-07	42000.000000	1.19217e-13	
44000.000000	2.59631e-07	44000.000000	1.18657e-07	44000.000000	3.40202e-08	44000.000000	3.39961e-08	44000.000000	1.18657e-07	44000.000000	1.14069e-13	
46000.000000	2.7791e-07	46000.000000	1.23069e-07	46000.000000	3.41927e-08	46000.000000	3.41705e-08	46000.000000	1.23069e-07	46000.000000	1.09358e-13	
48000.000000	2.96851e-07	48000.000000	1.27471e-07	48000.000000	3.43579e-08	48000.000000	3.43377e-08	48000.000000	1.27471e-07	48000.000000	1.05029e-13	
50000.000000	3.16463e-07	50000.000000	1.31864e-07	50000.000000	3.45162e-08	50000.000000	3.44983e-08	50000.000000	1.31864e-07	50000.000000	1.01038e-13	
