*Energy (MeV/u)1	0 - [He-base] F.Hubert et al, AD&ND Tables 46(1990)1	Energy (MeV/u)2	1 - [H -base] J.F.Ziegler et al, Pergamon Press, NY (low energy)	Energy (MeV/u)3	2 - ATIMA 1.2  LS-theory (recommended for high energy)	Energy (MeV/u)4	3 - ATIMA 1.2  without LS-correction	Energy (MeV/u)5	4 - electrical component of [1] - J.F.Ziegler et al	Energy (MeV/u)6	5 - nuclear component of [1] - J.F.Ziegler et al	
0.001000	2.91805   	0.001000	0.267976  	0.001000	0.269052  	0.001000	0.269052  	0.001000	0.139128  	0.001000	0.128848  	
0.002000	2.98575   	0.002000	0.328625  	0.002000	0.334195  	0.002000	0.334195  	0.002000	0.192708  	0.002000	0.135917  	
0.005000	3.28267   	0.005000	0.425804  	0.005000	0.442871  	0.005000	0.442871  	0.005000	0.296436  	0.005000	0.129368  	
0.008000	3.58729   	0.008000	0.488273  	0.008000	0.515111  	0.008000	0.515111  	0.008000	0.369715  	0.008000	0.118558  	
0.010000	3.77622   	0.010000	0.522581  	0.010000	0.555344  	0.010000	0.555344  	0.010000	0.410596  	0.010000	0.111985  	
0.015000	4.45341   	0.015000	0.595209  	0.015000	0.641414  	0.015000	0.641414  	0.015000	0.496795  	0.015000	0.0984134 	
0.020000	5.10764   	0.020000	0.678356  	0.020000	0.739884  	0.020000	0.739884  	0.020000	0.590277  	0.020000	0.0880795 	
0.025000	5.85519   	0.025000	0.779648  	0.025000	0.855284  	0.025000	0.855284  	0.025000	0.699667  	0.025000	0.0799812 	
0.030000	6.54057   	0.030000	0.881238  	0.030000	0.940122  	0.030000	0.940122  	0.030000	0.807787  	0.030000	0.0734514 	
0.035000	7.14963   	0.035000	0.982455  	0.035000	1.02386   	0.035000	1.02386   	0.035000	0.914395  	0.035000	0.0680599 	
0.040000	7.67308   	0.040000	1.08277   	0.040000	1.10637   	0.040000	1.10637   	0.040000	1.01925   	0.040000	0.0635211 	
0.045000	8.10123   	0.045000	1.18176   	0.045000	1.1875    	0.045000	1.1875    	0.045000	1.12212   	0.045000	0.0596386 	
0.050000	8.36583   	0.050000	1.27797   	0.050000	1.26715   	0.050000	1.26715   	0.050000	1.22169   	0.050000	0.0562731 	
0.055000	8.81392   	0.055000	1.35979   	0.055000	1.34523   	0.055000	1.34523   	0.055000	1.30647   	0.055000	0.0533229 	
0.060000	9.21042   	0.060000	1.43971   	0.060000	1.42166   	0.060000	1.42166   	0.060000	1.38899   	0.060000	0.0507119 	
0.070000	9.85778   	0.070000	1.59345   	0.070000	1.56929   	0.070000	1.56929   	0.070000	1.54716   	0.070000	0.0462874 	
0.080000	10.5433   	0.080000	1.73864   	0.080000	1.70967   	0.080000	1.70967   	0.080000	1.69597   	0.080000	0.0426694 	
0.090000	11.1061   	0.090000	1.87494   	0.090000	1.84256   	0.090000	1.84256   	0.090000	1.8353    	0.090000	0.0396468 	
0.100000	11.5449   	0.100000	2.00226   	0.100000	1.96788   	0.100000	1.96788   	0.100000	1.96518   	0.100000	0.0370776 	
0.120000	11.8424   	0.120000	2.20096   	0.120000	2.19603   	0.120000	2.19603   	0.120000	2.16803   	0.120000	0.0329301 	
0.140000	12.0429   	0.140000	2.37042   	0.140000	2.39528   	0.140000	2.39528   	0.140000	2.34071   	0.140000	0.029713  	
0.160000	12.2237   	0.160000	2.51592   	0.160000	2.56773   	0.160000	2.56773   	0.160000	2.48878   	0.160000	0.0271343 	
0.180000	12.4168   	0.180000	2.64038   	0.180000	2.71593   	0.180000	2.71593   	0.180000	2.61536   	0.180000	0.0250144 	
0.200000	12.7217   	0.200000	2.76272   	0.200000	2.84266   	0.200000	2.84266   	0.200000	2.73948   	0.200000	0.0232366 	
0.250000	13.0619   	0.250000	3.00471   	0.250000	3.08293   	0.250000	3.08293   	0.250000	2.98507   	0.250000	0.0196417 	
0.300000	13.3648   	0.300000	3.16689   	0.300000	3.24342   	0.300000	3.24342   	0.300000	3.14968   	0.300000	0.0172073 	
0.350000	13.692    	0.350000	3.29731   	0.350000	3.35186   	0.350000	3.35186   	0.350000	3.28195   	0.350000	0.0153573 	
0.400000	13.9675   	0.400000	3.40328   	0.400000	3.44808   	0.400000	3.44808   	0.400000	3.38938   	0.400000	0.0138987 	
0.450000	14.1589   	0.450000	3.48355   	0.450000	3.54866   	0.450000	3.54866   	0.450000	3.47084   	0.450000	0.0127158 	
0.500000	14.2811   	0.500000	3.54637   	0.500000	3.62514   	0.500000	3.62514   	0.500000	3.53464   	0.500000	0.0117352 	
0.600000	13.9466   	0.600000	3.65224   	0.600000	3.73149   	0.600000	3.73149   	0.600000	3.64205   	0.600000	0.010199  	
0.700000	13.4764   	0.700000	3.73399   	0.700000	3.79914   	0.700000	3.79914   	0.700000	3.72494   	0.700000	0.00904606	
0.800000	13.4212   	0.800000	3.78907   	0.800000	3.82158   	0.800000	3.82158   	0.800000	3.78093   	0.800000	0.0081458 	
0.900000	13.2935   	0.900000	3.82425   	0.900000	3.83019   	0.900000	3.83019   	0.900000	3.81683   	0.900000	0.00742143	
1.000000	13.1414   	1.000000	3.85062   	1.000000	3.83058   	1.000000	3.83058   	1.000000	3.84379   	1.000000	0.00682478	
1.250000	12.618    	1.250000	3.87025   	1.250000	3.80391   	1.250000	3.80391   	1.250000	3.86455   	1.250000	0.00570634	
1.500000	11.9561   	1.500000	3.81693   	1.500000	3.72465   	1.500000	3.72465   	1.500000	3.81201   	1.500000	0.00492313	
1.750000	11.3132   	1.750000	3.74154   	1.750000	3.64429   	1.750000	3.64429   	1.750000	3.7372    	1.750000	0.00434147	
2.000000	10.7018   	2.000000	3.65167   	2.000000	3.56243   	2.000000	3.56243   	2.000000	3.64778   	2.000000	0.00389098	
2.250000	10.1609   	2.250000	3.55977   	2.250000	3.47995   	2.250000	3.47995   	2.250000	3.55624   	2.250000	0.00353094	
2.500000	10.0526   	2.500000	3.46524   	2.500000	3.39792   	2.500000	3.39792   	2.500000	3.462     	2.500000	0.00323604	
3.000000	9.11359   	3.000000	3.28172   	3.000000	3.2384    	3.000000	3.2384    	3.000000	3.27894   	3.000000	0.00278062	
3.500000	8.33852   	3.500000	3.11582   	3.500000	3.08803   	3.500000	3.08803   	3.500000	3.11337   	3.500000	0.00244421	
4.000000	7.68949   	4.000000	2.96297   	4.000000	2.94839   	4.000000	2.94839   	4.000000	2.96079   	4.000000	0.00218478	
4.500000	7.13858   	4.500000	2.8258    	4.500000	2.81961   	4.500000	2.81961   	4.500000	2.82383   	4.500000	0.00197817	
5.000000	6.66523   	5.000000	2.70228   	5.000000	2.70116   	5.000000	2.70116   	5.000000	2.70047   	5.000000	0.00180946	
5.500000	6.25413   	5.500000	2.59028   	5.500000	2.59223   	5.500000	2.59223   	5.500000	2.58861   	5.500000	0.00166889	
6.000000	5.89371   	6.000000	2.48819   	6.000000	2.49194   	6.000000	2.49194   	6.000000	2.48664   	6.000000	0.00154984	
6.500000	5.57507   	6.500000	2.39462   	6.500000	2.39945   	6.500000	2.39945   	6.500000	2.39318   	6.500000	0.00144763	
7.000000	5.29128   	7.000000	2.30857   	7.000000	2.31396   	7.000000	2.31396   	7.000000	2.30721   	7.000000	0.00135885	
7.500000	5.03686   	7.500000	2.2292    	7.500000	2.23476   	7.500000	2.23476   	7.500000	2.22792   	7.500000	0.00128096	
8.000000	4.80742   	8.000000	2.15575   	8.000000	2.1612    	8.000000	2.1612    	8.000000	2.15453   	8.000000	0.00121204	
8.500000	4.59942   	8.500000	2.08755   	8.500000	2.09272   	8.500000	2.09272   	8.500000	2.0864    	8.500000	0.00115059	
9.000000	4.40995   	9.000000	2.02405   	9.000000	2.02883   	9.000000	2.02883   	9.000000	2.02295   	9.000000	0.00109544	
9.500000	4.2366    	9.500000	1.96476   	9.500000	1.96908   	9.500000	1.96908   	9.500000	1.96372   	9.500000	0.00104564	
10.000000	4.07737   	10.000000	1.91562   	10.000000	1.91309   	10.000000	1.91309   	10.000000	1.91462   	10.000000	0.00100045	
11.000000	3.79481   	11.000000	1.83051   	11.000000	1.81425   	11.000000	1.82019   	11.000000	1.82959   	11.000000	0.000921461	
12.000000	3.55165   	12.000000	1.75018   	12.000000	1.72455   	12.000000	1.73461   	12.000000	1.74933   	12.000000	0.000854686	
13.000000	3.34008   	13.000000	1.67516   	13.000000	1.64295   	13.000000	1.65582   	13.000000	1.67436   	13.000000	0.000797443	
14.000000	3.15424   	14.000000	1.60546   	14.000000	1.56853   	14.000000	1.58334   	14.000000	1.60472   	14.000000	0.000747793	
15.000000	2.98965   	15.000000	1.54086   	15.000000	1.50051   	15.000000	1.51665   	15.000000	1.54016   	15.000000	0.000704291	
16.000000	2.8428    	16.000000	1.48102   	16.000000	1.43827   	16.000000	1.45523   	16.000000	1.48035   	16.000000	0.000665843	
17.000000	2.71095   	17.000000	1.42556   	17.000000	1.38123   	17.000000	1.39859   	17.000000	1.42493   	17.000000	0.000631601	
18.000000	2.59187   	18.000000	1.37411   	18.000000	1.32872   	18.000000	1.34625   	18.000000	1.37351   	18.000000	0.000600897	
19.000000	2.48376   	19.000000	1.32631   	19.000000	1.28032   	19.000000	1.2979    	19.000000	1.32574   	19.000000	0.0005732 	
20.000000	2.38516   	20.000000	1.28183   	20.000000	1.23556   	20.000000	1.25306   	20.000000	1.28129   	20.000000	0.000548082	
21.000000	2.29484   	21.000000	1.24037   	21.000000	1.19408   	21.000000	1.21138   	21.000000	1.23985   	21.000000	0.000525191	
22.000000	2.21179   	22.000000	1.20165   	22.000000	1.15555   	22.000000	1.17255   	22.000000	1.20115   	22.000000	0.000504239	
23.000000	2.13516   	23.000000	1.16543   	23.000000	1.11967   	23.000000	1.1363    	23.000000	1.16494   	23.000000	0.000484984	
24.000000	2.0642    	24.000000	1.13148   	24.000000	1.08619   	24.000000	1.10239   	24.000000	1.13101   	24.000000	0.000467225	
25.000000	1.99832   	25.000000	1.09961   	25.000000	1.05488   	25.000000	1.0706    	25.000000	1.09916   	25.000000	0.000450791	
27.000000	1.87969   	27.000000	1.0414    	27.000000	0.997954  	27.000000	1.01267   	27.000000	1.04098   	27.000000	0.000421335	
29.000000	1.7758    	29.000000	0.989589  	29.000000	0.947555  	29.000000	0.961213  	29.000000	0.989194  	29.000000	0.00039568	
31.000000	1.68404   	31.000000	0.943201  	31.000000	0.903633  	31.000000	0.915641  	31.000000	0.942828  	31.000000	0.000373123	
33.000000	1.60237   	33.000000	0.901438  	33.000000	0.864613  	33.000000	0.874703  	33.000000	0.901085  	33.000000	0.000353126	
35.000000	1.52918   	35.000000	0.863649  	35.000000	0.829923  	35.000000	0.83847   	35.000000	0.863314  	35.000000	0.000335269	
38.000000	1.43257   	38.000000	0.813266  	38.000000	0.783838  	38.000000	0.790419  	38.000000	0.812954  	38.000000	0.000311789	
41.000000	1.34891   	41.000000	0.769189  	41.000000	0.743467  	41.000000	0.748554  	41.000000	0.768897  	41.000000	0.000291534	
44.000000	1.2757    	44.000000	0.730306  	44.000000	0.707849  	44.000000	0.711703  	44.000000	0.730032  	44.000000	0.000273873	
47.000000	1.21109   	47.000000	0.695749  	47.000000	0.676071  	47.000000	0.678979  	47.000000	0.695491  	47.000000	0.00025833	
50.000000	1.1536    	50.000000	0.664833  	50.000000	0.647576  	50.000000	0.649701  	50.000000	0.664589  	50.000000	0.000244539	
55.000000	1.07066   	55.000000	0.619956  	55.000000	0.605972  	55.000000	0.607154  	55.000000	0.619731  	55.000000	0.000224701	
60.000000	1.00051   	60.000000	0.581769  	60.000000	0.570532  	60.000000	0.570869  	60.000000	0.581561  	60.000000	0.000207979	
65.000000	0.940348  	65.000000	0.548873  	65.000000	0.539757  	65.000000	0.53952   	65.000000	0.548679  	65.000000	0.000193681	
70.000000	0.888153  	70.000000	0.520232  	70.000000	0.512765  	70.000000	0.51214   	70.000000	0.520051  	70.000000	0.000181308	
75.000000	0.842411  	75.000000	0.495065  	75.000000	0.489012  	75.000000	0.488003  	75.000000	0.494894  	75.000000	0.000170492	
80.000000	0.801972  	80.000000	0.472771  	80.000000	0.467812  	80.000000	0.466552  	80.000000	0.47261   	80.000000	0.00016095	
85.000000	0.765947  	85.000000	0.452881  	85.000000	0.448819  	85.000000	0.447354  	85.000000	0.452729  	85.000000	0.000152467	
90.000000	0.733636  	90.000000	0.435024  	90.000000	0.431706  	90.000000	0.430065  	90.000000	0.434879  	90.000000	0.000144874	
95.000000	0.704481  	95.000000	0.4189    	95.000000	0.416201  	95.000000	0.414409  	95.000000	0.418762  	95.000000	0.000138035	
100.000000	0.678031  	100.000000	0.404266  	100.000000	0.402085  	100.000000	0.40016   	100.000000	0.404134  	100.000000	0.000131841	
105.000000	0.653919  	105.000000	0.390924  	105.000000	0.389181  	105.000000	0.387136  	105.000000	0.390797  	105.000000	0.000126205	
110.000000	0.631841  	110.000000	0.378708  	110.000000	0.377268  	110.000000	0.375181  	110.000000	0.378587  	110.000000	0.000121052	
115.000000	0.611544  	115.000000	0.36748   	115.000000	0.366331  	115.000000	0.364169  	115.000000	0.367364  	115.000000	0.000116323	
120.000000	0.592816  	120.000000	0.357125  	120.000000	0.356218  	120.000000	0.35399   	120.000000	0.357013  	120.000000	0.000111966	
125.000000	0.575477  	125.000000	0.347544  	125.000000	0.346792  	125.000000	0.344552  	125.000000	0.347436  	125.000000	0.000107938	
130.000000	0.559375  	130.000000	0.338652  	130.000000	0.338039  	130.000000	0.335777  	130.000000	0.338547  	130.000000	0.000104203	
135.000000	0.544379  	135.000000	0.330377  	135.000000	0.32992   	135.000000	0.327597  	135.000000	0.330276  	135.000000	0.00010073	
140.000000	0.530375  	140.000000	0.322657  	140.000000	0.32231   	140.000000	0.319952  	140.000000	0.322559  	140.000000	9.74912e-05	
145.000000	0.517266  	145.000000	0.315437  	145.000000	0.315154  	145.000000	0.312791  	145.000000	0.315343  	145.000000	9.44637e-05	
150.000000	0.504967  	150.000000	0.308671  	150.000000	0.308444  	150.000000	0.306071  	150.000000	0.308579  	150.000000	9.1627e-05	
155.000000	0.487642  	155.000000	0.302315  	155.000000	0.302132  	155.000000	0.29975   	155.000000	0.302227  	155.000000	8.89634e-05	
160.000000	0.47749   	160.000000	0.296335  	160.000000	0.296183  	160.000000	0.293795  	160.000000	0.296249  	160.000000	8.64573e-05	
165.000000	0.467916  	165.000000	0.290698  	165.000000	0.290568  	165.000000	0.288174  	165.000000	0.290614  	165.000000	8.40949e-05	
170.000000	0.458871  	170.000000	0.285374  	170.000000	0.285259  	170.000000	0.282861  	170.000000	0.285292  	170.000000	8.1864e-05	
175.000000	0.450313  	175.000000	0.280339  	175.000000	0.280232  	175.000000	0.27783   	175.000000	0.280259  	175.000000	7.97538e-05	
180.000000	0.442201  	180.000000	0.275569  	180.000000	0.275465  	180.000000	0.27306   	180.000000	0.275491  	180.000000	7.77545e-05	
185.000000	0.434502  	185.000000	0.271044  	185.000000	0.270937  	185.000000	0.268531  	185.000000	0.270968  	185.000000	7.58576e-05	
190.000000	0.427184  	190.000000	0.266745  	190.000000	0.266632  	190.000000	0.264225  	190.000000	0.266671  	190.000000	7.40551e-05	
195.000000	0.420221  	195.000000	0.262657  	195.000000	0.262538  	195.000000	0.260127  	195.000000	0.262584  	195.000000	7.23402e-05	
200.000000	0.413585  	200.000000	0.258763  	200.000000	0.258635  	200.000000	0.256221  	200.000000	0.258692  	200.000000	7.07065e-05	
210.000000	0.401209  	210.000000	0.251508  	210.000000	0.251311  	210.000000	0.248937  	210.000000	0.25144   	210.000000	6.76604e-05	
220.000000	0.389897  	220.000000	0.244884  	220.000000	0.244646  	220.000000	0.24228   	220.000000	0.244819  	220.000000	6.48769e-05	
230.000000	0.379516  	230.000000	0.238814  	230.000000	0.23854   	230.000000	0.236175  	230.000000	0.238751  	230.000000	6.23231e-05	
240.000000	0.369956  	240.000000	0.23323   	240.000000	0.232922  	240.000000	0.230555  	240.000000	0.23317   	240.000000	5.99712e-05	
250.000000	0.361122  	250.000000	0.228078  	250.000000	0.227708  	250.000000	0.225366  	250.000000	0.22802   	250.000000	5.77978e-05	
260.000000	0.352934  	260.000000	0.223308  	260.000000	0.222878  	260.000000	0.220562  	260.000000	0.223252  	260.000000	5.57831e-05	
270.000000	0.345324  	270.000000	0.218881  	270.000000	0.218421  	270.000000	0.216102  	270.000000	0.218827  	270.000000	5.39101e-05	
280.000000	0.338233  	280.000000	0.214762  	280.000000	0.214266  	280.000000	0.211951  	280.000000	0.214709  	280.000000	5.21641e-05	
290.000000	0.331609  	290.000000	0.210919  	290.000000	0.210364  	290.000000	0.208079  	290.000000	0.210868  	290.000000	5.05324e-05	
300.000000	0.325408  	300.000000	0.207326  	300.000000	0.206732  	300.000000	0.20446   	300.000000	0.207277  	300.000000	4.90041e-05	
310.000000	0.319591  	310.000000	0.20396   	310.000000	0.203337  	310.000000	0.20107   	310.000000	0.203912  	310.000000	4.75694e-05	
320.000000	0.314124  	320.000000	0.200801  	320.000000	0.200129  	320.000000	0.197889  	320.000000	0.200754  	320.000000	4.62198e-05	
330.000000	0.308976  	330.000000	0.19783   	330.000000	0.197125  	330.000000	0.194899  	330.000000	0.197785  	330.000000	4.4948e-05	
340.000000	0.30412   	340.000000	0.195031  	340.000000	0.194311  	340.000000	0.192084  	340.000000	0.194987  	340.000000	4.37472e-05	
350.000000	0.299533  	350.000000	0.192391  	350.000000	0.191656  	350.000000	0.189429  	350.000000	0.192348  	350.000000	4.26117e-05	
360.000000	0.295193  	360.000000	0.189896  	360.000000	0.189134  	360.000000	0.186922  	360.000000	0.189854  	360.000000	4.15361e-05	
370.000000	0.291082  	370.000000	0.187535  	370.000000	0.186742  	370.000000	0.184552  	370.000000	0.187494  	370.000000	4.05158e-05	
380.000000	0.287181  	380.000000	0.185298  	380.000000	0.184491  	380.000000	0.182308  	380.000000	0.185258  	380.000000	3.95465e-05	
390.000000	0.283476  	390.000000	0.183176  	390.000000	0.182361  	390.000000	0.180181  	390.000000	0.183137  	390.000000	3.86244e-05	
400.000000	0.279952  	400.000000	0.18116   	400.000000	0.180327  	400.000000	0.178162  	400.000000	0.181122  	400.000000	3.77462e-05	
410.000000	0.276598  	410.000000	0.179243  	410.000000	0.178391  	410.000000	0.176244  	410.000000	0.179206  	410.000000	3.69087e-05	
420.000000	0.273401  	420.000000	0.177418  	420.000000	0.17656   	420.000000	0.17442   	420.000000	0.177382  	420.000000	3.61092e-05	
430.000000	0.270351  	430.000000	0.17568   	430.000000	0.17482   	430.000000	0.172684  	430.000000	0.175644  	430.000000	3.5345e-05	
440.000000	0.267439  	440.000000	0.174021  	440.000000	0.173156  	440.000000	0.171029  	440.000000	0.173987  	440.000000	3.46139e-05	
450.000000	0.264655  	450.000000	0.172438  	450.000000	0.171563  	450.000000	0.169451  	450.000000	0.172404  	450.000000	3.39136e-05	
460.000000	0.261992  	460.000000	0.170925  	460.000000	0.170041  	460.000000	0.167945  	460.000000	0.170891  	460.000000	3.32424e-05	
470.000000	0.259443  	470.000000	0.169478  	470.000000	0.168588  	470.000000	0.166506  	470.000000	0.169445  	470.000000	3.25983e-05	
480.000000	0.257     	480.000000	0.168093  	480.000000	0.167205  	480.000000	0.165131  	480.000000	0.168061  	480.000000	3.19797e-05	
490.000000	0.254658  	490.000000	0.166766  	490.000000	0.165888  	490.000000	0.163815  	490.000000	0.166735  	490.000000	3.13852e-05	
500.000000	0.252411  	500.000000	0.165495  	500.000000	0.164625  	500.000000	0.162555  	500.000000	0.165464  	500.000000	3.08133e-05	
520.000000	0.24818   	520.000000	0.163104  	520.000000	0.162238  	520.000000	0.160191  	520.000000	0.163074  	520.000000	2.97323e-05	
540.000000	0.24427   	540.000000	0.160899  	540.000000	0.16005   	540.000000	0.158016  	540.000000	0.16087   	540.000000	2.87276e-05	
560.000000	0.240647  	560.000000	0.15886   	560.000000	0.15804   	560.000000	0.15601   	560.000000	0.158832  	560.000000	2.77913e-05	
580.000000	0.237285  	580.000000	0.15697   	580.000000	0.156167  	580.000000	0.154156  	580.000000	0.156943  	580.000000	2.69165e-05	
600.000000	0.234157  	600.000000	0.155215  	600.000000	0.154428  	600.000000	0.152439  	600.000000	0.155189  	600.000000	2.60973e-05	
620.000000	0.231243  	620.000000	0.153583  	620.000000	0.15282   	620.000000	0.150846  	620.000000	0.153557  	620.000000	2.53285e-05	
640.000000	0.228523  	640.000000	0.152061  	640.000000	0.151337  	640.000000	0.149365  	640.000000	0.152037  	640.000000	2.46055e-05	
660.000000	0.225981  	660.000000	0.150641  	660.000000	0.149953  	660.000000	0.147987  	660.000000	0.150617  	660.000000	2.39243e-05	
680.000000	0.223602  	680.000000	0.149314  	680.000000	0.148653  	680.000000	0.146703  	680.000000	0.149291  	680.000000	2.32812e-05	
700.000000	0.221373  	700.000000	0.148072  	700.000000	0.147443  	700.000000	0.145504  	700.000000	0.148049  	700.000000	2.26732e-05	
720.000000	0.219281  	720.000000	0.146907  	720.000000	0.14632   	720.000000	0.144383  	720.000000	0.146885  	720.000000	2.20975e-05	
740.000000	0.217317  	740.000000	0.145815  	740.000000	0.145268  	740.000000	0.143335  	740.000000	0.145794  	740.000000	2.15514e-05	
760.000000	0.21547   	760.000000	0.144789  	760.000000	0.144277  	760.000000	0.142353  	760.000000	0.144768  	760.000000	2.10327e-05	
780.000000	0.213732  	780.000000	0.143825  	780.000000	0.143343  	780.000000	0.141432  	780.000000	0.143804  	780.000000	2.05394e-05	
800.000000	0.212096  	800.000000	0.142917  	800.000000	0.142466  	800.000000	0.140568  	800.000000	0.142897  	800.000000	2.00696e-05	
820.000000	0.210554  	820.000000	0.142063  	820.000000	0.141644  	820.000000	0.139757  	820.000000	0.142043  	820.000000	1.96217e-05	
840.000000	0.209101  	840.000000	0.141258  	840.000000	0.140875  	840.000000	0.138993  	840.000000	0.141238  	840.000000	1.91941e-05	
860.000000	0.207729  	860.000000	0.140498  	860.000000	0.140154  	860.000000	0.138276  	860.000000	0.140479  	860.000000	1.87855e-05	
880.000000	0.206435  	880.000000	0.139782  	880.000000	0.139477  	880.000000	0.1376    	880.000000	0.139763  	880.000000	1.83946e-05	
900.000000	0.205212  	900.000000	0.139105  	900.000000	0.138837  	900.000000	0.136963  	900.000000	0.139087  	900.000000	1.80203e-05	
920.000000	0.204058  	920.000000	0.138466  	920.000000	0.13823   	920.000000	0.136363  	920.000000	0.138448  	920.000000	1.76616e-05	
940.000000	0.202967  	940.000000	0.137862  	940.000000	0.137656  	940.000000	0.135797  	940.000000	0.137845  	940.000000	1.73174e-05	
960.000000	0.201936  	960.000000	0.137291  	960.000000	0.137113  	960.000000	0.135263  	960.000000	0.137274  	960.000000	1.69869e-05	
980.000000	0.200961  	980.000000	0.136752  	980.000000	0.1366    	980.000000	0.134759  	980.000000	0.136735  	980.000000	1.66693e-05	
1000.000000	0.200039  	1000.000000	0.136241  	1000.000000	0.136117  	1000.000000	0.134283  	1000.000000	0.136225  	1000.000000	1.63638e-05	
1020.000000	0.199168  	1020.000000	0.135758  	1020.000000	0.135661  	1020.000000	0.133833  	1020.000000	0.135742  	1020.000000	1.60698e-05	
1040.000000	0.198344  	1040.000000	0.135301  	1040.000000	0.135233  	1040.000000	0.133408  	1040.000000	0.135285  	1040.000000	1.57865e-05	
1060.000000	0.197566  	1060.000000	0.134869  	1060.000000	0.13483   	1060.000000	0.133006  	1060.000000	0.134853  	1060.000000	1.55135e-05	
1080.000000	0.19683   	1080.000000	0.13446   	1080.000000	0.134449  	1080.000000	0.132626  	1080.000000	0.134444  	1080.000000	1.52501e-05	
1100.000000	0.196134  	1100.000000	0.134072  	1100.000000	0.134089  	1100.000000	0.132267  	1100.000000	0.134057  	1100.000000	1.49958e-05	
1120.000000	0.195477  	1120.000000	0.133706  	1120.000000	0.133746  	1120.000000	0.131927  	1120.000000	0.133691  	1120.000000	1.47503e-05	
1140.000000	0.194857  	1140.000000	0.13336   	1140.000000	0.133421  	1140.000000	0.131606  	1140.000000	0.133345  	1140.000000	1.45129e-05	
1160.000000	0.194271  	1160.000000	0.133032  	1160.000000	0.133111  	1160.000000	0.131301  	1160.000000	0.133018  	1160.000000	1.42834e-05	
1180.000000	0.193719  	1180.000000	0.132722  	1180.000000	0.132818  	1180.000000	0.131014  	1180.000000	0.132708  	1180.000000	1.40613e-05	
1200.000000	0.193198  	1200.000000	0.132429  	1200.000000	0.13254   	1200.000000	0.130741  	1200.000000	0.132415  	1200.000000	1.38463e-05	
1220.000000	0.192707  	1220.000000	0.132152  	1220.000000	0.132277  	1220.000000	0.130484  	1220.000000	0.132138  	1220.000000	1.3638e-05	
1240.000000	0.192245  	1240.000000	0.131891  	1240.000000	0.132028  	1240.000000	0.13024   	1240.000000	0.131877  	1240.000000	1.34362e-05	
1260.000000	0.191811  	1260.000000	0.131644  	1260.000000	0.131793  	1260.000000	0.130009  	1260.000000	0.131631  	1260.000000	1.32404e-05	
1280.000000	0.191403  	1280.000000	0.131411  	1280.000000	0.131571  	1280.000000	0.129791  	1280.000000	0.131398  	1280.000000	1.30505e-05	
1300.000000	0.19102   	1300.000000	0.131192  	1300.000000	0.131361  	1300.000000	0.129585  	1300.000000	0.131179  	1300.000000	1.28662e-05	
1320.000000	0.190661  	1320.000000	0.130985  	1320.000000	0.131164  	1320.000000	0.12939   	1320.000000	0.130972  	1320.000000	1.26873e-05	
1340.000000	0.190326  	1340.000000	0.13079   	1340.000000	0.130978  	1340.000000	0.129205  	1340.000000	0.130778  	1340.000000	1.25134e-05	
1360.000000	0.190012  	1360.000000	0.130608  	1360.000000	0.130802  	1360.000000	0.129031  	1360.000000	0.130595  	1360.000000	1.23444e-05	
1380.000000	0.18972   	1380.000000	0.130436  	1380.000000	0.130637  	1380.000000	0.128867  	1380.000000	0.130424  	1380.000000	1.21801e-05	
1400.000000	0.189448  	1400.000000	0.130275  	1400.000000	0.13048   	1400.000000	0.128711  	1400.000000	0.130263  	1400.000000	1.20203e-05	
1420.000000	0.189196  	1420.000000	0.130124  	1420.000000	0.130333  	1420.000000	0.128565  	1420.000000	0.130112  	1420.000000	1.18648e-05	
1440.000000	0.188962  	1440.000000	0.129983  	1440.000000	0.130193  	1440.000000	0.128427  	1440.000000	0.129972  	1440.000000	1.17134e-05	
1460.000000	0.188747  	1460.000000	0.129852  	1460.000000	0.130061  	1460.000000	0.128296  	1460.000000	0.12984   	1460.000000	1.1566e-05	
1480.000000	0.188549  	1480.000000	0.12973   	1480.000000	0.129934  	1480.000000	0.128171  	1480.000000	0.129718  	1480.000000	1.14224e-05	
1500.000000	0.188368  	1500.000000	0.129616  	1500.000000	0.129826  	1500.000000	0.128066  	1500.000000	0.129605  	1500.000000	1.12825e-05	
1520.000000	0.188204  	1520.000000	0.129511  	1520.000000	0.129724  	1520.000000	0.127966  	1520.000000	0.129499  	1520.000000	1.11461e-05	
1540.000000	0.188055  	1540.000000	0.129413  	1540.000000	0.129629  	1540.000000	0.127874  	1540.000000	0.129402  	1540.000000	1.1013e-05	
1560.000000	0.187921  	1560.000000	0.129324  	1560.000000	0.12954   	1560.000000	0.127787  	1560.000000	0.129313  	1560.000000	1.08833e-05	
1580.000000	0.187801  	1580.000000	0.129242  	1580.000000	0.129456  	1580.000000	0.127707  	1580.000000	0.129231  	1580.000000	1.07566e-05	
1600.000000	0.187696  	1600.000000	0.129167  	1600.000000	0.129379  	1600.000000	0.127632  	1600.000000	0.129156  	1600.000000	1.0633e-05	
1620.000000	0.187604  	1620.000000	0.129099  	1620.000000	0.129307  	1620.000000	0.127563  	1620.000000	0.129088  	1620.000000	1.05123e-05	
1640.000000	0.187525  	1640.000000	0.129037  	1640.000000	0.12924   	1640.000000	0.127498  	1640.000000	0.129027  	1640.000000	1.03945e-05	
1660.000000	0.187459  	1660.000000	0.128982  	1660.000000	0.129179  	1660.000000	0.127439  	1660.000000	0.128972  	1660.000000	1.02793e-05	
1680.000000	0.187405  	1680.000000	0.128934  	1680.000000	0.129122  	1680.000000	0.127385  	1680.000000	0.128924  	1680.000000	1.01668e-05	
1700.000000	0.187363  	1700.000000	0.128891  	1700.000000	0.12907   	1700.000000	0.127335  	1700.000000	0.128881  	1700.000000	1.00568e-05	
1750.000000	0.187308  	1750.000000	0.128809  	1750.000000	0.128959  	1750.000000	0.127228  	1750.000000	0.128799  	1750.000000	9.79234e-06	
1800.000000	0.187319  	1800.000000	0.12876   	1800.000000	0.128872  	1800.000000	0.127147  	1800.000000	0.128751  	1800.000000	9.54194e-06	
1850.000000	0.187392  	1850.000000	0.128742  	1850.000000	0.128807  	1850.000000	0.127087  	1850.000000	0.128732  	1850.000000	9.3045e-06	
1900.000000	0.187522  	1900.000000	0.128751  	1900.000000	0.128763  	1900.000000	0.127048  	1900.000000	0.128742  	1900.000000	9.07903e-06	
1950.000000	0.187705  	1950.000000	0.128787  	1950.000000	0.128737  	1950.000000	0.127027  	1950.000000	0.128778  	1950.000000	8.86463e-06	
2000.000000	0.187938  	2000.000000	0.128847  	2000.000000	0.128729  	2000.000000	0.127022  	2000.000000	0.128838  	2000.000000	8.66049e-06	
2100.000000	0.18854   	2100.000000	0.129031  	2100.000000	0.128758  	2100.000000	0.127055  	2100.000000	0.129023  	2100.000000	8.28017e-06	
2200.000000	0.189305  	2200.000000	0.129293  	2200.000000	0.128838  	2200.000000	0.127138  	2200.000000	0.129285  	2200.000000	7.933e-06 	
2300.000000	0.190215  	2300.000000	0.129621  	2300.000000	0.12896   	2300.000000	0.127261  	2300.000000	0.129613  	2300.000000	7.61478e-06	
2400.000000	0.191253  	2400.000000	0.130008  	2400.000000	0.129114  	2400.000000	0.127418  	2400.000000	0.130001  	2400.000000	7.32198e-06	
2500.000000	0.192406  	2500.000000	0.130447  	2500.000000	0.129296  	2500.000000	0.127603  	2500.000000	0.13044   	2500.000000	7.05165e-06	
2600.000000	0.193663  	2600.000000	0.130931  	2600.000000	0.1295    	2600.000000	0.127811  	2600.000000	0.130924  	2600.000000	6.80126e-06	
2700.000000	0.195015  	2700.000000	0.131455  	2700.000000	0.129723  	2700.000000	0.128038  	2700.000000	0.131449  	2700.000000	6.56867e-06	
2800.000000	0.196452  	2800.000000	0.132016  	2800.000000	0.129963  	2800.000000	0.128281  	2800.000000	0.13201   	2800.000000	6.35201e-06	
2900.000000	0.197968  	2900.000000	0.132609  	2900.000000	0.130215  	2900.000000	0.128537  	2900.000000	0.132603  	2900.000000	6.14968e-06	
3000.000000	0.199556  	3000.000000	0.133231  	3000.000000	0.130479  	3000.000000	0.128804  	3000.000000	0.133225  	3000.000000	5.9603e-06	
3200.000000	0.202926  	3200.000000	0.134551  	3200.000000	0.131032  	3200.000000	0.129362  	3200.000000	0.134545  	3200.000000	5.61563e-06	
3400.000000	0.206527  	3400.000000	0.135956  	3400.000000	0.131608  	3400.000000	0.129943  	3400.000000	0.135951  	3400.000000	5.30992e-06	
3600.000000	0.210328  	3600.000000	0.137432  	3600.000000	0.1322    	3600.000000	0.130538  	3600.000000	0.137427  	3600.000000	5.03685e-06	
3800.000000	0.214308  	3800.000000	0.138968  	3800.000000	0.132799  	3800.000000	0.131141  	3800.000000	0.138964  	3800.000000	4.7914e-06	
4000.000000	0.218446  	4000.000000	0.140554  	4000.000000	0.1334    	4000.000000	0.131745  	4000.000000	0.14055   	4000.000000	4.56954e-06	
4200.000000	0.222728  	4200.000000	0.142183  	4200.000000	0.134     	4200.000000	0.132348  	4200.000000	0.142178  	4200.000000	4.36798e-06	
4400.000000	0.227142  	4400.000000	0.143848  	4400.000000	0.134597  	4400.000000	0.132946  	4400.000000	0.143843  	4400.000000	4.18404e-06	
4600.000000	0.231677  	4600.000000	0.145544  	4600.000000	0.135187  	4600.000000	0.133539  	4600.000000	0.145539  	4600.000000	4.01547e-06	
4800.000000	0.236323  	4800.000000	0.147266  	4800.000000	0.13577   	4800.000000	0.134124  	4800.000000	0.147263  	4800.000000	3.8604e-06	
5000.000000	0.241075  	5000.000000	0.149013  	5000.000000	0.136345  	5000.000000	0.134701  	5000.000000	0.149009  	5000.000000	3.71726e-06	
5250.000000	0.247152  	5250.000000	0.151224  	5250.000000	0.13705   	5250.000000	0.135408  	5250.000000	0.151221  	5250.000000	3.55308e-06	
5500.000000	0.253373  	5500.000000	0.153463  	5500.000000	0.137739  	5500.000000	0.136101  	5500.000000	0.15346   	5500.000000	3.40326e-06	
6000.000000	0.266213  	6000.000000	0.158006  	6000.000000	0.139072  	6000.000000	0.137438  	6000.000000	0.158003  	6000.000000	3.13968e-06	
6500.000000	0.27954   	6500.000000	0.162617  	6500.000000	0.140342  	6500.000000	0.138711  	6500.000000	0.162614  	6500.000000	2.91517e-06	
7000.000000	0.293316  	7000.000000	0.167279  	7000.000000	0.14155   	7000.000000	0.139923  	7000.000000	0.167276  	7000.000000	2.72156e-06	
7500.000000	0.307513  	7500.000000	0.171978  	7500.000000	0.1427    	7500.000000	0.141076  	7500.000000	0.171976  	7500.000000	2.55283e-06	
8000.000000	0.322109  	8000.000000	0.176707  	8000.000000	0.143797  	8000.000000	0.142174  	8000.000000	0.176705  	8000.000000	2.40442e-06	
8500.000000	0.337087  	8500.000000	0.181457  	8500.000000	0.144839  	8500.000000	0.14322   	8500.000000	0.181455  	8500.000000	2.27283e-06	
9000.000000	0.352434  	9000.000000	0.186224  	9000.000000	0.14583   	9000.000000	0.144218  	9000.000000	0.186222  	9000.000000	2.15533e-06	
9500.000000	0.368141  	9500.000000	0.191002  	9500.000000	0.146777  	9500.000000	0.145171  	9500.000000	0.191     	9500.000000	2.04975e-06	
10000.000000	0.384198  	10000.000000	0.19579   	10000.000000	0.147685  	10000.000000	0.146082  	10000.000000	0.195788  	10000.000000	1.95435e-06	
11000.000000	0.417342  	11000.000000	0.205383  	11000.000000	0.149393  	11000.000000	0.147793  	11000.000000	0.205381  	11000.000000	1.78865e-06	
12000.000000	0.451827  	12000.000000	0.214987  	12000.000000	0.150967  	12000.000000	0.149369  	12000.000000	0.214985  	12000.000000	1.6496e-06	
13000.000000	0.487627  	13000.000000	0.224593  	13000.000000	0.152419  	13000.000000	0.150828  	13000.000000	0.224591  	13000.000000	1.53121e-06	
14000.000000	0.524724  	14000.000000	0.234195  	14000.000000	0.153765  	14000.000000	0.152186  	14000.000000	0.234193  	14000.000000	1.42915e-06	
15000.000000	0.563108  	15000.000000	0.243787  	15000.000000	0.155018  	15000.000000	0.153454  	15000.000000	0.243786  	15000.000000	1.34023e-06	
16000.000000	0.60277   	16000.000000	0.253369  	16000.000000	0.156192  	16000.000000	0.154642  	16000.000000	0.253368  	16000.000000	1.26203e-06	
17000.000000	0.643707  	17000.000000	0.262937  	17000.000000	0.157299  	17000.000000	0.155759  	17000.000000	0.262936  	17000.000000	1.19272e-06	
18000.000000	0.685916  	18000.000000	0.272491  	18000.000000	0.158344  	18000.000000	0.156813  	18000.000000	0.27249   	18000.000000	1.13084e-06	
19000.000000	0.729396  	19000.000000	0.28203   	19000.000000	0.159334  	19000.000000	0.15781   	19000.000000	0.282029  	19000.000000	1.07525e-06	
20000.000000	0.774149  	20000.000000	0.291553  	20000.000000	0.160275  	20000.000000	0.158755  	20000.000000	0.291552  	20000.000000	1.02503e-06	
21000.000000	0.820176  	21000.000000	0.30106   	21000.000000	0.16117   	21000.000000	0.159653  	21000.000000	0.301059  	21000.000000	9.7943e-07	
22000.000000	0.86748   	22000.000000	0.310551  	22000.000000	0.162016  	22000.000000	0.160508  	22000.000000	0.31055   	22000.000000	9.37831e-07	
23000.000000	0.916064  	23000.000000	0.320026  	23000.000000	0.162815  	23000.000000	0.161325  	23000.000000	0.320025  	23000.000000	8.99724e-07	
24000.000000	0.965932  	24000.000000	0.329486  	24000.000000	0.16358   	24000.000000	0.162106  	24000.000000	0.329485  	24000.000000	8.64685e-07	
25000.000000	1.01709   	25000.000000	0.33893   	25000.000000	0.164319  	25000.000000	0.162853  	25000.000000	0.338929  	25000.000000	8.32352e-07	
26000.000000	1.06954   	26000.000000	0.348359  	26000.000000	0.165026  	26000.000000	0.16357   	26000.000000	0.348358  	26000.000000	8.02422e-07	
27000.000000	1.12329   	27000.000000	0.357773  	27000.000000	0.1657    	27000.000000	0.164259  	27000.000000	0.357772  	27000.000000	7.74632e-07	
28000.000000	1.17834   	28000.000000	0.367172  	28000.000000	0.166346  	28000.000000	0.164922  	28000.000000	0.367171  	28000.000000	7.48761e-07	
29000.000000	1.2347    	29000.000000	0.376557  	29000.000000	0.166968  	29000.000000	0.165561  	29000.000000	0.376556  	29000.000000	7.24612e-07	
30000.000000	1.29237   	30000.000000	0.385928  	30000.000000	0.16757   	30000.000000	0.166176  	30000.000000	0.385927  	30000.000000	7.02019e-07	
32000.000000	1.4117    	32000.000000	0.404628  	32000.000000	0.168712  	32000.000000	0.167345  	32000.000000	0.404628  	32000.000000	6.60928e-07	
34000.000000	1.53635   	34000.000000	0.423276  	34000.000000	0.169776  	34000.000000	0.168439  	34000.000000	0.423275  	34000.000000	6.24512e-07	
36000.000000	1.66639   	36000.000000	0.441874  	36000.000000	0.170768  	36000.000000	0.169467  	36000.000000	0.441873  	36000.000000	5.92009e-07	
38000.000000	1.80187   	38000.000000	0.460423  	38000.000000	0.171698  	38000.000000	0.170436  	38000.000000	0.460422  	38000.000000	5.62816e-07	
40000.000000	1.94285   	40000.000000	0.478926  	40000.000000	0.172572  	40000.000000	0.171352  	40000.000000	0.478926  	40000.000000	5.36446e-07	
42000.000000	2.08937   	42000.000000	0.497386  	42000.000000	0.173398  	42000.000000	0.17222   	42000.000000	0.497385  	42000.000000	5.12505e-07	
44000.000000	2.24151   	44000.000000	0.515803  	44000.000000	0.174181  	44000.000000	0.173045  	44000.000000	0.515802  	44000.000000	4.90669e-07	
46000.000000	2.39932   	46000.000000	0.534179  	46000.000000	0.174926  	46000.000000	0.173831  	46000.000000	0.534179  	46000.000000	4.7067e-07	
48000.000000	2.56285   	48000.000000	0.552517  	48000.000000	0.175635  	48000.000000	0.174581  	48000.000000	0.552517  	48000.000000	4.52283e-07	
50000.000000	2.73217   	50000.000000	0.570818  	50000.000000	0.176309  	50000.000000	0.175298  	50000.000000	0.570817  	50000.000000	4.3532e-07	
