*Energy (MeV/u)1	0 - [He-base] F.Hubert et al. AD&ND Tables 46(1990)1	Energy (MeV/u)2	1 - [H -base] J.F.Ziegler et al.Pergamon Press.NY(low energy)	Energy (MeV/u)3	2 - ATIMA 1.2 LS-theory (recommended for high energy)	Energy (MeV/u)4	3 - ATIMA 1.2 without LS-correction	Energy (MeV/u)5	4 - ATIMA 1.4 H.Weick. improved mean charge formula for HI	Energy (MeV/u)6	5 - electrical component of [1] - J.F.Ziegler et al	Energy (MeV/u)7	6 - nuclear component of [1] - J.F.Ziegler et al
0.001000	0.48309   	0.001000	0.238499  	0.001000	0.233627  	0.001000	0.233627  	0.001000	0.233646  	0.001000	0.123413  	0.001000	0.115086
0.002000	0.527828  	0.002000	0.265154  	0.002000	0.261854  	0.002000	0.261854  	0.002000	0.261866  	0.002000	0.17094   	0.002000	0.0942135
0.005000	0.639337  	0.005000	0.325899  	0.005000	0.328007  	0.005000	0.328007  	0.005000	0.328014  	0.005000	0.262952  	0.005000	0.0629465
0.008000	0.727745  	0.008000	0.376559  	0.008000	0.383882  	0.008000	0.383882  	0.008000	0.383887  	0.008000	0.327954  	0.008000	0.0486048
0.010000	0.778405  	0.010000	0.406772  	0.010000	0.417405  	0.010000	0.417405  	0.010000	0.417409  	0.010000	0.364217  	0.010000	0.0425544
0.015000	0.906876  	0.015000	0.47362   	0.015000	0.492037  	0.015000	0.492037  	0.015000	0.492039  	0.015000	0.44068   	0.015000	0.0329401
0.020000	1.00952   	0.020000	0.538193  	0.020000	0.572281  	0.020000	0.572281  	0.020000	0.572283  	0.020000	0.511001  	0.020000	0.0271927
0.025000	1.12279   	0.025000	0.604443  	0.025000	0.653501  	0.025000	0.653501  	0.025000	0.653504  	0.025000	0.581126  	0.025000	0.0233166
0.030000	1.21879   	0.030000	0.665362  	0.030000	0.709989  	0.030000	0.709989  	0.030000	0.709991  	0.030000	0.645051  	0.030000	0.0203111
0.035000	1.29771   	0.035000	0.721637  	0.035000	0.761379  	0.035000	0.761379  	0.035000	0.761381  	0.035000	0.703449  	0.035000	0.0181885
0.040000	1.35992   	0.040000	0.77335   	0.040000	0.80782   	0.040000	0.80782   	0.040000	0.807821  	0.040000	0.756845  	0.040000	0.0165053
0.045000	1.40606   	0.045000	0.820861  	0.045000	0.849676  	0.045000	0.849676  	0.045000	0.849678  	0.045000	0.805727  	0.045000	0.0151343
0.050000	1.43708   	0.050000	0.86456   	0.050000	0.887313  	0.050000	0.887313  	0.050000	0.887315  	0.050000	0.850567  	0.050000	0.0139936
0.055000	1.49966   	0.055000	0.900912  	0.055000	0.921095  	0.055000	0.921095  	0.055000	0.921096  	0.055000	0.887885  	0.055000	0.0130279
0.060000	1.55296   	0.060000	0.934034  	0.060000	0.951381  	0.060000	0.951381  	0.060000	0.951383  	0.060000	0.921836  	0.060000	0.0121987
0.070000	1.63439   	0.070000	0.99229   	0.070000	1.00285   	0.070000	1.00285   	0.070000	1.00285   	0.070000	0.981444  	0.070000	0.0108455
0.080000	1.72176   	0.080000	1.04057   	0.080000	1.0443    	0.080000	1.0443    	0.080000	1.0443    	0.080000	1.03079   	0.080000	0.00978503
0.090000	1.7904    	0.090000	1.08307   	0.090000	1.07792   	0.090000	1.07792   	0.090000	1.07793   	0.090000	1.07414   	0.090000	0.00892926
0.100000	1.84545   	0.100000	1.12348   	0.100000	1.10553   	0.100000	1.10553   	0.100000	1.10553   	0.100000	1.11525   	0.100000	0.00822267
0.120000	1.87889   	0.120000	1.1665    	0.120000	1.14793   	0.120000	1.14793   	0.120000	1.14793   	0.120000	1.15938   	0.120000	0.00712094
0.140000	1.89218   	0.140000	1.20013   	0.140000	1.17911   	0.140000	1.17911   	0.140000	1.17911   	0.140000	1.19384   	0.140000	0.00629839
0.160000	1.89688   	0.160000	1.22696   	0.160000	1.20326   	0.160000	1.20326   	0.160000	1.20326   	0.160000	1.2213    	0.160000	0.0056587
0.180000	1.89648   	0.180000	1.24401   	0.180000	1.22266   	0.180000	1.22266   	0.180000	1.22266   	0.180000	1.23887   	0.180000	0.00514568
0.200000	1.90063   	0.200000	1.25904   	0.200000	1.23858   	0.200000	1.23858   	0.200000	1.23858   	0.200000	1.25432   	0.200000	0.00472428
0.250000	1.86595   	0.250000	1.26999   	0.250000	1.26736   	0.250000	1.26736   	0.250000	1.26736   	0.250000	1.26605   	0.250000	0.00393728
0.300000	1.87361   	0.300000	1.28927   	0.300000	1.28463   	0.300000	1.28463   	0.300000	1.28463   	0.300000	1.28589   	0.300000	0.00338855
0.350000	1.88765   	0.350000	1.30482   	0.350000	1.29351   	0.350000	1.29351   	0.350000	1.29351   	0.350000	1.30184   	0.350000	0.00298237
0.400000	1.88436   	0.400000	1.30189   	0.400000	1.29767   	0.400000	1.29767   	0.400000	1.29767   	0.400000	1.29922   	0.400000	0.00266861
0.450000	1.87396   	0.450000	1.29003   	0.450000	1.30648   	0.450000	1.30648   	0.450000	1.30648   	0.450000	1.28761   	0.450000	0.00241839
0.500000	1.86871   	0.500000	1.27938   	0.500000	1.30852   	0.500000	1.30852   	0.500000	1.30852   	0.500000	1.27717   	0.500000	0.00221382
0.600000	1.78567   	0.600000	1.26969   	0.600000	1.29899   	0.600000	1.29899   	0.600000	1.29899   	0.600000	1.2678    	0.600000	0.00189859
0.700000	1.69239   	0.700000	1.24979   	0.700000	1.27522   	0.700000	1.27522   	0.700000	1.27522   	0.700000	1.24813   	0.700000	0.00166631
0.800000	1.65639   	0.800000	1.2415    	0.800000	1.24595   	0.800000	1.24595   	0.800000	1.24595   	0.800000	1.24002   	0.800000	0.00148754
0.900000	1.61662   	0.900000	1.22928   	0.900000	1.21478   	0.900000	1.21478   	0.900000	1.21478   	0.900000	1.22794   	0.900000	0.00134541
1.000000	1.5748    	1.000000	1.21476   	1.000000	1.18305   	1.000000	1.18305   	1.000000	1.18305   	1.000000	1.21353   	1.000000	0.0012295
1.250000	1.45542   	1.250000	1.14401   	1.250000	1.10396   	1.250000	1.10396   	1.250000	1.10396   	1.250000	1.14299   	1.250000	0.00101517
1.500000	1.3325    	1.500000	1.06466   	1.500000	1.02802   	1.500000	1.02802   	1.500000	1.02802   	1.500000	1.06379   	1.500000	0.000867473
1.750000	1.22761   	1.750000	0.996857  	1.750000	0.962311  	1.750000	0.962311  	1.750000	0.962312  	1.750000	0.996098  	1.750000	0.000759127
2.000000	1.13001   	2.000000	0.93161   	2.000000	0.90463   	2.000000	0.90463   	2.000000	0.90463   	2.000000	0.930934  	2.000000	0.000676044
2.250000	1.04884   	2.250000	0.869792  	2.250000	0.853527  	2.250000	0.853527  	2.250000	0.853527  	2.250000	0.869182  	2.250000	0.000610186
2.500000	0.976789  	2.500000	0.817719  	2.500000	0.80794   	2.500000	0.80794   	2.500000	0.807941  	2.500000	0.817163  	2.500000	0.000556621
3.000000	0.870456  	3.000000	0.733603  	3.000000	0.730168  	3.000000	0.730168  	3.000000	0.730169  	3.000000	0.733128  	3.000000	0.000474599
3.500000	0.785977  	3.500000	0.667247  	3.500000	0.66639   	3.500000	0.66639   	3.500000	0.666391  	3.500000	0.666833  	3.500000	0.000414589
4.000000	0.717228  	4.000000	0.613324  	4.000000	0.613225  	4.000000	0.613225  	4.000000	0.613226  	4.000000	0.612955  	4.000000	0.000368669
4.500000	0.660162  	4.500000	0.568424  	4.500000	0.56827   	4.500000	0.56827   	4.500000	0.568271  	4.500000	0.568092  	4.500000	0.000332335
5.000000	0.612008  	5.000000	0.530277  	5.000000	0.529778  	5.000000	0.529778  	5.000000	0.529778  	5.000000	0.529974  	5.000000	0.000302828
5.500000	0.570808  	5.500000	0.497376  	5.500000	0.496453  	5.500000	0.496453  	5.500000	0.496453  	5.500000	0.497097  	5.500000	0.000278363
6.000000	0.535139  	6.000000	0.468658  	6.000000	0.467319  	6.000000	0.467319  	6.000000	0.467319  	6.000000	0.4684    	6.000000	0.000257731
6.500000	0.503945  	6.500000	0.443344  	6.500000	0.441629  	6.500000	0.441629  	6.500000	0.441629  	6.500000	0.443104  	6.500000	0.000240084
7.000000	0.476423  	7.000000	0.420846  	7.000000	0.4188    	7.000000	0.4188    	7.000000	0.4188    	7.000000	0.420621  	7.000000	0.000224807
7.500000	0.451952  	7.500000	0.400706  	7.500000	0.398376  	7.500000	0.398376  	7.500000	0.398376  	7.500000	0.400494  	7.500000	0.000211447
8.000000	0.430044  	8.000000	0.382563  	8.000000	0.37999   	8.000000	0.37999   	8.000000	0.379991  	8.000000	0.382363  	8.000000	0.000199658
8.500000	0.410311  	8.500000	0.366127  	8.500000	0.363349  	8.500000	0.363349  	8.500000	0.363349  	8.500000	0.365938  	8.500000	0.000189175
9.000000	0.392441  	9.000000	0.351164  	9.000000	0.34821   	9.000000	0.34821   	9.000000	0.34821   	9.000000	0.350984  	9.000000	0.000179789
9.500000	0.376177  	9.500000	0.337479  	9.500000	0.334377  	9.500000	0.334377  	9.500000	0.334377  	9.500000	0.337308  	9.500000	0.000171333
10.000000	0.361309  	10.000000	0.326467  	10.000000	0.321684  	10.000000	0.321684  	10.000000	0.321684  	10.000000	0.326303  	10.000000	0.000163673
11.000000	0.335092  	11.000000	0.30493   	11.000000	0.299306  	11.000000	0.29955   	11.000000	0.29938   	11.000000	0.304779  	11.000000	0.000150326
12.000000	0.312694  	12.000000	0.286157  	12.000000	0.280104  	12.000000	0.280507  	12.000000	0.28021   	12.000000	0.286018  	12.000000	0.000139081
13.000000	0.293329  	13.000000	0.269662  	13.000000	0.263441  	13.000000	0.263948  	13.000000	0.263557  	13.000000	0.269533  	13.000000	0.000129472
14.000000	0.276411  	14.000000	0.255062  	14.000000	0.24884   	14.000000	0.249414  	14.000000	0.248955  	14.000000	0.254941  	14.000000	0.00012116
15.000000	0.261497  	15.000000	0.242053  	15.000000	0.235935  	15.000000	0.236553  	15.000000	0.236047  	15.000000	0.241939  	15.000000	0.000113896
16.000000	0.248246  	16.000000	0.23039   	16.000000	0.224453  	16.000000	0.22509   	16.000000	0.224554  	16.000000	0.230282  	16.000000	0.000107491
17.000000	0.236391  	17.000000	0.219875  	17.000000	0.214171  	17.000000	0.21481   	17.000000	0.214257  	17.000000	0.219774  	17.000000	0.000101799
18.000000	0.225719  	18.000000	0.210349  	18.000000	0.2049    	18.000000	0.205536  	18.000000	0.204974  	18.000000	0.210252  	18.000000	9.67048e-05
19.000000	0.216059  	19.000000	0.201677  	19.000000	0.196498  	19.000000	0.197129  	19.000000	0.196568  	19.000000	0.201585  	19.000000	9.21183e-05
20.000000	0.207271  	20.000000	0.19375   	20.000000	0.188856  	20.000000	0.189472  	20.000000	0.188918  	20.000000	0.193662  	20.000000	8.7966e-05
21.000000	0.199241  	21.000000	0.186475  	21.000000	0.181878  	21.000000	0.18247   	21.000000	0.181926  	21.000000	0.186391  	21.000000	8.4188e-05
22.000000	0.191872  	22.000000	0.179775  	22.000000	0.175474  	22.000000	0.176043  	22.000000	0.175514  	22.000000	0.179694  	22.000000	8.07353e-05
23.000000	0.185086  	23.000000	0.173584  	23.000000	0.169577  	23.000000	0.170123  	23.000000	0.169611  	23.000000	0.173507  	23.000000	7.75669e-05
24.000000	0.178815  	24.000000	0.167846  	24.000000	0.164129  	24.000000	0.164654  	24.000000	0.164162  	24.000000	0.167771  	24.000000	7.46485e-05
25.000000	0.173     	25.000000	0.162513  	25.000000	0.159082  	25.000000	0.159586  	25.000000	0.159115  	25.000000	0.162441  	25.000000	7.19514e-05
27.000000	0.162554  	27.000000	0.152898  	27.000000	0.150036  	27.000000	0.150493  	27.000000	0.150067  	27.000000	0.152831  	27.000000	6.71258e-05
29.000000	0.15343   	29.000000	0.144469  	29.000000	0.142174  	29.000000	0.142573  	29.000000	0.142195  	29.000000	0.144406  	29.000000	6.29322e-05
31.000000	0.145389  	31.000000	0.137017  	31.000000	0.135099  	31.000000	0.135427  	31.000000	0.135112  	31.000000	0.136957  	31.000000	5.92525e-05
33.000000	0.138245  	33.000000	0.130379  	33.000000	0.128633  	33.000000	0.128894  	33.000000	0.128649  	33.000000	0.130323  	33.000000	5.59966e-05
35.000000	0.131854  	35.000000	0.124429  	35.000000	0.122839  	35.000000	0.123041  	35.000000	0.122854  	35.000000	0.124376  	35.000000	5.30941e-05
38.000000	0.123433  	38.000000	0.116573  	38.000000	0.115188  	38.000000	0.115316  	38.000000	0.115198  	38.000000	0.116524  	38.000000	4.92852e-05
41.000000	0.116154  	41.000000	0.109768  	41.000000	0.108561  	41.000000	0.108626  	41.000000	0.108562  	41.000000	0.109722  	41.000000	4.60067e-05
44.000000	0.109796  	44.000000	0.103815  	44.000000	0.102744  	44.000000	0.102771  	44.000000	0.102749  	44.000000	0.103771  	44.000000	4.31538e-05
47.000000	0.10419   	47.000000	0.0985603 	47.000000	0.0976162 	47.000000	0.097603  	47.000000	0.0976146 	47.000000	0.0985197 	47.000000	4.06475e-05
50.000000	0.0992089 	50.000000	0.0938877 	50.000000	0.0930499 	50.000000	0.0930045 	50.000000	0.0930435 	50.000000	0.0938492 	50.000000	3.84275e-05
55.000000	0.0920309 	55.000000	0.0871495 	55.000000	0.086446  	55.000000	0.0863686 	55.000000	0.0864421 	55.000000	0.0871143 	55.000000	3.52405e-05
60.000000	0.0859677 	60.000000	0.0814555 	60.000000	0.080857  	60.000000	0.0807552 	60.000000	0.0808538 	60.000000	0.0814229 	60.000000	3.25603e-05
65.000000	0.0807738 	65.000000	0.0765779 	65.000000	0.0760549 	65.000000	0.0759417 	65.000000	0.0760586 	65.000000	0.0765476 	65.000000	3.02735e-05
70.000000	0.0762714 	70.000000	0.0723511 	70.000000	0.0719003 	70.000000	0.071766  	70.000000	0.0718965 	70.000000	0.0723228 	70.000000	2.82983e-05
75.000000	0.0723285 	75.000000	0.0686516 	75.000000	0.0682464 	75.000000	0.0681076 	75.000000	0.0682484 	75.000000	0.0686251 	75.000000	2.65744e-05
80.000000	0.0688449 	80.000000	0.0653857 	80.000000	0.065026  	80.000000	0.0648748 	80.000000	0.0650233 	80.000000	0.0653606 	80.000000	2.50562e-05
85.000000	0.0657431 	85.000000	0.0624805 	85.000000	0.0621494 	85.000000	0.0619963 	85.000000	0.0621505 	85.000000	0.0624568 	85.000000	2.37085e-05
90.000000	0.0629623 	90.000000	0.0598788 	90.000000	0.0595793 	90.000000	0.0594164 	90.000000	0.0595748 	90.000000	0.0598563 	90.000000	2.25037e-05
95.000000	0.0604541 	95.000000	0.057535  	95.000000	0.0572534 	95.000000	0.0570902 	95.000000	0.057252  	95.000000	0.0575136 	95.000000	2.14199e-05
100.000000	0.0581794 	100.000000	0.0554122 	100.000000	0.0551453 	100.000000	0.0549818 	100.000000	0.055146  	100.000000	0.0553917 	100.000000	2.04396e-05
105.000000	0.0561063 	105.000000	0.0534802 	105.000000	0.0532247 	105.000000	0.0530616 	105.000000	0.0532275 	105.000000	0.0534606 	105.000000	1.95485e-05
110.000000	0.0542086 	110.000000	0.0517142 	110.000000	0.0514743 	110.000000	0.0513053 	110.000000	0.0514725 	110.000000	0.0516954 	110.000000	1.87347e-05
115.000000	0.0524643 	115.000000	0.0500935 	115.000000	0.0498635 	115.000000	0.0496926 	115.000000	0.0498604 	115.000000	0.0500755 	115.000000	1.79885e-05
120.000000	0.0508551 	120.000000	0.0486007 	120.000000	0.0483759 	120.000000	0.0482063 	120.000000	0.0483747 	120.000000	0.0485834 	120.000000	1.73017e-05
125.000000	0.0493656 	125.000000	0.0472211 	125.000000	0.0470015 	125.000000	0.0468322 	125.000000	0.0470007 	125.000000	0.0472045 	125.000000	1.66674e-05
130.000000	0.0479826 	130.000000	0.0459423 	130.000000	0.0457265 	130.000000	0.0455578 	130.000000	0.0457264 	130.000000	0.0459263 	130.000000	1.60797e-05
135.000000	0.0466946 	135.000000	0.0447535 	135.000000	0.0445408 	135.000000	0.0443727 	135.000000	0.044541  	135.000000	0.044738  	135.000000	1.55336e-05
140.000000	0.0454921 	140.000000	0.0436455 	140.000000	0.0434352 	140.000000	0.0432677 	140.000000	0.0434358 	140.000000	0.0436305 	140.000000	1.50248e-05
145.000000	0.0443666 	145.000000	0.0426102 	145.000000	0.0424018 	145.000000	0.0422349 	145.000000	0.0424025 	145.000000	0.0425957 	145.000000	1.45495e-05
150.000000	0.0433107 	150.000000	0.0416408 	150.000000	0.0414337 	150.000000	0.0412676 	150.000000	0.0414347 	150.000000	0.0416267 	150.000000	1.41045e-05
155.000000	0.0418239 	155.000000	0.0407309 	155.000000	0.040525  	155.000000	0.0403595 	155.000000	0.040526  	155.000000	0.0407173 	155.000000	1.36869e-05
160.000000	0.0409524 	160.000000	0.0398754 	160.000000	0.0396703 	160.000000	0.0395055 	160.000000	0.0396713 	160.000000	0.0398621 	160.000000	1.32943e-05
165.000000	0.0401306 	165.000000	0.0390695 	165.000000	0.038865  	165.000000	0.0387008 	165.000000	0.038866  	165.000000	0.0390565 	165.000000	1.29244e-05
170.000000	0.0393543 	170.000000	0.0383089 	170.000000	0.0381048 	170.000000	0.0379413 	170.000000	0.0381058 	170.000000	0.0382963 	170.000000	1.25753e-05
175.000000	0.0386197 	175.000000	0.0375899 	175.000000	0.0373861 	175.000000	0.0372232 	175.000000	0.037387  	175.000000	0.0375777 	175.000000	1.22453e-05
180.000000	0.0379236 	180.000000	0.0369092 	180.000000	0.0367057 	180.000000	0.0365434 	180.000000	0.0367065 	180.000000	0.0368973 	180.000000	1.19329e-05
185.000000	0.0372629 	185.000000	0.0362639 	185.000000	0.0360604 	185.000000	0.0358988 	185.000000	0.0360611 	185.000000	0.0362522 	185.000000	1.16366e-05
190.000000	0.036635  	190.000000	0.0356511 	190.000000	0.0354477 	190.000000	0.0352868 	190.000000	0.0354483 	190.000000	0.0356398 	190.000000	1.13552e-05
195.000000	0.0360374 	195.000000	0.0350686 	195.000000	0.0348652 	195.000000	0.0347049 	195.000000	0.0348657 	195.000000	0.0350575 	195.000000	1.10876e-05
200.000000	0.035468  	200.000000	0.0345141 	200.000000	0.0343108 	200.000000	0.034151  	200.000000	0.034311  	200.000000	0.0345032 	200.000000	1.08328e-05
210.000000	0.0344062 	210.000000	0.0334814 	210.000000	0.0332782 	210.000000	0.0331197 	210.000000	0.0332782 	210.000000	0.0334711 	210.000000	1.0358e-05
220.000000	0.0334357 	220.000000	0.0325395 	220.000000	0.0323364 	220.000000	0.0321791 	220.000000	0.032336  	220.000000	0.0325296 	220.000000	9.92458e-06
230.000000	0.0325451 	230.000000	0.0316768 	230.000000	0.031474  	230.000000	0.0313178 	230.000000	0.0314733 	230.000000	0.0316673 	230.000000	9.52726e-06
240.000000	0.031725  	240.000000	0.0308839 	240.000000	0.0306814 	240.000000	0.0305263 	240.000000	0.0306804 	240.000000	0.0308747 	240.000000	9.16165e-06
250.000000	0.0309672 	250.000000	0.0301525 	250.000000	0.0299512 	250.000000	0.0297967 	250.000000	0.0299494 	250.000000	0.0301437 	250.000000	8.82407e-06
260.000000	0.0302649 	260.000000	0.029476  	260.000000	0.0292738 	260.000000	0.0291219 	260.000000	0.0292732 	260.000000	0.0294675 	260.000000	8.51136e-06
270.000000	0.0296121 	270.000000	0.0288484 	270.000000	0.0286445 	270.000000	0.0284963 	270.000000	0.0286463 	270.000000	0.0288401 	270.000000	8.22084e-06
280.000000	0.0290039 	280.000000	0.0282645 	280.000000	0.0280621 	280.000000	0.0279145 	280.000000	0.0280633 	280.000000	0.0282566 	280.000000	7.95021e-06
290.000000	0.0284358 	290.000000	0.0277202 	290.000000	0.0275193 	290.000000	0.0273724 	290.000000	0.02752   	290.000000	0.0277125 	290.000000	7.69747e-06
300.000000	0.0279039 	300.000000	0.0272115 	300.000000	0.0270121 	300.000000	0.0268661 	300.000000	0.0270125 	300.000000	0.027204  	300.000000	7.46087e-06
310.000000	0.027405  	310.000000	0.0267351 	310.000000	0.0265375 	310.000000	0.0263922 	310.000000	0.0265375 	310.000000	0.0267278 	310.000000	7.23891e-06
320.000000	0.0269361 	320.000000	0.026288  	320.000000	0.0260924 	320.000000	0.0259478 	320.000000	0.026092  	320.000000	0.026281  	320.000000	7.03024e-06
330.000000	0.0264946 	330.000000	0.0258678 	330.000000	0.025674  	330.000000	0.0255303 	330.000000	0.0256734 	330.000000	0.025861  	330.000000	6.83369e-06
340.000000	0.0260782 	340.000000	0.0254721 	340.000000	0.0252806 	340.000000	0.0251375 	340.000000	0.0252796 	340.000000	0.0254654 	340.000000	6.64823e-06
350.000000	0.0256848 	350.000000	0.0250988 	350.000000	0.0249099 	350.000000	0.0247671 	350.000000	0.0249083 	350.000000	0.0250923 	350.000000	6.47293e-06
360.000000	0.0253126 	360.000000	0.0247462 	360.000000	0.0245587 	360.000000	0.0244176 	360.000000	0.0245577 	360.000000	0.0247399 	360.000000	6.30696e-06
370.000000	0.02496   	370.000000	0.0244127 	370.000000	0.0242257 	370.000000	0.0240871 	370.000000	0.0242264 	370.000000	0.0244065 	370.000000	6.1496e-06
380.000000	0.0246255 	380.000000	0.0240967 	380.000000	0.0239116 	380.000000	0.0237743 	380.000000	0.0239127 	380.000000	0.0240907 	380.000000	6.00018e-06
390.000000	0.0243077 	390.000000	0.023797  	390.000000	0.0236149 	390.000000	0.0234778 	390.000000	0.0236154 	390.000000	0.0237911 	390.000000	5.85811e-06
400.000000	0.0240056 	400.000000	0.0235124 	400.000000	0.0233331 	400.000000	0.0231965 	400.000000	0.0233333 	400.000000	0.0235067 	400.000000	5.72285e-06
410.000000	0.0237179 	410.000000	0.0232418 	410.000000	0.0230653 	410.000000	0.0229292 	410.000000	0.0230652 	410.000000	0.0232362 	410.000000	5.59392e-06
420.000000	0.0234437 	420.000000	0.0229843 	420.000000	0.0228105 	420.000000	0.022675  	420.000000	0.0228102 	420.000000	0.0229788 	420.000000	5.47088e-06
430.000000	0.0231822 	430.000000	0.0227389 	430.000000	0.022568  	430.000000	0.022433  	430.000000	0.0225675 	430.000000	0.0227336 	430.000000	5.35333e-06
440.000000	0.0229324 	440.000000	0.0225049 	440.000000	0.0223372 	440.000000	0.0222023 	440.000000	0.0223361 	440.000000	0.0224997 	440.000000	5.2409e-06
450.000000	0.0226937 	450.000000	0.0222815 	450.000000	0.0221167 	450.000000	0.0219823 	450.000000	0.0221154 	450.000000	0.0222764 	450.000000	5.13327e-06
460.000000	0.0224654 	460.000000	0.0220681 	460.000000	0.0219054 	460.000000	0.0217723 	460.000000	0.0219047 	460.000000	0.0220631 	460.000000	5.03013e-06
470.000000	0.0222467 	470.000000	0.0218641 	470.000000	0.021703  	470.000000	0.0215716 	470.000000	0.0217034 	470.000000	0.0218591 	470.000000	4.9312e-06
480.000000	0.0220373 	480.000000	0.0216688 	480.000000	0.0215098 	480.000000	0.0213796 	480.000000	0.0215109 	480.000000	0.0216639 	480.000000	4.83622e-06
490.000000	0.0218364 	490.000000	0.0214817 	490.000000	0.0213257 	490.000000	0.0211959 	490.000000	0.0213265 	490.000000	0.021477  	490.000000	4.74496e-06
500.000000	0.0216437 	500.000000	0.0213025 	500.000000	0.0211496 	500.000000	0.02102   	500.000000	0.02115   	500.000000	0.0212978 	500.000000	4.65721e-06
520.000000	0.0212809 	520.000000	0.0209655 	520.000000	0.0208186 	520.000000	0.0206896 	520.000000	0.0208186 	520.000000	0.020961  	520.000000	4.49143e-06
540.000000	0.0209456 	540.000000	0.0206547 	540.000000	0.0205136 	540.000000	0.0203853 	540.000000	0.0205132 	540.000000	0.0206504 	540.000000	4.33744e-06
560.000000	0.020635  	560.000000	0.0203674 	560.000000	0.0202319 	560.000000	0.0201043 	560.000000	0.0202313 	560.000000	0.0203632 	560.000000	4.19402e-06
580.000000	0.0203467 	580.000000	0.0201012 	580.000000	0.019971  	580.000000	0.0198442 	580.000000	0.0199702 	580.000000	0.0200971 	580.000000	4.06009e-06
600.000000	0.0200785 	600.000000	0.019854  	600.000000	0.0197282 	600.000000	0.019603  	600.000000	0.0197282 	600.000000	0.01985   	600.000000	3.93475e-06
620.000000	0.0198286 	620.000000	0.019624  	620.000000	0.0195025 	620.000000	0.0193788 	620.000000	0.0195031 	620.000000	0.0196202 	620.000000	3.81718e-06
640.000000	0.0195954 	640.000000	0.0194098 	640.000000	0.0192932 	640.000000	0.0191701 	640.000000	0.0192936 	640.000000	0.0194061 	640.000000	3.70666e-06
660.000000	0.0193774 	660.000000	0.0192098 	660.000000	0.0190982 	660.000000	0.0189754 	660.000000	0.0190982 	660.000000	0.0192062 	660.000000	3.60259e-06
680.000000	0.0191734 	680.000000	0.0190229 	680.000000	0.0189158 	680.000000	0.0187935 	680.000000	0.0189156 	680.000000	0.0190194 	680.000000	3.50439e-06
700.000000	0.0189822 	700.000000	0.018848  	700.000000	0.0187453 	700.000000	0.0186234 	700.000000	0.0187449 	700.000000	0.0188446 	700.000000	3.41159e-06
720.000000	0.0188028 	720.000000	0.0186841 	720.000000	0.0185857 	720.000000	0.018464  	720.000000	0.0185848 	720.000000	0.0186808 	720.000000	3.32374e-06
740.000000	0.0186344 	740.000000	0.0185303 	740.000000	0.0184367 	740.000000	0.0183156 	740.000000	0.0184358 	740.000000	0.0185271 	740.000000	3.24046e-06
760.000000	0.018476  	760.000000	0.0183859 	760.000000	0.0182988 	760.000000	0.018179  	760.000000	0.0182987 	760.000000	0.0183827 	760.000000	3.16139e-06
780.000000	0.018327  	780.000000	0.0182501 	780.000000	0.0181691 	780.000000	0.0180505 	780.000000	0.0181697 	780.000000	0.018247  	780.000000	3.08622e-06
800.000000	0.0181867 	800.000000	0.0181223 	800.000000	0.0180474 	800.000000	0.0179296 	800.000000	0.0180482 	800.000000	0.0181193 	800.000000	3.01466e-06
820.000000	0.0180545 	820.000000	0.018002  	820.000000	0.0179332 	820.000000	0.0178156 	820.000000	0.0179337 	820.000000	0.017999  	820.000000	2.94646e-06
840.000000	0.0179299 	840.000000	0.0178886 	840.000000	0.0178255 	840.000000	0.017708  	840.000000	0.0178257 	840.000000	0.0178857 	840.000000	2.88138e-06
860.000000	0.0178123 	860.000000	0.0177817 	860.000000	0.0177237 	860.000000	0.0176065 	860.000000	0.0177236 	860.000000	0.0177788 	860.000000	2.81921e-06
880.000000	0.0177013 	880.000000	0.0176807 	880.000000	0.0176274 	880.000000	0.0175105 	880.000000	0.0176273 	880.000000	0.017678  	880.000000	2.75976e-06
900.000000	0.0175965 	900.000000	0.0175855 	900.000000	0.0175365 	900.000000	0.0174198 	900.000000	0.0175361 	900.000000	0.0175828 	900.000000	2.70285e-06
920.000000	0.0174975 	920.000000	0.0174955 	920.000000	0.0174505 	920.000000	0.0173339 	920.000000	0.0174498 	920.000000	0.0174928 	920.000000	2.64831e-06
940.000000	0.0174039 	940.000000	0.0174104 	940.000000	0.0173689 	940.000000	0.0172526 	940.000000	0.0173681 	940.000000	0.0174078 	940.000000	2.59601e-06
960.000000	0.0173155 	960.000000	0.01733   	960.000000	0.0172914 	960.000000	0.0171755 	960.000000	0.0172907 	960.000000	0.0173274 	960.000000	2.54581e-06
980.000000	0.0172319 	980.000000	0.0172539 	980.000000	0.0172176 	980.000000	0.0171024 	980.000000	0.0172172 	980.000000	0.0172514 	980.000000	2.49757e-06
1000.000000	0.0171529 	1000.000000	0.017182  	1000.000000	0.0171474 	1000.000000	0.017033  	1000.000000	0.0171475 	1000.000000	0.0171796 	1000.000000	2.45119e-06
1020.000000	0.0170782 	1020.000000	0.0171139 	1020.000000	0.0170808 	1020.000000	0.0169672 	1020.000000	0.0170814 	1020.000000	0.0171115 	1020.000000	2.40657e-06
1040.000000	0.0170075 	1040.000000	0.0170495 	1040.000000	0.0170178 	1040.000000	0.0169047 	1040.000000	0.0170185 	1040.000000	0.0170472 	1040.000000	2.36359e-06
1060.000000	0.0169408 	1060.000000	0.0169886 	1060.000000	0.0169582 	1060.000000	0.0168453 	1060.000000	0.0169588 	1060.000000	0.0169863 	1060.000000	2.32217e-06
1080.000000	0.0168777 	1080.000000	0.0169309 	1080.000000	0.0169016 	1080.000000	0.0167888 	1080.000000	0.0169021 	1080.000000	0.0169286 	1080.000000	2.28223e-06
1100.000000	0.016818  	1100.000000	0.0168763 	1100.000000	0.0168478 	1100.000000	0.0167351 	1100.000000	0.0168481 	1100.000000	0.016874  	1100.000000	2.24368e-06
1120.000000	0.0167617 	1120.000000	0.0168246 	1120.000000	0.0167966 	1120.000000	0.016684  	1120.000000	0.0167967 	1120.000000	0.0168224 	1120.000000	2.20646e-06
1140.000000	0.0167085 	1140.000000	0.0167757 	1140.000000	0.0167478 	1140.000000	0.0166354 	1140.000000	0.0167478 	1140.000000	0.0167735 	1140.000000	2.1705e-06
1160.000000	0.0166583 	1160.000000	0.0167294 	1160.000000	0.0167013 	1160.000000	0.0165891 	1160.000000	0.0167013 	1160.000000	0.0167273 	1160.000000	2.13573e-06
1180.000000	0.0166109 	1180.000000	0.0166857 	1180.000000	0.0166571 	1180.000000	0.016545  	1180.000000	0.0166569 	1180.000000	0.0166836 	1180.000000	2.10209e-06
1200.000000	0.0165663 	1200.000000	0.0166443 	1200.000000	0.0166149 	1200.000000	0.016503  	1200.000000	0.0166147 	1200.000000	0.0166422 	1200.000000	2.06953e-06
1220.000000	0.0165242 	1220.000000	0.0166052 	1220.000000	0.0165748 	1220.000000	0.016463  	1220.000000	0.0165744 	1220.000000	0.0166032 	1220.000000	2.038e-06
1240.000000	0.0164846 	1240.000000	0.0165683 	1240.000000	0.0165366 	1240.000000	0.0164248 	1240.000000	0.0165361 	1240.000000	0.0165662 	1240.000000	2.00745e-06
1260.000000	0.0164473 	1260.000000	0.0165334 	1260.000000	0.0165002 	1260.000000	0.0163885 	1260.000000	0.0164995 	1260.000000	0.0165314 	1260.000000	1.97783e-06
1280.000000	0.0164123 	1280.000000	0.0165004 	1280.000000	0.0164654 	1280.000000	0.0163538 	1280.000000	0.0164646 	1280.000000	0.0164985 	1280.000000	1.9491e-06
1300.000000	0.0163795 	1300.000000	0.0164694 	1300.000000	0.0164322 	1300.000000	0.0163207 	1300.000000	0.0164314 	1300.000000	0.0164675 	1300.000000	1.92123e-06
1320.000000	0.0163487 	1320.000000	0.0164401 	1320.000000	0.0164004 	1320.000000	0.0162892 	1320.000000	0.0163997 	1320.000000	0.0164382 	1320.000000	1.89416e-06
1340.000000	0.0163199 	1340.000000	0.0164126 	1340.000000	0.01637   	1340.000000	0.0162592 	1340.000000	0.0163694 	1340.000000	0.0164107 	1340.000000	1.86788e-06
1360.000000	0.0162931 	1360.000000	0.0163867 	1360.000000	0.0163409 	1360.000000	0.0162305 	1360.000000	0.0163406 	1360.000000	0.0163848 	1360.000000	1.84234e-06
1380.000000	0.016268  	1380.000000	0.0163623 	1380.000000	0.0163131 	1380.000000	0.0162031 	1380.000000	0.016313  	1380.000000	0.0163605 	1380.000000	1.81751e-06
1400.000000	0.0162447 	1400.000000	0.0163395 	1400.000000	0.0162866 	1400.000000	0.016177  	1400.000000	0.0162868 	1400.000000	0.0163377 	1400.000000	1.79336e-06
1420.000000	0.0162231 	1420.000000	0.0163181 	1420.000000	0.0162613 	1420.000000	0.0161522 	1420.000000	0.0162617 	1420.000000	0.0163163 	1420.000000	1.76987e-06
1440.000000	0.016203  	1440.000000	0.016298  	1440.000000	0.0162373 	1440.000000	0.0161284 	1440.000000	0.0162378 	1440.000000	0.0162963 	1440.000000	1.747e-06
1460.000000	0.0161846 	1460.000000	0.0162793 	1460.000000	0.0162144 	1460.000000	0.0161058 	1460.000000	0.016215  	1460.000000	0.0162776 	1460.000000	1.72474e-06
1480.000000	0.0161676 	1480.000000	0.0162619 	1480.000000	0.0161927 	1480.000000	0.0160842 	1480.000000	0.0161933 	1480.000000	0.0162602 	1480.000000	1.70306e-06
1500.000000	0.0161521 	1500.000000	0.0162457 	1500.000000	0.016172  	1500.000000	0.0160636 	1500.000000	0.0161725 	1500.000000	0.016244  	1500.000000	1.68194e-06
1520.000000	0.016138  	1520.000000	0.0162306 	1520.000000	0.0161522 	1520.000000	0.0160439 	1520.000000	0.0161527 	1520.000000	0.016229  	1520.000000	1.66135e-06
1540.000000	0.0161252 	1540.000000	0.0162167 	1540.000000	0.0161335 	1540.000000	0.0160252 	1540.000000	0.0161338 	1540.000000	0.0162151 	1540.000000	1.64127e-06
1560.000000	0.0161137 	1560.000000	0.0162039 	1560.000000	0.0161156 	1560.000000	0.0160073 	1560.000000	0.0161158 	1560.000000	0.0162023 	1560.000000	1.62169e-06
1580.000000	0.0161035 	1580.000000	0.0161921 	1580.000000	0.0160985 	1580.000000	0.0159903 	1580.000000	0.0160987 	1580.000000	0.0161905 	1580.000000	1.60259e-06
1600.000000	0.0160944 	1600.000000	0.0161814 	1600.000000	0.0160823 	1600.000000	0.0159741 	1600.000000	0.0160824 	1600.000000	0.0161798 	1600.000000	1.58395e-06
1620.000000	0.0160866 	1620.000000	0.0161716 	1620.000000	0.0160668 	1620.000000	0.0159587 	1620.000000	0.0160668 	1620.000000	0.01617   	1620.000000	1.56575e-06
1640.000000	0.0160798 	1640.000000	0.0161627 	1640.000000	0.016052  	1640.000000	0.0159439 	1640.000000	0.0160519 	1640.000000	0.0161611 	1640.000000	1.54798e-06
1660.000000	0.0160742 	1660.000000	0.0161547 	1660.000000	0.0160379 	1660.000000	0.0159299 	1660.000000	0.0160378 	1660.000000	0.0161532 	1660.000000	1.53062e-06
1680.000000	0.0160695 	1680.000000	0.0161476 	1680.000000	0.0160245 	1680.000000	0.0159166 	1680.000000	0.0160244 	1680.000000	0.0161461 	1680.000000	1.51366e-06
1700.000000	0.016066  	1700.000000	0.0161414 	1700.000000	0.0160118 	1700.000000	0.0159039 	1700.000000	0.0160116 	1700.000000	0.0161399 	1700.000000	1.49708e-06
1750.000000	0.0160612 	1750.000000	0.0161292 	1750.000000	0.0159826 	1750.000000	0.0158749 	1750.000000	0.0159823 	1750.000000	0.0161277 	1750.000000	1.45724e-06
1800.000000	0.0160622 	1800.000000	0.0161217 	1800.000000	0.0159569 	1800.000000	0.0158494 	1800.000000	0.0159565 	1800.000000	0.0161203 	1800.000000	1.41953e-06
1850.000000	0.0160684 	1850.000000	0.0161184 	1850.000000	0.0159344 	1850.000000	0.0158271 	1850.000000	0.015934  	1850.000000	0.016117  	1850.000000	1.38378e-06
1900.000000	0.0160796 	1900.000000	0.0161191 	1900.000000	0.0159149 	1900.000000	0.0158077 	1900.000000	0.0159144 	1900.000000	0.0161178 	1900.000000	1.34985e-06
1950.000000	0.0160953 	1950.000000	0.0161234 	1950.000000	0.0158979 	1950.000000	0.015791  	1950.000000	0.0158974 	1950.000000	0.0161221 	1950.000000	1.31759e-06
2000.000000	0.0161152 	2000.000000	0.0161311 	2000.000000	0.0158833 	2000.000000	0.0157766 	2000.000000	0.0158828 	2000.000000	0.0161298 	2000.000000	1.28689e-06
2100.000000	0.0161668 	2100.000000	0.0161556 	2100.000000	0.0158604 	2100.000000	0.0157543 	2100.000000	0.0158601 	2100.000000	0.0161544 	2100.000000	1.22972e-06
2200.000000	0.0162324 	2200.000000	0.0161909 	2200.000000	0.0158447 	2200.000000	0.0157392 	2200.000000	0.0158447 	2200.000000	0.0161897 	2200.000000	1.17756e-06
2300.000000	0.0163104 	2300.000000	0.0162356 	2300.000000	0.0158353 	2300.000000	0.0157303 	2300.000000	0.0158355 	2300.000000	0.0162345 	2300.000000	1.12978e-06
2400.000000	0.0163994 	2400.000000	0.0162885 	2400.000000	0.0158311 	2400.000000	0.0157265 	2400.000000	0.0158315 	2400.000000	0.0162874 	2400.000000	1.08585e-06
2500.000000	0.0164983 	2500.000000	0.0163486 	2500.000000	0.0158315 	2500.000000	0.0157271 	2500.000000	0.0158318 	2500.000000	0.0163476 	2500.000000	1.0453e-06
2600.000000	0.0166061 	2600.000000	0.0164151 	2600.000000	0.0158356 	2600.000000	0.0157314 	2600.000000	0.0158358 	2600.000000	0.0164141 	2600.000000	1.00776e-06
2700.000000	0.016722  	2700.000000	0.0164873 	2700.000000	0.0158429 	2700.000000	0.0157388 	2700.000000	0.015843  	2700.000000	0.0164863 	2700.000000	9.72911e-07
2800.000000	0.0168453 	2800.000000	0.0165645 	2800.000000	0.0158529 	2800.000000	0.0157488 	2800.000000	0.0158529 	2800.000000	0.0165636 	2800.000000	9.40461e-07
2900.000000	0.0169752 	2900.000000	0.0166463 	2900.000000	0.0158652 	2900.000000	0.0157611 	2900.000000	0.015865  	2900.000000	0.0166453 	2900.000000	9.10172e-07
3000.000000	0.0171114 	3000.000000	0.016732  	3000.000000	0.0158793 	3000.000000	0.0157754 	3000.000000	0.015879  	3000.000000	0.0167312 	3000.000000	8.81831e-07
3200.000000	0.0174004 	3200.000000	0.0169143 	3200.000000	0.0159122 	3200.000000	0.0158085 	3200.000000	0.0159119 	3200.000000	0.0169134 	3200.000000	8.30284e-07
3400.000000	0.0177092 	3400.000000	0.0171085 	3400.000000	0.0159499 	3400.000000	0.0158465 	3400.000000	0.0159495 	3400.000000	0.0171077 	3400.000000	7.84597e-07
3600.000000	0.0180351 	3600.000000	0.0173127 	3600.000000	0.015991  	3600.000000	0.0158878 	3600.000000	0.0159906 	3600.000000	0.0173119 	3600.000000	7.43816e-07
3800.000000	0.0183763 	3800.000000	0.0175252 	3800.000000	0.0160345 	3800.000000	0.0159315 	3800.000000	0.0160342 	3800.000000	0.0175245 	3800.000000	7.07184e-07
4000.000000	0.0187312 	4000.000000	0.0177447 	4000.000000	0.0160796 	4000.000000	0.0159769 	4000.000000	0.0160794 	4000.000000	0.017744  	4000.000000	6.74093e-07
4200.000000	0.0190984 	4200.000000	0.0179702 	4200.000000	0.0161259 	4200.000000	0.0160234 	4200.000000	0.0161257 	4200.000000	0.0179695 	4200.000000	6.44048e-07
4400.000000	0.0194769 	4400.000000	0.0182007 	4400.000000	0.0161728 	4400.000000	0.0160705 	4400.000000	0.0161726 	4400.000000	0.0182001 	4400.000000	6.16643e-07
4600.000000	0.0198657 	4600.000000	0.0184356 	4600.000000	0.01622   	4600.000000	0.0161179 	4600.000000	0.0162198 	4600.000000	0.018435  	4600.000000	5.91541e-07
4800.000000	0.0202642 	4800.000000	0.0186743 	4800.000000	0.0162672 	4800.000000	0.0161653 	4800.000000	0.0162671 	4800.000000	0.0186738 	4800.000000	5.68462e-07
5000.000000	0.0206716 	5000.000000	0.0189163 	5000.000000	0.0163143 	5000.000000	0.0162125 	5000.000000	0.0163142 	5000.000000	0.0189158 	5000.000000	5.47167e-07
5250.000000	0.0211927 	5250.000000	0.0192228 	5250.000000	0.0163727 	5250.000000	0.0162712 	5250.000000	0.0163727 	5250.000000	0.0192223 	5250.000000	5.22755e-07
5500.000000	0.0217261 	5500.000000	0.0195331 	5500.000000	0.0164305 	5500.000000	0.0163291 	5500.000000	0.0164304 	5500.000000	0.0195326 	5500.000000	5.0049e-07
6000.000000	0.0228271 	6000.000000	0.0201628 	6000.000000	0.0165433 	6000.000000	0.0164421 	6000.000000	0.0165432 	6000.000000	0.0201624 	6000.000000	4.61347e-07
6500.000000	0.0239699 	6500.000000	0.0208021 	6500.000000	0.016652  	6500.000000	0.0165511 	6500.000000	0.0166519 	6500.000000	0.0208017 	6500.000000	4.28037e-07
7000.000000	0.0251512 	7000.000000	0.0214486 	7000.000000	0.0167563 	7000.000000	0.0166556 	7000.000000	0.0167562 	7000.000000	0.0214482 	7000.000000	3.99335e-07
7500.000000	0.0263685 	7500.000000	0.0221003 	7500.000000	0.0168559 	7500.000000	0.0167557 	7500.000000	0.0168561 	7500.000000	0.0221    	7500.000000	3.7434e-07
8000.000000	0.02762   	8000.000000	0.0227561 	8000.000000	0.0169514 	8000.000000	0.0168515 	8000.000000	0.0169516 	8000.000000	0.0227558 	8000.000000	3.5237e-07
8500.000000	0.0289044 	8500.000000	0.023415  	8500.000000	0.017043  	8500.000000	0.0169431 	8500.000000	0.017043  	8500.000000	0.0234146 	8500.000000	3.32904e-07
9000.000000	0.0302204 	9000.000000	0.0240761 	9000.000000	0.0171307 	9000.000000	0.0170307 	9000.000000	0.0171304 	9000.000000	0.0240758 	9000.000000	3.15532e-07
9500.000000	0.0315672 	9500.000000	0.024739  	9500.000000	0.0172143 	9500.000000	0.0171146 	9500.000000	0.017214  	9500.000000	0.0247387 	9500.000000	2.99932e-07
10000.000000	0.0329441 	10000.000000	0.0254031 	10000.000000	0.017294  	10000.000000	0.017195  	10000.000000	0.0172942 	10000.000000	0.0254028 	10000.000000	2.85843e-07
11000.000000	0.0357861 	11000.000000	0.0267339 	11000.000000	0.0174442 	11000.000000	0.0173461 	11000.000000	0.0174448 	11000.000000	0.0267336 	11000.000000	2.61389e-07
12000.000000	0.0387431 	12000.000000	0.0280662 	12000.000000	0.0175838 	12000.000000	0.0174857 	12000.000000	0.0175839 	12000.000000	0.028066  	12000.000000	2.40889e-07
13000.000000	0.0418128 	13000.000000	0.0293989 	13000.000000	0.0177131 	13000.000000	0.0176151 	13000.000000	0.0177127 	13000.000000	0.0293987 	13000.000000	2.23448e-07
14000.000000	0.0449938 	14000.000000	0.030731  	14000.000000	0.0178329 	14000.000000	0.0177356 	14000.000000	0.0178327 	14000.000000	0.0307308 	14000.000000	2.08424e-07
15000.000000	0.0482851 	15000.000000	0.032062  	15000.000000	0.0179443 	15000.000000	0.0178482 	15000.000000	0.0179447 	15000.000000	0.0320618 	15000.000000	1.95342e-07
16000.000000	0.051686  	16000.000000	0.0333914 	16000.000000	0.0180487 	16000.000000	0.0179538 	16000.000000	0.0180496 	16000.000000	0.0333912 	16000.000000	1.83847e-07
17000.000000	0.0551963 	17000.000000	0.034719  	17000.000000	0.018147  	17000.000000	0.0180531 	17000.000000	0.0181483 	17000.000000	0.0347188 	17000.000000	1.73663e-07
18000.000000	0.0588156 	18000.000000	0.0360445 	18000.000000	0.01824   	18000.000000	0.0181468 	18000.000000	0.0182413 	18000.000000	0.0360444 	18000.000000	1.64577e-07
19000.000000	0.0625439 	19000.000000	0.037368  	19000.000000	0.0183283 	19000.000000	0.0182355 	19000.000000	0.0183292 	19000.000000	0.0373679 	19000.000000	1.56418e-07
20000.000000	0.0663814 	20000.000000	0.0386893 	20000.000000	0.0184121 	20000.000000	0.0183196 	20000.000000	0.0184124 	20000.000000	0.0386892 	20000.000000	1.49051e-07
21000.000000	0.0703281 	21000.000000	0.0400085 	21000.000000	0.0184916 	21000.000000	0.0183995 	21000.000000	0.0184916 	21000.000000	0.0400083 	21000.000000	1.42364e-07
22000.000000	0.0743843 	22000.000000	0.0413254 	22000.000000	0.0185667 	22000.000000	0.0184756 	22000.000000	0.0185668 	22000.000000	0.0413253 	22000.000000	1.36267e-07
23000.000000	0.0785502 	23000.000000	0.0426401 	23000.000000	0.0186383 	23000.000000	0.0185483 	23000.000000	0.0186386 	23000.000000	0.04264   	23000.000000	1.30684e-07
24000.000000	0.0828263 	24000.000000	0.0439527 	24000.000000	0.0187069 	24000.000000	0.0186177 	24000.000000	0.0187071 	24000.000000	0.0439526 	24000.000000	1.25553e-07
25000.000000	0.0872129 	25000.000000	0.0452631 	25000.000000	0.0187725 	25000.000000	0.0186843 	25000.000000	0.0187728 	25000.000000	0.045263  	25000.000000	1.20819e-07
26000.000000	0.0917103 	26000.000000	0.0465714 	26000.000000	0.0188355 	26000.000000	0.0187481 	26000.000000	0.0188356 	26000.000000	0.0465713 	26000.000000	1.16439e-07
27000.000000	0.0963191 	27000.000000	0.0478777 	27000.000000	0.018896  	27000.000000	0.0188095 	27000.000000	0.0188959 	27000.000000	0.0478776 	27000.000000	1.12374e-07
28000.000000	0.10104   	28000.000000	0.0491819 	28000.000000	0.0189541 	28000.000000	0.0188685 	28000.000000	0.0189538 	28000.000000	0.0491818 	28000.000000	1.0859e-07
29000.000000	0.105872  	29000.000000	0.0504841 	29000.000000	0.01901   	29000.000000	0.0189253 	29000.000000	0.0190096 	29000.000000	0.050484  	29000.000000	1.0506e-07
30000.000000	0.110818  	30000.000000	0.0517844 	30000.000000	0.0190638 	30000.000000	0.0189802 	30000.000000	0.0190633 	30000.000000	0.0517843 	30000.000000	1.01758e-07
32000.000000	0.121049  	32000.000000	0.0543792 	32000.000000	0.0191658 	32000.000000	0.0190843 	32000.000000	0.0191651 	32000.000000	0.0543791 	32000.000000	9.57544e-08
34000.000000	0.131738  	34000.000000	0.0569667 	34000.000000	0.019261  	34000.000000	0.0191818 	34000.000000	0.01926   	34000.000000	0.0569666 	34000.000000	9.04371e-08
36000.000000	0.142889  	36000.000000	0.0595473 	36000.000000	0.01935   	36000.000000	0.0192735 	36000.000000	0.019349  	36000.000000	0.0595472 	36000.000000	8.56936e-08
38000.000000	0.154506  	38000.000000	0.0621212 	38000.000000	0.0194333 	38000.000000	0.0193599 	38000.000000	0.0194326 	38000.000000	0.0621211 	38000.000000	8.14351e-08
40000.000000	0.166594  	40000.000000	0.0646887 	40000.000000	0.0195118 	40000.000000	0.0194416 	40000.000000	0.0195114 	40000.000000	0.0646886 	40000.000000	7.75901e-08
42000.000000	0.179159  	42000.000000	0.0672501 	42000.000000	0.019586  	42000.000000	0.0195191 	42000.000000	0.0195858 	42000.000000	0.06725   	42000.000000	7.41008e-08
44000.000000	0.192204  	44000.000000	0.0698057 	44000.000000	0.0196566 	44000.000000	0.0195928 	44000.000000	0.0196564 	44000.000000	0.0698056 	44000.000000	7.09196e-08
46000.000000	0.205736  	46000.000000	0.0723556 	46000.000000	0.0197239 	46000.000000	0.019663  	46000.000000	0.0197232 	46000.000000	0.0723556 	46000.000000	6.8007e-08
48000.000000	0.219758  	48000.000000	0.0749002 	48000.000000	0.0197881 	48000.000000	0.0197301 	48000.000000	0.0197868 	48000.000000	0.0749001 	48000.000000	6.53302e-08
50000.000000	0.234277  	50000.000000	0.0774396 	50000.000000	0.0198493 	50000.000000	0.0197942 	50000.000000	0.0198473 	50000.000000	0.0774395 	50000.000000	6.28614e-08
