*Energy (MeV/u)1	0 - [He-base] F.Hubert et al. AD&ND Tables 46(1990)1	Energy (MeV/u)2	1 - [H -base] J.F.Ziegler et al.Pergamon Press.NY(low energy)	Energy (MeV/u)3	2 - ATIMA 1.2 LS-theory (recommended for high energy)	Energy (MeV/u)4	3 - ATIMA 1.2 without LS-correction	Energy (MeV/u)5	4 - ATIMA 1.4 H.Weick. improved mean charge formula for HI	Energy (MeV/u)6	5 - electrical component of [1] - J.F.Ziegler et al	Energy (MeV/u)7	6 - nuclear component of [1] - J.F.Ziegler et al	
0.001000	0.0495376 	0.001000	0.0560039 	0.001000	0.0706289 	0.001000	0.0706289 	0.001000	0.0706159 	0.001000	0.0483733 	0.001000	0.00763062	
0.002000	0.0583487 	0.002000	0.0667301 	0.002000	0.0799933 	0.002000	0.0799933 	0.002000	0.0799864 	0.002000	0.0616547 	0.002000	0.00507543	
0.005000	0.0761128 	0.005000	0.0876784 	0.005000	0.0969166 	0.005000	0.0969166 	0.005000	0.0969137 	0.005000	0.084966  	0.005000	0.0027124 	
0.008000	0.0884672 	0.008000	0.102085  	0.008000	0.107876  	0.008000	0.107876  	0.008000	0.107875  	0.008000	0.100158  	0.008000	0.00192657	
0.010000	0.0952086 	0.010000	0.109923  	0.010000	0.113657  	0.010000	0.113657  	0.010000	0.113656  	0.010000	0.108294  	0.010000	0.00162912	
0.015000	0.11477   	0.015000	0.124949  	0.015000	0.125172  	0.015000	0.125172  	0.015000	0.125171  	0.015000	0.123757  	0.015000	0.00119251	
0.020000	0.13081   	0.020000	0.136711  	0.020000	0.134176  	0.020000	0.134176  	0.020000	0.134175  	0.020000	0.13576   	0.020000	0.000951021	
0.025000	0.14408   	0.025000	0.146236  	0.025000	0.141664  	0.025000	0.141664  	0.025000	0.141664  	0.025000	0.14544   	0.025000	0.000795962	
0.030000	0.154984  	0.030000	0.154067  	0.030000	0.149782  	0.030000	0.149782  	0.030000	0.149782  	0.030000	0.15338   	0.030000	0.000687231	
0.035000	0.163789  	0.035000	0.160534  	0.035000	0.156552  	0.035000	0.156552  	0.035000	0.156552  	0.035000	0.159928  	0.035000	0.000606397	
0.040000	0.170706  	0.040000	0.165863  	0.040000	0.162189  	0.040000	0.162189  	0.040000	0.162189  	0.040000	0.165319  	0.040000	0.000543741	
0.045000	0.175925  	0.045000	0.170218  	0.045000	0.166851  	0.045000	0.166851  	0.045000	0.166851  	0.045000	0.169725  	0.045000	0.000493631	
0.050000	0.179628  	0.050000	0.17373   	0.050000	0.170662  	0.050000	0.170662  	0.050000	0.170662  	0.050000	0.173277  	0.050000	0.000452565	
0.055000	0.181996  	0.055000	0.176502  	0.055000	0.173724  	0.055000	0.173724  	0.055000	0.173724  	0.055000	0.176083  	0.055000	0.000418246	
0.060000	0.183205  	0.060000	0.178622  	0.060000	0.176123  	0.060000	0.176123  	0.060000	0.176123  	0.060000	0.178233  	0.060000	0.000389102	
0.070000	0.182825  	0.070000	0.181205  	0.070000	0.179217  	0.070000	0.179217  	0.070000	0.179217  	0.070000	0.180863  	0.070000	0.000342187	
0.080000	0.179733  	0.080000	0.181985  	0.080000	0.180446  	0.080000	0.180446  	0.080000	0.180446  	0.080000	0.181679  	0.080000	0.000305986	
0.090000	0.174955  	0.090000	0.18137   	0.090000	0.180216  	0.090000	0.180216  	0.090000	0.180216  	0.090000	0.181092  	0.090000	0.00027714	
0.100000	0.169268  	0.100000	0.179688  	0.100000	0.17886   	0.100000	0.17886   	0.100000	0.17886   	0.100000	0.179434  	0.100000	0.000253575	
0.120000	0.157163  	0.120000	0.174152  	0.120000	0.173822  	0.120000	0.173822  	0.120000	0.173822  	0.120000	0.173935  	0.120000	0.000217295	
0.140000	0.145812  	0.140000	0.166971  	0.140000	0.166976  	0.140000	0.166976  	0.140000	0.166976  	0.140000	0.16678   	0.140000	0.000190588	
0.160000	0.135957  	0.160000	0.159153  	0.160000	0.159381  	0.160000	0.159381  	0.160000	0.159381  	0.160000	0.158983  	0.160000	0.000170051	
0.180000	0.127631  	0.180000	0.151304  	0.180000	0.151679  	0.180000	0.151679  	0.180000	0.151679  	0.180000	0.15115   	0.180000	0.000153732	
0.200000	0.120626  	0.200000	0.143764  	0.200000	0.144234  	0.200000	0.144234  	0.200000	0.144234  	0.200000	0.143623  	0.200000	0.000140433	
0.250000	0.107322  	0.250000	0.127134  	0.250000	0.127723  	0.250000	0.127723  	0.250000	0.127723  	0.250000	0.127018  	0.250000	0.000115861	
0.300000	0.0978355 	0.300000	0.113836  	0.300000	0.114459  	0.300000	0.114459  	0.300000	0.114459  	0.300000	0.113737  	0.300000	9.8944e-05	
0.350000	0.0905515 	0.350000	0.103305  	0.350000	0.103927  	0.350000	0.103927  	0.350000	0.103927  	0.350000	0.103218  	0.350000	8.65433e-05	
0.400000	0.0846448 	0.400000	0.0948644 	0.400000	0.0954666 	0.400000	0.0954666 	0.400000	0.0954666 	0.400000	0.0947873 	0.400000	7.70398e-05	
0.450000	0.0796737 	0.450000	0.0879709 	0.450000	0.0885439 	0.450000	0.0885439 	0.450000	0.088544  	0.450000	0.0879014 	0.450000	6.95104e-05	
0.500000	0.0753832 	0.500000	0.0822299 	0.500000	0.0827688 	0.500000	0.0827688 	0.500000	0.0827689 	0.500000	0.0821665 	0.500000	6.33891e-05	
0.600000	0.0682607 	0.600000	0.0731668 	0.600000	0.0736337 	0.600000	0.0736337 	0.600000	0.0736337 	0.600000	0.0731128 	0.600000	5.40207e-05	
0.700000	0.06252   	0.700000	0.0662662 	0.700000	0.0666639 	0.700000	0.0666639 	0.700000	0.0666639 	0.700000	0.066219  	0.700000	4.71705e-05	
0.800000	0.0577585 	0.800000	0.0607781 	0.800000	0.0611136 	0.800000	0.0611136 	0.800000	0.0611137 	0.800000	0.0607362 	0.800000	4.19314e-05	
0.900000	0.0537297 	0.900000	0.0562726 	0.900000	0.0565538 	0.900000	0.0565538 	0.900000	0.0565538 	0.900000	0.0562349 	0.900000	3.77877e-05	
1.000000	0.0502687 	1.000000	0.0524853 	1.000000	0.0527194 	1.000000	0.0527194 	1.000000	0.0527194 	1.000000	0.0524509 	1.000000	3.44237e-05	
1.250000	0.0434087 	1.250000	0.0451527 	1.250000	0.0452957 	1.250000	0.0452957 	1.250000	0.0452957 	1.250000	0.0451244 	1.250000	2.82419e-05	
1.500000	0.0382981 	1.500000	0.0397971 	1.500000	0.0398768 	1.500000	0.0398768 	1.500000	0.0398768 	1.500000	0.0397731 	1.500000	2.40135e-05	
1.750000	0.0343309 	1.750000	0.0356807 	1.750000	0.0357154 	1.750000	0.0357154 	1.750000	0.0357154 	1.750000	0.0356597 	1.750000	2.09298e-05	
2.000000	0.0311549 	2.000000	0.0324021 	2.000000	0.0324042 	2.000000	0.0324042 	2.000000	0.0324042 	2.000000	0.0323835 	2.000000	1.85765e-05	
2.250000	0.0285506 	2.250000	0.0297207 	2.250000	0.0296986 	2.250000	0.0296986 	2.250000	0.0296986 	2.250000	0.029704  	2.250000	1.67185e-05	
2.500000	0.0262589 	2.500000	0.027482  	2.500000	0.0274416 	2.500000	0.0274416 	2.500000	0.0274416 	2.500000	0.0274668 	2.500000	1.52126e-05	
3.000000	0.0229287 	3.000000	0.0239457 	3.000000	0.0238806 	3.000000	0.0238806 	3.000000	0.0238807 	3.000000	0.0239328 	3.000000	1.29165e-05	
3.500000	0.0204013 	3.500000	0.0212692 	3.500000	0.0211892 	3.500000	0.0211892 	3.500000	0.0211892 	3.500000	0.021258  	3.500000	1.12447e-05	
4.000000	0.018412  	4.000000	0.0191664 	4.000000	0.0190772 	4.000000	0.0190772 	4.000000	0.0190772 	4.000000	0.0191565 	4.000000	9.97055e-06	
4.500000	0.0168024 	4.500000	0.0174669 	4.500000	0.017372  	4.500000	0.017372  	4.500000	0.017372  	4.500000	0.017458  	4.500000	8.96577e-06	
5.000000	0.0154709 	5.000000	0.0160624 	5.000000	0.0159641 	5.000000	0.0159641 	5.000000	0.0159641 	5.000000	0.0160543 	5.000000	8.15216e-06	
5.500000	0.0143499 	5.500000	0.0148807 	5.500000	0.0147804 	5.500000	0.0147804 	5.500000	0.0147804 	5.500000	0.0148732 	5.500000	7.47929e-06	
6.000000	0.0133921 	6.000000	0.0138714 	6.000000	0.0137702 	6.000000	0.0137702 	6.000000	0.0137702 	6.000000	0.0138645 	6.000000	6.91311e-06	
6.500000	0.0125637 	6.500000	0.0129986 	6.500000	0.0128972 	6.500000	0.0128972 	6.500000	0.0128972 	6.500000	0.0129922 	6.500000	6.42982e-06	
7.000000	0.0118394 	7.000000	0.0122358 	7.000000	0.0121347 	7.000000	0.0121347 	7.000000	0.0121347 	7.000000	0.0122298 	7.000000	6.01223e-06	
7.500000	0.0112006 	7.500000	0.011563  	7.500000	0.0114625 	7.500000	0.0114625 	7.500000	0.0114625 	7.500000	0.0115574 	7.500000	5.64764e-06	
8.000000	0.0106325 	8.000000	0.0109649 	8.000000	0.0108651 	8.000000	0.0108651 	8.000000	0.0108651 	8.000000	0.0109595 	8.000000	5.32643e-06	
8.500000	0.0101239 	8.500000	0.0104292 	8.500000	0.0103305 	8.500000	0.0103305 	8.500000	0.0103305 	8.500000	0.0104242 	8.500000	5.04119e-06	
9.000000	0.00966562	9.000000	0.00994666	9.000000	0.00984902	9.000000	0.00984902	9.000000	0.00984902	9.000000	0.00994188	9.000000	4.78613e-06	
9.500000	0.00925048	9.500000	0.00950946	9.500000	0.00941298	9.500000	0.00941298	9.500000	0.00941298	9.500000	0.0095049 	9.500000	4.55664e-06	
10.000000	0.00887251	10.000000	0.00899274	10.000000	0.0090161 	10.000000	0.0090161 	10.000000	0.0090161 	10.000000	0.00898839	10.000000	4.349e-06 	
11.000000	0.00820944	11.000000	0.00833574	11.000000	0.00831426	11.000000	0.00831433	11.000000	0.00831397	11.000000	0.00833175	11.000000	3.98775e-06	
12.000000	0.00764632	12.000000	0.0077745 	12.000000	0.0077211 	12.000000	0.00772124	12.000000	0.00772092	12.000000	0.00777082	12.000000	3.68399e-06	
13.000000	0.00716176	13.000000	0.00728928	13.000000	0.00721336	13.000000	0.00721344	13.000000	0.00721324	13.000000	0.00728586	13.000000	3.42485e-06	
14.000000	0.00674012	14.000000	0.00686543	14.000000	0.00677387	14.000000	0.00677386	14.000000	0.00677376	14.000000	0.00686223	14.000000	3.20106e-06	
15.000000	0.00636968	15.000000	0.00649186	15.000000	0.00638968	15.000000	0.00638969	15.000000	0.00638968	15.000000	0.00648886	15.000000	3.00577e-06	
16.000000	0.00604148	16.000000	0.00616001	16.000000	0.00605124	16.000000	0.00605117	16.000000	0.00605124	16.000000	0.00615718	16.000000	2.83379e-06	
17.000000	0.00574858	17.000000	0.00586318	17.000000	0.00575101	17.000000	0.00575072	17.000000	0.00575087	17.000000	0.00586049	17.000000	2.68114e-06	
18.000000	0.00548546	18.000000	0.00559601	18.000000	0.00548277	18.000000	0.00548237	18.000000	0.00548259	18.000000	0.00559346	18.000000	2.54469e-06	
19.000000	0.00524772	19.000000	0.00535422	19.000000	0.00524172	19.000000	0.00524134	19.000000	0.00524163	19.000000	0.0053518 	19.000000	2.42196e-06	
20.000000	0.00503179	20.000000	0.0051343 	20.000000	0.00502414	20.000000	0.00502375	20.000000	0.00502411	20.000000	0.00513199	20.000000	2.31096e-06	
21.000000	0.00483476	21.000000	0.00493338	21.000000	0.00482686	21.000000	0.00482643	21.000000	0.00482687	21.000000	0.00493117	21.000000	2.21006e-06	
22.000000	0.00465419	22.000000	0.00474905	22.000000	0.00464719	22.000000	0.00464678	22.000000	0.00464729	22.000000	0.00474693	22.000000	2.11793e-06	
23.000000	0.00448807	23.000000	0.00457932	23.000000	0.00448304	23.000000	0.00448262	23.000000	0.0044832 	23.000000	0.00457729	23.000000	2.03346e-06	
24.000000	0.00433471	24.000000	0.0044225 	24.000000	0.00433268	24.000000	0.0043321 	24.000000	0.00433275	24.000000	0.00442054	24.000000	1.95571e-06	
25.000000	0.00419265	25.000000	0.00427713	25.000000	0.00419453	25.000000	0.00419368	25.000000	0.00419439	25.000000	0.00427525	25.000000	1.88391e-06	
27.000000	0.00393771	27.000000	0.00401605	27.000000	0.00394909	27.000000	0.00394802	27.000000	0.00394886	27.000000	0.00401429	27.000000	1.75559e-06	
29.000000	0.00371534	29.000000	0.00378811	29.000000	0.00373815	29.000000	0.00373711	29.000000	0.00373808	29.000000	0.00378647	29.000000	1.64422e-06	
31.000000	0.00351956	31.000000	0.00358731	31.000000	0.00354837	31.000000	0.00354731	31.000000	0.00354835	31.000000	0.00358576	31.000000	1.54661e-06	
33.000000	0.0033458 	33.000000	0.003409  	33.000000	0.00337361	33.000000	0.00337261	33.000000	0.00337366	33.000000	0.00340754	33.000000	1.46033e-06	
35.000000	0.00319046	35.000000	0.00324956	35.000000	0.00321717	35.000000	0.00321629	35.000000	0.00321735	35.000000	0.00324818	35.000000	1.38351e-06	
38.000000	0.00298596	38.000000	0.00303963	38.000000	0.00301147	38.000000	0.00301027	38.000000	0.00301134	38.000000	0.00303835	38.000000	1.2828e-06	
41.000000	0.00280931	41.000000	0.0028583 	41.000000	0.00283337	41.000000	0.00283214	41.000000	0.0028332 	41.000000	0.0028571 	41.000000	1.19624e-06	
44.000000	0.0026551 	44.000000	0.00270003	44.000000	0.00267762	44.000000	0.00267649	44.000000	0.00267754	44.000000	0.00269891	44.000000	1.12099e-06	
47.000000	0.00251922	47.000000	0.00256063	47.000000	0.00254033	47.000000	0.00253926	47.000000	0.00254031	47.000000	0.00255957	47.000000	1.05497e-06	
50.000000	0.00239853	50.000000	0.00243687	50.000000	0.00241832	50.000000	0.00241732	50.000000	0.00241835	50.000000	0.00243588	50.000000	9.96541e-07	
55.000000	0.00222469	55.000000	0.00225876	55.000000	0.00224252	55.000000	0.00224159	55.000000	0.00224261	55.000000	0.00225785	55.000000	9.1277e-07	
60.000000	0.00207791	60.000000	0.00210856	60.000000	0.00209412	60.000000	0.0020932 	60.000000	0.00209419	60.000000	0.00210772	60.000000	8.42416e-07	
65.000000	0.00195222	65.000000	0.00198012	65.000000	0.00196722	65.000000	0.00196613	65.000000	0.0019671 	65.000000	0.00197934	65.000000	7.82463e-07	
70.000000	0.0018433 	70.000000	0.00186898	70.000000	0.00185704	70.000000	0.00185605	70.000000	0.001857  	70.000000	0.00186825	70.000000	7.30741e-07	
75.000000	0.00174793	75.000000	0.00177183	75.000000	0.00176065	75.000000	0.00175972	75.000000	0.00176065	75.000000	0.00177115	75.000000	6.85647e-07	
80.000000	0.00166368	80.000000	0.00168616	80.000000	0.00167556	80.000000	0.00167469	80.000000	0.0016756 	80.000000	0.00168551	80.000000	6.45971e-07	
85.000000	0.00158868	85.000000	0.00161002	85.000000	0.00159988	85.000000	0.00159905	85.000000	0.00159994	85.000000	0.00160941	85.000000	6.10781e-07	
90.000000	0.00152144	90.000000	0.0015419 	90.000000	0.00153212	90.000000	0.00153132	90.000000	0.0015322 	90.000000	0.00154132	90.000000	5.79349e-07	
95.000000	0.00146081	95.000000	0.00148057	95.000000	0.00147125	95.000000	0.0014703 	95.000000	0.00147116	95.000000	0.00148002	95.000000	5.51098e-07	
100.000000	0.00140582	100.000000	0.00142506	100.000000	0.00141594	100.000000	0.00141504	100.000000	0.00141589	100.000000	0.00142454	100.000000	5.25563e-07	
105.000000	0.00135571	105.000000	0.00137458	105.000000	0.00136561	105.000000	0.00136474	105.000000	0.00136558	105.000000	0.00137408	105.000000	5.02366e-07	
110.000000	0.00130984	110.000000	0.00132845	110.000000	0.00131961	110.000000	0.00131877	110.000000	0.00131959	110.000000	0.00132797	110.000000	4.81196e-07	
115.000000	0.00126768	115.000000	0.00128615	115.000000	0.00127739	115.000000	0.00127659	115.000000	0.00127739	115.000000	0.00128569	115.000000	4.61796e-07	
120.000000	0.00122879	120.000000	0.0012472 	120.000000	0.0012385 	120.000000	0.00123773	120.000000	0.00123852	120.000000	0.00124675	120.000000	4.43951e-07	
125.000000	0.00119279	125.000000	0.00121122	125.000000	0.00120257	125.000000	0.00120182	125.000000	0.00120261	125.000000	0.00121079	125.000000	4.27479e-07	
130.000000	0.00115936	130.000000	0.00117788	130.000000	0.00116927	130.000000	0.00116854	130.000000	0.00116931	130.000000	0.00117747	130.000000	4.12226e-07	
135.000000	0.00112824	135.000000	0.0011469 	135.000000	0.00113829	135.000000	0.0011376 	135.000000	0.00113836	135.000000	0.0011465 	135.000000	3.98059e-07	
140.000000	0.00109918	140.000000	0.00111803	140.000000	0.00110951	140.000000	0.00110877	140.000000	0.00110952	140.000000	0.00111765	140.000000	3.84865e-07	
145.000000	0.00107198	145.000000	0.00109107	145.000000	0.00108264	145.000000	0.00108183	145.000000	0.00108258	145.000000	0.0010907 	145.000000	3.72547e-07	
150.000000	0.00104646	150.000000	0.00106583	150.000000	0.00105739	150.000000	0.00105661	150.000000	0.00105734	150.000000	0.00106546	150.000000	3.61018e-07	
155.000000	0.00101054	155.000000	0.00104214	155.000000	0.00103369	155.000000	0.00103294	155.000000	0.00103367	155.000000	0.00104179	155.000000	3.50206e-07	
160.000000	0.000989478	160.000000	0.00101988	160.000000	0.00101143	160.000000	0.00101069	160.000000	0.00101141	160.000000	0.00101954	160.000000	3.40043e-07	
165.000000	0.00096962	165.000000	0.00099891	165.000000	0.000990451	165.000000	0.000989731	165.000000	0.000990441	165.000000	0.000998579	165.000000	3.30473e-07	
170.000000	0.000950861	170.000000	0.000979125	170.000000	0.000970657	170.000000	0.000969954	170.000000	0.000970656	170.000000	0.000978804	170.000000	3.21445e-07	
175.000000	0.000933111	175.000000	0.000960427	175.000000	0.00095195	175.000000	0.000951262	175.000000	0.000951958	175.000000	0.000960114	175.000000	3.12913e-07	
180.000000	0.000916289	180.000000	0.000942728	180.000000	0.000934241	180.000000	0.000933569	180.000000	0.000934258	180.000000	0.000942424	180.000000	3.04837e-07	
185.000000	0.000900325	185.000000	0.000925951	185.000000	0.000917457	185.000000	0.000916797	185.000000	0.000917479	185.000000	0.000925654	185.000000	2.97181e-07	
190.000000	0.000885152	190.000000	0.000910024	190.000000	0.000901525	190.000000	0.000900876	190.000000	0.000901552	190.000000	0.000909734	190.000000	2.89913e-07	
195.000000	0.000870714	195.000000	0.000894885	195.000000	0.000886371	195.000000	0.000885744	195.000000	0.000886413	195.000000	0.000894602	195.000000	2.83004e-07	
200.000000	0.000856956	200.000000	0.000880476	200.000000	0.000871954	200.000000	0.000871342	200.000000	0.000872006	200.000000	0.0008802 	200.000000	2.76427e-07	
210.000000	0.000831299	210.000000	0.00085365	210.000000	0.000845214	210.000000	0.000844531	210.000000	0.000845184	210.000000	0.000853385	210.000000	2.64179e-07	
220.000000	0.000807849	220.000000	0.000829185	220.000000	0.000820766	220.000000	0.000820086	220.000000	0.000820729	220.000000	0.000828932	220.000000	2.53004e-07	
230.000000	0.000786332	230.000000	0.000806785	230.000000	0.000798363	230.000000	0.000797709	230.000000	0.000798343	230.000000	0.000806542	230.000000	2.42764e-07	
240.000000	0.000766516	240.000000	0.000786199	240.000000	0.000777787	240.000000	0.000777152	240.000000	0.000777776	240.000000	0.000785965	240.000000	2.33347e-07	
250.000000	0.000748206	250.000000	0.000767217	250.000000	0.000758819	250.000000	0.000758202	250.000000	0.000758818	250.000000	0.000766992	250.000000	2.24656e-07	
260.000000	0.000731236	260.000000	0.000749659	260.000000	0.000741282	260.000000	0.000740681	260.000000	0.000741289	260.000000	0.000749442	260.000000	2.1661e-07	
270.000000	0.000715465	270.000000	0.000733373	270.000000	0.000725022	270.000000	0.000724436	270.000000	0.000725036	270.000000	0.000733164	270.000000	2.09138e-07	
280.000000	0.000700769	280.000000	0.000718226	280.000000	0.000709905	280.000000	0.000709333	280.000000	0.000709927	280.000000	0.000718024	280.000000	2.0218e-07	
290.000000	0.000687042	290.000000	0.000704105	290.000000	0.000695809	290.000000	0.000695259	290.000000	0.000695847	290.000000	0.000703909	290.000000	1.95684e-07	
300.000000	0.000674192	300.000000	0.00069091	300.000000	0.000682691	300.000000	0.000682114	300.000000	0.000682695	300.000000	0.00069072	300.000000	1.89607e-07	
310.000000	0.000662138	310.000000	0.000678553	310.000000	0.000670427	310.000000	0.000669811	310.000000	0.000670387	310.000000	0.000678369	310.000000	1.83907e-07	
320.000000	0.000650808	320.000000	0.00066696	320.000000	0.000658876	320.000000	0.000658274	320.000000	0.000658843	320.000000	0.000666782	320.000000	1.7855e-07	
330.000000	0.00064014	330.000000	0.000656063	330.000000	0.000648019	330.000000	0.000647434	330.000000	0.000647998	330.000000	0.000655889	330.000000	1.73507e-07	
340.000000	0.000630079	340.000000	0.000645801	340.000000	0.000637808	340.000000	0.000637231	340.000000	0.000637791	340.000000	0.000645633	340.000000	1.68749e-07	
350.000000	0.000620574	350.000000	0.000636123	350.000000	0.00062818	350.000000	0.000627614	350.000000	0.000628168	350.000000	0.000635959	350.000000	1.64254e-07	
360.000000	0.000611581	360.000000	0.000626982	360.000000	0.00061909	360.000000	0.000618534	360.000000	0.000619083	360.000000	0.000626822	360.000000	1.6e-07   	
370.000000	0.000603061	370.000000	0.000618334	370.000000	0.000610496	370.000000	0.000609948	370.000000	0.000610494	370.000000	0.000618178	370.000000	1.55967e-07	
380.000000	0.000594979	380.000000	0.000610142	380.000000	0.000602359	380.000000	0.00060182	380.000000	0.000602361	380.000000	0.00060999	380.000000	1.52139e-07	
390.000000	0.000587302	390.000000	0.000602373	390.000000	0.000594644	390.000000	0.000594114	390.000000	0.000594651	390.000000	0.000602224	390.000000	1.485e-07 	
400.000000	0.000580002	400.000000	0.000594995	400.000000	0.000587322	400.000000	0.000586799	400.000000	0.000587333	400.000000	0.00059485	400.000000	1.45037e-07	
410.000000	0.000573051	410.000000	0.00058798	410.000000	0.000580364	410.000000	0.000579848	410.000000	0.000580378	410.000000	0.000587839	410.000000	1.41736e-07	
420.000000	0.000566427	420.000000	0.000581304	420.000000	0.000573746	420.000000	0.000573235	420.000000	0.000573762	420.000000	0.000581166	420.000000	1.38588e-07	
430.000000	0.000560108	430.000000	0.000574944	430.000000	0.00056744	430.000000	0.000566938	430.000000	0.000567461	430.000000	0.000574808	430.000000	1.3558e-07	
440.000000	0.000554073	440.000000	0.000568878	440.000000	0.000561384	440.000000	0.000560894	440.000000	0.000561414	440.000000	0.000568745	440.000000	1.32705e-07	
450.000000	0.000548306	450.000000	0.000563088	450.000000	0.000555587	450.000000	0.000555102	450.000000	0.000555618	450.000000	0.000562958	450.000000	1.29952e-07	
460.000000	0.000542788	460.000000	0.000557556	460.000000	0.000550069	460.000000	0.00054957	460.000000	0.000550084	460.000000	0.000557428	460.000000	1.27315e-07	
470.000000	0.000537506	470.000000	0.000552265	470.000000	0.000544805	470.000000	0.000544282	470.000000	0.000544793	470.000000	0.000552141	470.000000	1.24787e-07	
480.000000	0.000532446	480.000000	0.000547203	480.000000	0.00053976	480.000000	0.000539224	480.000000	0.000539732	480.000000	0.00054708	480.000000	1.2236e-07	
490.000000	0.000527593	490.000000	0.000542354	490.000000	0.000534913	490.000000	0.000534381	490.000000	0.000534886	490.000000	0.000542234	490.000000	1.20028e-07	
500.000000	0.000522937	500.000000	0.000537706	500.000000	0.000530262	500.000000	0.00052974	500.000000	0.000530243	500.000000	0.000537589	500.000000	1.17787e-07	
520.000000	0.000514171	520.000000	0.00052897	520.000000	0.00052153	520.000000	0.000521021	520.000000	0.000521519	520.000000	0.000528857	520.000000	1.13553e-07	
540.000000	0.00050607	540.000000	0.000520913	540.000000	0.000513484	540.000000	0.000512983	540.000000	0.000513476	540.000000	0.000520803	540.000000	1.09623e-07	
560.000000	0.000498565	560.000000	0.000513462	560.000000	0.000506046	560.000000	0.000505553	560.000000	0.000506043	560.000000	0.000513356	560.000000	1.05963e-07	
580.000000	0.000491598	580.000000	0.000506558	580.000000	0.000499156	580.000000	0.000498671	580.000000	0.000499156	580.000000	0.000506456	580.000000	1.02548e-07	
600.000000	0.000485118	600.000000	0.000500147	600.000000	0.000492758	600.000000	0.000492282	600.000000	0.000492763	600.000000	0.000500048	600.000000	9.9352e-08	
620.000000	0.000479081	620.000000	0.000494183	620.000000	0.000486807	620.000000	0.000486338	620.000000	0.000486816	620.000000	0.000494087	620.000000	9.63553e-08	
640.000000	0.000473446	640.000000	0.000488625	640.000000	0.000481262	640.000000	0.000480798	640.000000	0.000481272	640.000000	0.000488531	640.000000	9.35396e-08	
660.000000	0.00046818	660.000000	0.000483436	660.000000	0.000476081	660.000000	0.000475625	660.000000	0.000476097	660.000000	0.000483345	660.000000	9.08886e-08	
680.000000	0.00046325	680.000000	0.000478586	680.000000	0.000471234	680.000000	0.000470788	680.000000	0.000471256	680.000000	0.000478498	680.000000	8.83883e-08	
700.000000	0.000458631	700.000000	0.000474046	700.000000	0.000466706	700.000000	0.000466257	700.000000	0.000466723	700.000000	0.00047396	700.000000	8.60259e-08	
720.000000	0.000454298	720.000000	0.00046979	720.000000	0.000462477	720.000000	0.000462007	720.000000	0.00046247	720.000000	0.000469706	720.000000	8.37904e-08	
740.000000	0.000450228	740.000000	0.000465796	740.000000	0.000458501	740.000000	0.000458016	740.000000	0.000458476	740.000000	0.000465715	740.000000	8.16716e-08	
760.000000	0.000446402	760.000000	0.000462045	760.000000	0.000454746	760.000000	0.000454262	760.000000	0.00045472	760.000000	0.000461965	760.000000	7.96605e-08	
780.000000	0.000442802	780.000000	0.000458517	780.000000	0.000451202	780.000000	0.000450727	780.000000	0.000451183	780.000000	0.000458439	780.000000	7.7749e-08	
800.000000	0.000439412	800.000000	0.000455197	800.000000	0.000447864	800.000000	0.000447395	800.000000	0.000447849	800.000000	0.000455121	800.000000	7.59299e-08	
820.000000	0.000436218	820.000000	0.000452069	820.000000	0.000444715	820.000000	0.000444251	820.000000	0.000444703	820.000000	0.000451995	820.000000	7.41965e-08	
840.000000	0.000433206	840.000000	0.000449121	840.000000	0.000441742	840.000000	0.000441281	840.000000	0.000441731	840.000000	0.000449048	840.000000	7.25429e-08	
860.000000	0.000430365	860.000000	0.000446339	860.000000	0.00043893	860.000000	0.000438472	860.000000	0.00043892	860.000000	0.000446268	860.000000	7.09636e-08	
880.000000	0.000427683	880.000000	0.000443714	880.000000	0.000436269	880.000000	0.000435815	880.000000	0.000436261	880.000000	0.000443644	880.000000	6.94536e-08	
900.000000	0.00042515	900.000000	0.000441234	900.000000	0.000433748	900.000000	0.000433298	900.000000	0.000433742	900.000000	0.000441166	900.000000	6.80086e-08	
920.000000	0.000422758	920.000000	0.00043889	920.000000	0.000431358	920.000000	0.000430911	920.000000	0.000431354	920.000000	0.000438824	920.000000	6.66242e-08	
940.000000	0.000420498	940.000000	0.000436675	940.000000	0.000429091	940.000000	0.000428648	940.000000	0.000429089	940.000000	0.00043661	940.000000	6.52967e-08	
960.000000	0.000418361	960.000000	0.000434579	960.000000	0.000426939	960.000000	0.000426498	960.000000	0.000426938	960.000000	0.000434515	960.000000	6.40227e-08	
980.000000	0.000416342	980.000000	0.000432597	980.000000	0.000424895	980.000000	0.000424457	980.000000	0.000424895	980.000000	0.000432534	980.000000	6.2799e-08	
1000.000000	0.000414433	1000.000000	0.000430721	1000.000000	0.000422951	1000.000000	0.000422516	1000.000000	0.000422953	1000.000000	0.000430659	1000.000000	6.16225e-08	
1020.000000	0.000412628	1020.000000	0.000428944	1020.000000	0.000421102	1020.000000	0.00042067	1020.000000	0.000421105	1020.000000	0.000428884	1020.000000	6.04907e-08	
1040.000000	0.000410921	1040.000000	0.000427263	1040.000000	0.000419342	1040.000000	0.000418912	1040.000000	0.000419347	1040.000000	0.000427203	1040.000000	5.94009e-08	
1060.000000	0.000409308	1060.000000	0.000425671	1060.000000	0.000417666	1060.000000	0.000417239	1060.000000	0.000417672	1060.000000	0.000425612	1060.000000	5.83509e-08	
1080.000000	0.000407783	1080.000000	0.000424163	1080.000000	0.000416069	1080.000000	0.000415644	1080.000000	0.000416076	1080.000000	0.000424105	1080.000000	5.73385e-08	
1100.000000	0.000406342	1100.000000	0.000422734	1100.000000	0.000414547	1100.000000	0.000414124	1100.000000	0.000414555	1100.000000	0.000422678	1100.000000	5.63617e-08	
1120.000000	0.000404981	1120.000000	0.000421382	1120.000000	0.000413095	1120.000000	0.000412675	1120.000000	0.000413104	1120.000000	0.000421327	1120.000000	5.54185e-08	
1140.000000	0.000403696	1140.000000	0.000420102	1140.000000	0.000411711	1140.000000	0.000411291	1140.000000	0.00041172	1140.000000	0.000420047	1140.000000	5.45074e-08	
1160.000000	0.000402483	1160.000000	0.000418889	1160.000000	0.000410389	1160.000000	0.000409971	1160.000000	0.000410398	1160.000000	0.000418835	1160.000000	5.36267e-08	
1180.000000	0.000401338	1180.000000	0.000417741	1180.000000	0.000409126	1180.000000	0.00040871	1180.000000	0.000409136	1180.000000	0.000417689	1180.000000	5.27748e-08	
1200.000000	0.000400259	1200.000000	0.000416655	1200.000000	0.000407918	1200.000000	0.000407505	1200.000000	0.000407931	1200.000000	0.000416603	1200.000000	5.19504e-08	
1220.000000	0.000399243	1220.000000	0.000415628	1220.000000	0.000406764	1220.000000	0.000406354	1220.000000	0.000406778	1220.000000	0.000415577	1220.000000	5.11521e-08	
1240.000000	0.000398286	1240.000000	0.000414656	1240.000000	0.00040566	1240.000000	0.000405253	1240.000000	0.000405677	1240.000000	0.000414606	1240.000000	5.03787e-08	
1260.000000	0.000397386	1260.000000	0.000413738	1260.000000	0.000404604	1260.000000	0.000404201	1260.000000	0.000404624	1260.000000	0.000413688	1260.000000	4.9629e-08	
1280.000000	0.00039654	1280.000000	0.00041287	1280.000000	0.000403596	1280.000000	0.000403194	1280.000000	0.000403616	1280.000000	0.000412821	1280.000000	4.8902e-08	
1300.000000	0.000395747	1300.000000	0.000412051	1300.000000	0.000402632	1300.000000	0.000402231	1300.000000	0.000402652	1300.000000	0.000412002	1300.000000	4.81966e-08	
1320.000000	0.000395004	1320.000000	0.000411278	1320.000000	0.000401713	1320.000000	0.000401309	1320.000000	0.000401729	1320.000000	0.00041123	1320.000000	4.75119e-08	
1340.000000	0.000394308	1340.000000	0.000410549	1340.000000	0.000400834	1340.000000	0.000400426	1340.000000	0.000400846	1340.000000	0.000410502	1340.000000	4.68469e-08	
1360.000000	0.000393658	1360.000000	0.000409862	1360.000000	0.000399994	1360.000000	0.000399581	1360.000000	0.0004    	1360.000000	0.000409816	1360.000000	4.62009e-08	
1380.000000	0.000393053	1380.000000	0.000409216	1380.000000	0.000399191	1380.000000	0.000398771	1380.000000	0.000399189	1380.000000	0.000409171	1380.000000	4.5573e-08	
1400.000000	0.00039249	1400.000000	0.000408609	1400.000000	0.000398421	1400.000000	0.000397996	1400.000000	0.000398413	1400.000000	0.000408564	1400.000000	4.49624e-08	
1420.000000	0.000391967	1420.000000	0.000408039	1420.000000	0.000397683	1420.000000	0.000397253	1420.000000	0.00039767	1420.000000	0.000407995	1420.000000	4.43685e-08	
1440.000000	0.000391484	1440.000000	0.000407505	1440.000000	0.000396974	1440.000000	0.000396541	1440.000000	0.000396957	1440.000000	0.000407461	1440.000000	4.37905e-08	
1460.000000	0.000391038	1460.000000	0.000407005	1460.000000	0.000396294	1460.000000	0.000395859	1460.000000	0.000396274	1460.000000	0.000406962	1460.000000	4.32278e-08	
1480.000000	0.000390628	1480.000000	0.000406538	1480.000000	0.00039564	1480.000000	0.000395205	1480.000000	0.00039562	1480.000000	0.000406495	1480.000000	4.26799e-08	
1500.000000	0.000390253	1500.000000	0.000406102	1500.000000	0.000395013	1500.000000	0.000394578	1500.000000	0.000394992	1500.000000	0.00040606	1500.000000	4.2146e-08	
1520.000000	0.000389912	1520.000000	0.000405697	1520.000000	0.000394411	1520.000000	0.000393978	1520.000000	0.000394391	1520.000000	0.000405655	1520.000000	4.16258e-08	
1540.000000	0.000389603	1540.000000	0.000405321	1540.000000	0.000393833	1540.000000	0.000393401	1540.000000	0.000393814	1540.000000	0.00040528	1540.000000	4.11186e-08	
1560.000000	0.000389325	1560.000000	0.000404973	1560.000000	0.000393278	1560.000000	0.000392849	1560.000000	0.000393261	1560.000000	0.000404932	1560.000000	4.0624e-08	
1580.000000	0.000389078	1580.000000	0.000404652	1580.000000	0.000392746	1580.000000	0.00039232	1580.000000	0.000392731	1580.000000	0.000404611	1580.000000	4.01415e-08	
1600.000000	0.00038886	1600.000000	0.000404356	1600.000000	0.000392236	1600.000000	0.000391812	1600.000000	0.000392223	1600.000000	0.000404317	1600.000000	3.96707e-08	
1620.000000	0.000388669	1620.000000	0.000404086	1620.000000	0.000391748	1620.000000	0.000391325	1620.000000	0.000391736	1620.000000	0.000404047	1620.000000	3.92112e-08	
1640.000000	0.000388506	1640.000000	0.00040384	1640.000000	0.00039128	1640.000000	0.000390858	1640.000000	0.000391268	1640.000000	0.000403802	1640.000000	3.87624e-08	
1660.000000	0.000388369	1660.000000	0.000403618	1660.000000	0.000390831	1660.000000	0.00039041	1660.000000	0.00039082	1660.000000	0.00040358	1660.000000	3.83242e-08	
1680.000000	0.000388258	1680.000000	0.000403418	1680.000000	0.000390401	1680.000000	0.000389981	1680.000000	0.000390391	1680.000000	0.00040338	1680.000000	3.7896e-08	
1700.000000	0.000388171	1700.000000	0.000403239	1700.000000	0.000389989	1700.000000	0.00038957	1700.000000	0.000389979	1700.000000	0.000403202	1700.000000	3.74776e-08	
1750.000000	0.000388057	1750.000000	0.000402883	1750.000000	0.000389031	1750.000000	0.000388614	1750.000000	0.000389022	1750.000000	0.000402846	1750.000000	3.6472e-08	
1800.000000	0.00038808	1800.000000	0.000402647	1800.000000	0.000388171	1800.000000	0.000387755	1800.000000	0.000388162	1800.000000	0.000402611	1800.000000	3.55205e-08	
1850.000000	0.000388231	1850.000000	0.000402521	1850.000000	0.000387398	1850.000000	0.000386984	1850.000000	0.00038739	1850.000000	0.000402486	1850.000000	3.46188e-08	
1900.000000	0.0003885 	1900.000000	0.000402497	1900.000000	0.000386704	1900.000000	0.000386292	1900.000000	0.000386697	1900.000000	0.000402463	1900.000000	3.37631e-08	
1950.000000	0.00038888	1950.000000	0.000402567	1950.000000	0.000386083	1950.000000	0.000385673	1950.000000	0.000386076	1950.000000	0.000402534	1950.000000	3.29498e-08	
2000.000000	0.000389362	2000.000000	0.000402724	2000.000000	0.000385528	2000.000000	0.000385119	2000.000000	0.000385522	2000.000000	0.000402691	2000.000000	3.21759e-08	
2100.000000	0.000390609	2100.000000	0.000403273	2100.000000	0.000384595	2100.000000	0.00038419	2100.000000	0.000384591	2100.000000	0.000403243	2100.000000	3.07352e-08	
2200.000000	0.000392194	2200.000000	0.000404102	2200.000000	0.000383866	2200.000000	0.000383463	2200.000000	0.000383863	2200.000000	0.000404073	2200.000000	2.94214e-08	
2300.000000	0.000394078	2300.000000	0.000405174	2300.000000	0.000383308	2300.000000	0.000382908	2300.000000	0.000383307	2300.000000	0.000405145	2300.000000	2.82183e-08	
2400.000000	0.000396229	2400.000000	0.000406457	2400.000000	0.000382897	2400.000000	0.000382499	2400.000000	0.000382896	2400.000000	0.00040643	2400.000000	2.71124e-08	
2500.000000	0.000398618	2500.000000	0.000407928	2500.000000	0.000382609	2500.000000	0.000382213	2500.000000	0.000382609	2500.000000	0.000407902	2500.000000	2.60922e-08	
2600.000000	0.000401223	2600.000000	0.000409563	2600.000000	0.000382427	2600.000000	0.000382033	2600.000000	0.000382428	2600.000000	0.000409538	2600.000000	2.5148e-08	
2700.000000	0.000404023	2700.000000	0.000411345	2700.000000	0.000382336	2700.000000	0.000381943	2700.000000	0.000382338	2700.000000	0.000411321	2700.000000	2.42716e-08	
2800.000000	0.000407001	2800.000000	0.000413257	2800.000000	0.000382323	2800.000000	0.000381931	2800.000000	0.000382325	2800.000000	0.000413234	2800.000000	2.34559e-08	
2900.000000	0.000410141	2900.000000	0.000415287	2900.000000	0.000382377	2900.000000	0.000381986	2900.000000	0.000382379	2900.000000	0.000415264	2900.000000	2.26947e-08	
3000.000000	0.00041343	3000.000000	0.000417421	3000.000000	0.000382488	3000.000000	0.000382099	3000.000000	0.000382491	3000.000000	0.000417399	3000.000000	2.19828e-08	
3200.000000	0.000420413	3200.000000	0.000421964	3200.000000	0.000382855	3200.000000	0.000382468	3200.000000	0.000382859	3200.000000	0.000421943	3200.000000	2.06882e-08	
3400.000000	0.000427873	3400.000000	0.000426817	3400.000000	0.000383372	3400.000000	0.000382987	3400.000000	0.000383376	3400.000000	0.000426798	3400.000000	1.95415e-08	
3600.000000	0.000435749	3600.000000	0.000431929	3600.000000	0.000384001	3600.000000	0.000383618	3600.000000	0.000384007	3600.000000	0.00043191	3600.000000	1.85184e-08	
3800.000000	0.000443993	3800.000000	0.000437255	3800.000000	0.000384716	3800.000000	0.000384334	3800.000000	0.000384721	3800.000000	0.000437238	3800.000000	1.75997e-08	
4000.000000	0.000452567	4000.000000	0.000442763	4000.000000	0.000385492	4000.000000	0.000385112	4000.000000	0.000385498	4000.000000	0.000442746	4000.000000	1.67702e-08	
4200.000000	0.000461439	4200.000000	0.000448425	4200.000000	0.000386315	4200.000000	0.000385936	4200.000000	0.000386321	4200.000000	0.000448409	4200.000000	1.60174e-08	
4400.000000	0.000470583	4400.000000	0.000454219	4400.000000	0.000387171	4400.000000	0.000386792	4400.000000	0.000387177	4400.000000	0.000454203	4400.000000	1.5331e-08	
4600.000000	0.000479978	4600.000000	0.000460126	4600.000000	0.00038805	4600.000000	0.000387672	4600.000000	0.000388056	4600.000000	0.000460111	4600.000000	1.47025e-08	
4800.000000	0.000489605	4800.000000	0.000466131	4800.000000	0.000388944	4800.000000	0.000388567	4800.000000	0.00038895	4800.000000	0.000466117	4800.000000	1.41248e-08	
5000.000000	0.000499449	5000.000000	0.000472221	5000.000000	0.000389847	5000.000000	0.00038947	5000.000000	0.000389853	5000.000000	0.000472207	5000.000000	1.35919e-08	
5250.000000	0.000512039	5250.000000	0.000479937	5250.000000	0.000390981	5250.000000	0.000390605	5250.000000	0.000390987	5250.000000	0.000479924	5250.000000	1.29813e-08	
5500.000000	0.000524928	5500.000000	0.000487751	5500.000000	0.000392114	5500.000000	0.000391739	5500.000000	0.00039212	5500.000000	0.000487739	5500.000000	1.24245e-08	
6000.000000	0.000551528	6000.000000	0.00050362	6000.000000	0.000394357	6000.000000	0.000393983	6000.000000	0.000394362	6000.000000	0.000503608	6000.000000	1.14462e-08	
6500.000000	0.000579139	6500.000000	0.000519737	6500.000000	0.000396549	6500.000000	0.000396176	6500.000000	0.000396553	6500.000000	0.000519726	6500.000000	1.06143e-08	
7000.000000	0.00060768	7000.000000	0.000536039	7000.000000	0.000398673	7000.000000	0.0003983 	7000.000000	0.000398676	7000.000000	0.000536029	7000.000000	9.89778e-09	
7500.000000	0.000637092	7500.000000	0.000552481	7500.000000	0.000400723	7500.000000	0.000400351	7500.000000	0.000400725	7500.000000	0.000552471	7500.000000	9.27414e-09	
8000.000000	0.000667331	8000.000000	0.000569028	8000.000000	0.000402697	8000.000000	0.000402325	8000.000000	0.000402697	8000.000000	0.000569019	8000.000000	8.72628e-09	
8500.000000	0.000698362	8500.000000	0.000585655	8500.000000	0.000404594	8500.000000	0.000404223	8500.000000	0.000404593	8500.000000	0.000585647	8500.000000	8.24105e-09	
9000.000000	0.000730158	9000.000000	0.000602343	9000.000000	0.000406416	9000.000000	0.000406046	9000.000000	0.000406415	9000.000000	0.000602335	9000.000000	7.80822e-09	
9500.000000	0.000762698	9500.000000	0.000619076	9500.000000	0.000408169	9500.000000	0.000407799	9500.000000	0.000408165	9500.000000	0.000619069	9500.000000	7.41967e-09	
10000.000000	0.000795965	10000.000000	0.000635843	10000.000000	0.000409854	10000.000000	0.000409482	10000.000000	0.000409847	10000.000000	0.000635836	10000.000000	7.06888e-09	
11000.000000	0.000864632	11000.000000	0.000669444	11000.000000	0.000413029	11000.000000	0.000412659	11000.000000	0.00041302	11000.000000	0.000669438	11000.000000	6.46037e-09	
12000.000000	0.000936075	12000.000000	0.000703091	12000.000000	0.000415965	12000.000000	0.000415605	12000.000000	0.000415961	12000.000000	0.000703085	12000.000000	5.95056e-09	
13000.000000	0.00101024	13000.000000	0.00073675	13000.000000	0.000418695	13000.000000	0.000418344	13000.000000	0.000418695	13000.000000	0.000736745	13000.000000	5.51707e-09	
14000.000000	0.0010871 	14000.000000	0.000770397	14000.000000	0.000421246	14000.000000	0.0004209 	14000.000000	0.000421247	14000.000000	0.000770392	14000.000000	5.14383e-09	
15000.000000	0.00116662	15000.000000	0.000804017	15000.000000	0.000423636	15000.000000	0.000423293	15000.000000	0.000423634	15000.000000	0.000804012	15000.000000	4.81902e-09	
16000.000000	0.00124879	16000.000000	0.000837599	16000.000000	0.00042588	16000.000000	0.000425541	16000.000000	0.000425876	16000.000000	0.000837595	16000.000000	4.53371e-09	
17000.000000	0.0013336 	17000.000000	0.000871137	17000.000000	0.000427993	17000.000000	0.000427657	17000.000000	0.000427986	17000.000000	0.000871133	17000.000000	4.28107e-09	
18000.000000	0.00142105	18000.000000	0.000904626	18000.000000	0.000429988	18000.000000	0.000429656	18000.000000	0.000429979	18000.000000	0.000904622	18000.000000	4.05573e-09	
19000.000000	0.00151113	19000.000000	0.000938063	19000.000000	0.000431875	19000.000000	0.000431548	19000.000000	0.000431864	19000.000000	0.000938059	19000.000000	3.85348e-09	
20000.000000	0.00160385	20000.000000	0.000971446	20000.000000	0.000433666	20000.000000	0.000433344	20000.000000	0.000433653	20000.000000	0.000971443	20000.000000	3.6709e-09	
21000.000000	0.0016992 	21000.000000	0.00100477	21000.000000	0.000435364	21000.000000	0.000435051	21000.000000	0.000435353	21000.000000	0.00100477	21000.000000	3.50524e-09	
22000.000000	0.00179721	22000.000000	0.00103805	22000.000000	0.000436972	22000.000000	0.000436679	22000.000000	0.000436973	22000.000000	0.00103805	22000.000000	3.35424e-09	
23000.000000	0.00189786	23000.000000	0.00107127	23000.000000	0.000438522	23000.000000	0.000438233	23000.000000	0.000438519	23000.000000	0.00107126	23000.000000	3.21601e-09	
24000.000000	0.00200118	24000.000000	0.00110443	24000.000000	0.000440008	24000.000000	0.000439719	24000.000000	0.000439997	24000.000000	0.00110443	24000.000000	3.089e-09 	
25000.000000	0.00210716	25000.000000	0.00113754	25000.000000	0.000441419	25000.000000	0.000441143	25000.000000	0.000441412	25000.000000	0.00113754	25000.000000	2.97187e-09	
26000.000000	0.00221582	26000.000000	0.0011706 	26000.000000	0.000442776	26000.000000	0.000442509	26000.000000	0.000442769	26000.000000	0.0011706 	26000.000000	2.8635e-09	
27000.000000	0.00232718	27000.000000	0.00120361	27000.000000	0.000444091	27000.000000	0.000443822	27000.000000	0.000444073	27000.000000	0.0012036 	27000.000000	2.76295e-09	
28000.000000	0.00244123	28000.000000	0.00123656	28000.000000	0.000445355	28000.000000	0.000445086	28000.000000	0.000445327	28000.000000	0.00123656	28000.000000	2.66939e-09	
29000.000000	0.002558  	29000.000000	0.00126947	29000.000000	0.000446565	29000.000000	0.000446303	29000.000000	0.000446534	29000.000000	0.00126946	29000.000000	2.5821e-09	
30000.000000	0.00267749	30000.000000	0.00130232	30000.000000	0.000447723	30000.000000	0.000447477	30000.000000	0.000447698	30000.000000	0.00130232	30000.000000	2.50048e-09	
32000.000000	0.00292469	32000.000000	0.00136789	32000.000000	0.000449918	32000.000000	0.000449707	32000.000000	0.000449906	32000.000000	0.00136789	32000.000000	2.35214e-09	
34000.000000	0.00318294	34000.000000	0.00143328	34000.000000	0.000451981	34000.000000	0.000451795	34000.000000	0.000451971	34000.000000	0.00143328	34000.000000	2.2208e-09	
36000.000000	0.00345235	36000.000000	0.00149849	36000.000000	0.000453923	36000.000000	0.000453758	36000.000000	0.000453909	36000.000000	0.00149848	36000.000000	2.10368e-09	
38000.000000	0.00373304	38000.000000	0.00156353	38000.000000	0.000455755	38000.000000	0.000455608	38000.000000	0.000455733	38000.000000	0.00156353	38000.000000	1.99856e-09	
40000.000000	0.00402511	40000.000000	0.00162841	40000.000000	0.000457486	40000.000000	0.000457359	40000.000000	0.000457457	40000.000000	0.00162841	40000.000000	1.90368e-09	
42000.000000	0.00432868	42000.000000	0.00169314	42000.000000	0.000459127	42000.000000	0.000459019	42000.000000	0.000459088	42000.000000	0.00169313	42000.000000	1.8176e-09	
44000.000000	0.00464387	44000.000000	0.00175772	44000.000000	0.000460688	44000.000000	0.000460597	44000.000000	0.000460637	44000.000000	0.00175771	44000.000000	1.73915e-09	
46000.000000	0.0049708 	46000.000000	0.00182215	46000.000000	0.000462175	46000.000000	0.000462101	46000.000000	0.00046211	46000.000000	0.00182215	46000.000000	1.66734e-09	
48000.000000	0.0053096 	48000.000000	0.00188646	48000.000000	0.000463595	48000.000000	0.000463538	48000.000000	0.000463514	48000.000000	0.00188645	48000.000000	1.60136e-09	
50000.000000	0.00566039	50000.000000	0.00195063	50000.000000	0.000464948	50000.000000	0.000464912	50000.000000	0.000464854	50000.000000	0.00195063	50000.000000	1.54052e-09	
