*Energy (MeV/u)1	0 - [He-base] F.Hubert et al, AD&ND Tables 46(1990)1	Energy (MeV/u)2	1 - [H -base] J.F.Ziegler et al, Pergamon Press, NY (low energy)	Energy (MeV/u)3	2 - ATIMA 1.2  LS-theory (recommended for high energy)	Energy (MeV/u)4	3 - ATIMA 1.2  without LS-correction	Energy (MeV/u)5	4 - electrical component of [1] - J.F.Ziegler et al	Energy (MeV/u)6	5 - nuclear component of [1] - J.F.Ziegler et al	
0.001000	1.08887e-06	0.001000	1.31359e-06	0.001000	1.63247e-06	0.001000	1.63247e-06	0.001000	6.92989e-07	0.001000	6.20597e-07	
0.002000	1.39134e-06	0.002000	1.52814e-06	0.002000	1.9336e-06	0.002000	1.9336e-06	0.002000	1.11892e-06	0.002000	4.09225e-07	
0.005000	2.15258e-06	0.005000	2.21691e-06	0.005000	2.70306e-06	0.005000	2.70306e-06	0.005000	1.99997e-06	0.005000	2.16944e-07	
0.008000	2.72312e-06	0.008000	2.76713e-06	0.008000	3.25326e-06	0.008000	3.25326e-06	0.008000	2.61357e-06	0.008000	1.5356e-07	
0.010000	3.03786e-06	0.010000	3.07387e-06	0.010000	3.54444e-06	0.010000	3.54444e-06	0.010000	2.94419e-06	0.010000	1.29673e-07	
0.015000	3.8759e-06	0.015000	3.88887e-06	0.015000	4.12004e-06	0.015000	4.12004e-06	0.015000	3.79415e-06	0.015000	9.47164e-08	
0.020000	4.577e-06 	0.020000	4.466e-06 	0.020000	4.56882e-06	0.020000	4.56882e-06	0.020000	4.39056e-06	0.020000	7.54368e-08	
0.025000	5.17481e-06	0.025000	4.96662e-06	0.025000	4.94677e-06	0.025000	4.94677e-06	0.025000	4.90354e-06	0.025000	6.30795e-08	
0.030000	5.6873e-06	0.030000	5.47931e-06	0.030000	5.36793e-06	0.030000	5.36793e-06	0.030000	5.42489e-06	0.030000	5.44251e-08	
0.035000	6.12532e-06	0.035000	6.00181e-06	0.035000	5.74708e-06	0.035000	5.74708e-06	0.035000	5.95381e-06	0.035000	4.79972e-08	
0.040000	6.49639e-06	0.040000	6.51248e-06	0.040000	6.09343e-06	0.040000	6.09343e-06	0.040000	6.46946e-06	0.040000	4.30186e-08	
0.045000	6.80651e-06	0.045000	6.99529e-06	0.045000	6.41298e-06	0.045000	6.41298e-06	0.045000	6.95625e-06	0.045000	3.90393e-08	
0.050000	7.0611e-06	0.050000	7.44174e-06	0.050000	6.70975e-06	0.050000	6.70975e-06	0.050000	7.40596e-06	0.050000	3.57799e-08	
0.055000	7.26538e-06	0.055000	7.84853e-06	0.055000	6.98652e-06	0.055000	6.98652e-06	0.055000	7.81547e-06	0.055000	3.30572e-08	
0.060000	7.42455e-06	0.060000	8.21539e-06	0.060000	7.24529e-06	0.060000	7.24529e-06	0.060000	8.18465e-06	0.060000	3.0746e-08	
0.070000	7.62812e-06	0.070000	8.83603e-06	0.070000	7.71423e-06	0.070000	7.71423e-06	0.070000	8.809e-06 	0.070000	2.70273e-08	
0.080000	7.71137e-06	0.080000	9.32307e-06	0.080000	8.12452e-06	0.080000	8.12452e-06	0.080000	9.29891e-06	0.080000	2.41594e-08	
0.090000	7.70933e-06	0.090000	9.69867e-06	0.090000	8.48128e-06	0.090000	8.48128e-06	0.090000	9.6768e-06	0.090000	2.18753e-08	
0.100000	7.6507e-06	0.100000	9.98307e-06	0.100000	8.78839e-06	0.100000	8.78839e-06	0.100000	9.96306e-06	0.100000	2.001e-08 	
0.120000	7.44497e-06	0.120000	1.03436e-05	0.120000	9.26694e-06	0.120000	9.26694e-06	0.120000	1.03264e-05	0.120000	1.71397e-08	
0.140000	7.20201e-06	0.140000	1.05066e-05	0.140000	9.58587e-06	0.140000	9.58587e-06	0.140000	1.04916e-05	0.140000	1.5028e-08	
0.160000	6.96775e-06	0.160000	1.05385e-05	0.160000	9.77063e-06	0.160000	9.77063e-06	0.160000	1.05251e-05	0.160000	1.34047e-08	
0.180000	6.75662e-06	0.180000	1.04824e-05	0.180000	9.84593e-06	0.180000	9.84593e-06	0.180000	1.04703e-05	0.180000	1.21155e-08	
0.200000	6.56972e-06	0.200000	1.03669e-05	0.200000	9.83462e-06	0.200000	9.83462e-06	0.200000	1.03558e-05	0.200000	1.1065e-08	
0.250000	6.18391e-06	0.250000	9.93194e-06	0.250000	9.55189e-06	0.250000	9.55189e-06	0.250000	9.92281e-06	0.250000	9.12504e-09	
0.300000	5.86884e-06	0.300000	9.40835e-06	0.300000	9.07744e-06	0.300000	9.07744e-06	0.300000	9.40056e-06	0.300000	7.79009e-09	
0.350000	5.59107e-06	0.350000	8.87214e-06	0.350000	8.54347e-06	0.350000	8.54347e-06	0.350000	8.86532e-06	0.350000	6.81193e-09	
0.400000	5.33666e-06	0.400000	8.35681e-06	0.400000	8.01606e-06	0.400000	8.01606e-06	0.400000	8.35074e-06	0.400000	6.06254e-09	
0.450000	5.10039e-06	0.450000	7.87627e-06	0.450000	7.52407e-06	0.450000	7.52407e-06	0.450000	7.8708e-06	0.450000	5.46898e-09	
0.500000	4.88028e-06	0.500000	7.43497e-06	0.500000	7.07725e-06	0.500000	7.07725e-06	0.500000	7.42998e-06	0.500000	4.98654e-09	
0.600000	4.48476e-06	0.600000	6.6674e-06	0.600000	6.31791e-06	0.600000	6.31791e-06	0.600000	6.66315e-06	0.600000	4.24839e-09	
0.700000	4.14327e-06	0.700000	6.03432e-06	0.700000	5.71057e-06	0.700000	5.71057e-06	0.700000	6.03061e-06	0.700000	3.70883e-09	
0.800000	3.84845e-06	0.800000	5.50963e-06	0.800000	5.21924e-06	0.800000	5.21924e-06	0.800000	5.50633e-06	0.800000	3.29628e-09	
0.900000	3.5929e-06	0.900000	5.07036e-06	0.900000	4.81481e-06	0.900000	4.81481e-06	0.900000	5.06739e-06	0.900000	2.97005e-09	
1.000000	3.36998e-06	1.000000	4.69831e-06	1.000000	4.47596e-06	1.000000	4.47596e-06	1.000000	4.6956e-06	1.000000	2.70528e-09	
1.250000	2.92141e-06	1.250000	3.97879e-06	1.250000	3.82577e-06	1.250000	3.82577e-06	1.250000	3.97657e-06	1.250000	2.21882e-09	
1.500000	2.5827e-06	1.500000	3.45926e-06	1.500000	3.35612e-06	1.500000	3.35612e-06	1.500000	3.45737e-06	1.500000	1.88619e-09	
1.750000	2.31742e-06	1.750000	3.0654e-06	1.750000	2.99743e-06	1.750000	2.99743e-06	1.750000	3.06376e-06	1.750000	1.64368e-09	
2.000000	2.10362e-06	2.000000	2.75573e-06	2.000000	2.71265e-06	2.000000	2.71265e-06	2.000000	2.75427e-06	2.000000	1.45864e-09	
2.250000	1.9274e-06	2.250000	2.50538e-06	2.250000	2.48013e-06	2.250000	2.48013e-06	2.250000	2.50407e-06	2.250000	1.31258e-09	
2.500000	1.74972e-06	2.500000	2.29853e-06	2.500000	2.28623e-06	2.500000	2.28623e-06	2.500000	2.29734e-06	2.500000	1.19421e-09	
3.000000	1.52724e-06	3.000000	1.97625e-06	3.000000	1.98047e-06	3.000000	1.98047e-06	3.000000	1.97524e-06	3.000000	1.01377e-09	
3.500000	1.35859e-06	3.500000	1.73639e-06	3.500000	1.74977e-06	3.500000	1.74977e-06	3.500000	1.7355e-06	3.500000	8.82414e-10	
4.000000	1.22596e-06	4.000000	1.55071e-06	4.000000	1.56925e-06	4.000000	1.56925e-06	4.000000	1.54992e-06	4.000000	7.82322e-10	
4.500000	1.11868e-06	4.500000	1.40259e-06	4.500000	1.424e-06 	4.500000	1.424e-06 	4.500000	1.40188e-06	4.500000	7.03403e-10	
5.000000	1.02997e-06	5.000000	1.28159e-06	5.000000	1.3045e-06	5.000000	1.3045e-06	5.000000	1.28095e-06	5.000000	6.39508e-10	
5.500000	9.553e-07 	5.500000	1.18081e-06	5.500000	1.2044e-06	5.500000	1.2044e-06	5.500000	1.18022e-06	5.500000	5.86671e-10	
6.000000	8.91512e-07	6.000000	1.09552e-06	6.000000	1.11927e-06	6.000000	1.11927e-06	6.000000	1.09498e-06	6.000000	5.42218e-10	
6.500000	8.36341e-07	6.500000	1.02235e-06	6.500000	1.04594e-06	6.500000	1.04594e-06	6.500000	1.02184e-06	6.500000	5.04275e-10	
7.000000	7.88118e-07	7.000000	9.5885e-07	7.000000	9.82078e-07	7.000000	9.82078e-07	7.000000	9.58379e-07	7.000000	4.71494e-10	
7.500000	7.4558e-07	7.500000	9.03193e-07	7.500000	9.25936e-07	7.500000	9.25936e-07	7.500000	9.0275e-07	7.500000	4.42874e-10	
8.000000	7.0776e-07	8.000000	8.53983e-07	8.000000	8.76169e-07	8.000000	8.76169e-07	8.000000	8.53566e-07	8.000000	4.17662e-10	
8.500000	6.73897e-07	8.500000	8.10142e-07	8.500000	8.3173e-07	8.500000	8.3173e-07	8.500000	8.09747e-07	8.500000	3.95275e-10	
9.000000	6.4339e-07	9.000000	7.7082e-07	9.000000	7.91793e-07	9.000000	7.91793e-07	9.000000	7.70445e-07	9.000000	3.75258e-10	
9.500000	6.15753e-07	9.500000	7.35338e-07	9.500000	7.55692e-07	9.500000	7.55692e-07	9.500000	7.34981e-07	9.500000	3.57248e-10	
10.000000	5.90592e-07	10.000000	6.81882e-07	10.000000	7.22892e-07	10.000000	7.22892e-07	10.000000	6.81541e-07	10.000000	3.40955e-10	
11.000000	5.46452e-07	11.000000	6.33809e-07	11.000000	6.64854e-07	11.000000	6.64889e-07	11.000000	6.33497e-07	11.000000	3.12609e-10	
12.000000	5.08966e-07	12.000000	5.92497e-07	12.000000	6.15971e-07	12.000000	6.16029e-07	12.000000	5.92208e-07	12.000000	2.88776e-10	
13.000000	4.76711e-07	13.000000	5.566e-07 	13.000000	5.74256e-07	13.000000	5.74321e-07	13.000000	5.56331e-07	13.000000	2.68446e-10	
14.000000	4.48644e-07	14.000000	5.25109e-07	14.000000	5.38251e-07	14.000000	5.38313e-07	14.000000	5.24858e-07	14.000000	2.5089e-10	
15.000000	4.23986e-07	15.000000	4.97251e-07	15.000000	5.06863e-07	15.000000	5.06924e-07	15.000000	4.97015e-07	15.000000	2.35571e-10	
16.000000	4.0214e-07	16.000000	4.72424e-07	16.000000	4.79274e-07	16.000000	4.79333e-07	16.000000	4.72202e-07	16.000000	2.22081e-10	
17.000000	3.82643e-07	17.000000	4.50153e-07	17.000000	4.54851e-07	17.000000	4.54902e-07	17.000000	4.49943e-07	17.000000	2.10109e-10	
18.000000	3.65128e-07	18.000000	4.30057e-07	18.000000	4.33092e-07	18.000000	4.33132e-07	18.000000	4.29857e-07	18.000000	1.99407e-10	
19.000000	3.49304e-07	19.000000	4.11829e-07	19.000000	4.13592e-07	19.000000	4.1362e-07	19.000000	4.11639e-07	19.000000	1.89782e-10	
20.000000	3.34931e-07	20.000000	3.95215e-07	20.000000	3.96017e-07	20.000000	3.96046e-07	20.000000	3.95034e-07	20.000000	1.81078e-10	
21.000000	3.21816e-07	21.000000	3.80009e-07	21.000000	3.80113e-07	21.000000	3.80144e-07	21.000000	3.79836e-07	21.000000	1.73166e-10	
22.000000	3.09797e-07	22.000000	3.66035e-07	22.000000	3.65673e-07	22.000000	3.65697e-07	22.000000	3.65869e-07	22.000000	1.65941e-10	
23.000000	2.98739e-07	23.000000	3.53148e-07	23.000000	3.52516e-07	23.000000	3.52523e-07	23.000000	3.52989e-07	23.000000	1.59318e-10	
24.000000	2.88531e-07	24.000000	3.41224e-07	24.000000	3.40481e-07	24.000000	3.40471e-07	24.000000	3.41071e-07	24.000000	1.53222e-10	
25.000000	2.79075e-07	25.000000	3.30158e-07	25.000000	3.29435e-07	25.000000	3.29411e-07	25.000000	3.3001e-07	25.000000	1.47592e-10	
27.000000	2.62106e-07	27.000000	3.10247e-07	27.000000	3.09906e-07	27.000000	3.09844e-07	27.000000	3.10109e-07	27.000000	1.37531e-10	
29.000000	2.47304e-07	29.000000	2.92828e-07	29.000000	2.93195e-07	29.000000	2.93118e-07	29.000000	2.92699e-07	29.000000	1.288e-10 	
31.000000	2.34272e-07	31.000000	2.77455e-07	31.000000	2.78147e-07	31.000000	2.78066e-07	31.000000	2.77334e-07	31.000000	1.21148e-10	
33.000000	2.22706e-07	33.000000	2.63783e-07	33.000000	2.64282e-07	33.000000	2.64177e-07	33.000000	2.63669e-07	33.000000	1.14386e-10	
35.000000	2.12366e-07	35.000000	2.51541e-07	35.000000	2.51862e-07	35.000000	2.51762e-07	35.000000	2.51432e-07	35.000000	1.08363e-10	
38.000000	1.98754e-07	38.000000	2.35398e-07	38.000000	2.35536e-07	38.000000	2.3542e-07	38.000000	2.35297e-07	38.000000	1.0047e-10	
41.000000	1.86996e-07	41.000000	2.21432e-07	41.000000	2.21427e-07	41.000000	2.21308e-07	41.000000	2.21338e-07	41.000000	9.36857e-11	
44.000000	1.76731e-07	44.000000	2.09226e-07	44.000000	2.09097e-07	44.000000	2.08992e-07	44.000000	2.09138e-07	44.000000	8.7789e-11	
47.000000	1.67686e-07	47.000000	1.98463e-07	47.000000	1.98264e-07	47.000000	1.98144e-07	47.000000	1.9838e-07	47.000000	8.26146e-11	
50.000000	1.59653e-07	50.000000	1.88898e-07	50.000000	1.88635e-07	50.000000	1.88514e-07	50.000000	1.8882e-07	50.000000	7.80363e-11	
55.000000	1.48082e-07	55.000000	1.75115e-07	55.000000	1.74785e-07	55.000000	1.74653e-07	55.000000	1.75044e-07	55.000000	7.14721e-11	
60.000000	1.38312e-07	60.000000	1.63478e-07	60.000000	1.63084e-07	60.000000	1.62963e-07	60.000000	1.63412e-07	60.000000	6.59596e-11	
65.000000	1.29946e-07	65.000000	1.53517e-07	65.000000	1.53088e-07	65.000000	1.52964e-07	65.000000	1.53455e-07	65.000000	6.12625e-11	
70.000000	1.22695e-07	70.000000	1.44889e-07	70.000000	1.44436e-07	70.000000	1.4431e-07	70.000000	1.44832e-07	70.000000	5.72104e-11	
75.000000	1.16347e-07	75.000000	1.37341e-07	75.000000	1.36861e-07	75.000000	1.36745e-07	75.000000	1.37288e-07	75.000000	5.36777e-11	
80.000000	1.10739e-07	80.000000	1.30681e-07	80.000000	1.30198e-07	80.000000	1.30072e-07	80.000000	1.30631e-07	80.000000	5.05696e-11	
85.000000	1.05747e-07	85.000000	1.24759e-07	85.000000	1.2426e-07	85.000000	1.24141e-07	85.000000	1.24711e-07	85.000000	4.78131e-11	
90.000000	1.01272e-07	90.000000	1.19457e-07	90.000000	1.18948e-07	90.000000	1.18833e-07	90.000000	1.19411e-07	90.000000	4.53511e-11	
95.000000	9.72354e-08	95.000000	1.14682e-07	95.000000	1.14177e-07	95.000000	1.14055e-07	95.000000	1.14639e-07	95.000000	4.31382e-11	
100.000000	9.35753e-08	100.000000	1.10358e-07	100.000000	1.09847e-07	100.000000	1.0973e-07	100.000000	1.10317e-07	100.000000	4.11382e-11	
105.000000	9.02397e-08	105.000000	1.06424e-07	105.000000	1.05908e-07	105.000000	1.05796e-07	105.000000	1.06385e-07	105.000000	3.93214e-11	
110.000000	8.71864e-08	110.000000	1.02829e-07	110.000000	1.02309e-07	110.000000	1.02202e-07	110.000000	1.02791e-07	110.000000	3.76634e-11	
115.000000	8.43802e-08	115.000000	9.95297e-08	115.000000	9.90161e-08	115.000000	9.89054e-08	115.000000	9.94936e-08	115.000000	3.61441e-11	
120.000000	8.17915e-08	120.000000	9.64918e-08	120.000000	9.59836e-08	120.000000	9.58707e-08	120.000000	9.64571e-08	120.000000	3.47465e-11	
125.000000	7.93954e-08	125.000000	9.36849e-08	125.000000	9.31746e-08	125.000000	9.30675e-08	125.000000	9.36514e-08	125.000000	3.34566e-11	
130.000000	7.71705e-08	130.000000	9.10833e-08	130.000000	9.05743e-08	130.000000	9.04702e-08	130.000000	9.1051e-08	130.000000	3.22621e-11	
135.000000	7.50988e-08	135.000000	8.86651e-08	135.000000	8.81656e-08	135.000000	8.8057e-08	135.000000	8.8634e-08	135.000000	3.11527e-11	
140.000000	7.31645e-08	140.000000	8.64116e-08	140.000000	8.59178e-08	140.000000	8.58087e-08	140.000000	8.63815e-08	140.000000	3.01195e-11	
145.000000	7.1354e-08	145.000000	8.43063e-08	145.000000	8.3814e-08	145.000000	8.3709e-08	145.000000	8.42772e-08	145.000000	2.91549e-11	
150.000000	6.96556e-08	150.000000	8.2335e-08	150.000000	8.18461e-08	150.000000	8.17437e-08	150.000000	8.23068e-08	150.000000	2.82522e-11	
155.000000	6.72642e-08	155.000000	8.04853e-08	155.000000	7.9999e-08	155.000000	7.99002e-08	155.000000	8.04579e-08	155.000000	2.74056e-11	
160.000000	6.58625e-08	160.000000	7.87462e-08	160.000000	7.82655e-08	160.000000	7.81675e-08	160.000000	7.87196e-08	160.000000	2.66099e-11	
165.000000	6.45406e-08	165.000000	7.71079e-08	165.000000	7.66376e-08	165.000000	7.65359e-08	165.000000	7.70821e-08	165.000000	2.58605e-11	
170.000000	6.3292e-08	170.000000	7.55621e-08	170.000000	7.50989e-08	170.000000	7.49969e-08	170.000000	7.55369e-08	170.000000	2.51536e-11	
175.000000	6.21105e-08	175.000000	7.41009e-08	175.000000	7.36417e-08	175.000000	7.35428e-08	175.000000	7.40764e-08	175.000000	2.44856e-11	
180.000000	6.09908e-08	180.000000	7.27177e-08	180.000000	7.22636e-08	180.000000	7.21668e-08	180.000000	7.26939e-08	180.000000	2.38533e-11	
185.000000	5.99282e-08	185.000000	7.14064e-08	185.000000	7.09573e-08	185.000000	7.08627e-08	185.000000	7.13831e-08	185.000000	2.3254e-11	
190.000000	5.89183e-08	190.000000	7.01614e-08	190.000000	6.97173e-08	190.000000	6.96252e-08	190.000000	7.01387e-08	190.000000	2.26849e-11	
195.000000	5.79572e-08	195.000000	6.89779e-08	195.000000	6.85418e-08	195.000000	6.84492e-08	195.000000	6.89558e-08	195.000000	2.2144e-11	
200.000000	5.70414e-08	200.000000	6.78515e-08	200.000000	6.74257e-08	200.000000	6.73303e-08	200.000000	6.78298e-08	200.000000	2.16291e-11	
210.000000	5.53336e-08	210.000000	6.5754e-08	210.000000	6.53418e-08	210.000000	6.52482e-08	210.000000	6.57333e-08	210.000000	2.06702e-11	
220.000000	5.37727e-08	220.000000	6.38409e-08	220.000000	6.34411e-08	220.000000	6.33507e-08	220.000000	6.38211e-08	220.000000	1.97954e-11	
230.000000	5.23405e-08	230.000000	6.2089e-08	230.000000	6.17014e-08	230.000000	6.16146e-08	230.000000	6.207e-08 	230.000000	1.89938e-11	
240.000000	5.10215e-08	240.000000	6.0479e-08	240.000000	6.01096e-08	240.000000	6.00204e-08	240.000000	6.04607e-08	240.000000	1.82566e-11	
250.000000	4.98027e-08	250.000000	5.89942e-08	250.000000	5.86409e-08	250.000000	5.85516e-08	250.000000	5.89766e-08	250.000000	1.75763e-11	
260.000000	4.86732e-08	260.000000	5.76208e-08	260.000000	5.72804e-08	260.000000	5.71941e-08	260.000000	5.76039e-08	260.000000	1.69464e-11	
270.000000	4.76234e-08	270.000000	5.63468e-08	270.000000	5.602e-08 	270.000000	5.59359e-08	270.000000	5.63304e-08	270.000000	1.63615e-11	
280.000000	4.66452e-08	280.000000	5.51619e-08	280.000000	5.48488e-08	280.000000	5.47669e-08	280.000000	5.5146e-08	280.000000	1.58169e-11	
290.000000	4.57315e-08	290.000000	5.40571e-08	290.000000	5.37623e-08	290.000000	5.36779e-08	290.000000	5.40418e-08	290.000000	1.53085e-11	
300.000000	4.48761e-08	300.000000	5.30248e-08	300.000000	5.27459e-08	300.000000	5.26612e-08	300.000000	5.301e-08 	300.000000	1.48328e-11	
310.000000	4.40738e-08	310.000000	5.20582e-08	310.000000	5.17924e-08	310.000000	5.17101e-08	310.000000	5.20438e-08	310.000000	1.43867e-11	
320.000000	4.33196e-08	320.000000	5.11512e-08	320.000000	5.08993e-08	320.000000	5.08185e-08	320.000000	5.11372e-08	320.000000	1.39675e-11	
330.000000	4.26096e-08	330.000000	5.02986e-08	330.000000	5.006e-08 	330.000000	4.99812e-08	330.000000	5.02851e-08	330.000000	1.35727e-11	
340.000000	4.19398e-08	340.000000	4.94959e-08	340.000000	4.92715e-08	340.000000	4.91936e-08	340.000000	4.94827e-08	340.000000	1.32004e-11	
350.000000	4.13071e-08	350.000000	4.87388e-08	350.000000	4.85313e-08	350.000000	4.84514e-08	350.000000	4.87259e-08	350.000000	1.28486e-11	
360.000000	4.07086e-08	360.000000	4.80236e-08	360.000000	4.78315e-08	360.000000	4.7751e-08	360.000000	4.80111e-08	360.000000	1.25156e-11	
370.000000	4.01415e-08	370.000000	4.73472e-08	370.000000	4.71679e-08	370.000000	4.70891e-08	370.000000	4.7335e-08	370.000000	1.22e-11  	
380.000000	3.96035e-08	380.000000	4.67064e-08	380.000000	4.65401e-08	380.000000	4.64627e-08	380.000000	4.66945e-08	380.000000	1.19004e-11	
390.000000	3.90925e-08	390.000000	4.60987e-08	390.000000	4.59455e-08	390.000000	4.58691e-08	390.000000	4.60871e-08	390.000000	1.16156e-11	
400.000000	3.86066e-08	400.000000	4.55216e-08	400.000000	4.53808e-08	400.000000	4.5306e-08	400.000000	4.55103e-08	400.000000	1.13446e-11	
410.000000	3.81439e-08	410.000000	4.4973e-08	410.000000	4.48452e-08	410.000000	4.47711e-08	410.000000	4.4962e-08	410.000000	1.10863e-11	
420.000000	3.7703e-08	420.000000	4.4451e-08	420.000000	4.43377e-08	420.000000	4.42626e-08	420.000000	4.44401e-08	420.000000	1.08399e-11	
430.000000	3.72824e-08	430.000000	4.39536e-08	430.000000	4.3855e-08	430.000000	4.37785e-08	430.000000	4.3943e-08	430.000000	1.06045e-11	
440.000000	3.68807e-08	440.000000	4.34793e-08	440.000000	4.33934e-08	440.000000	4.33172e-08	440.000000	4.34689e-08	440.000000	1.03795e-11	
450.000000	3.64968e-08	450.000000	4.30266e-08	450.000000	4.29523e-08	450.000000	4.28774e-08	450.000000	4.30164e-08	450.000000	1.01641e-11	
460.000000	3.61295e-08	460.000000	4.25941e-08	460.000000	4.25314e-08	460.000000	4.24575e-08	460.000000	4.25841e-08	460.000000	9.95779e-12	
470.000000	3.5778e-08	470.000000	4.21805e-08	470.000000	4.21295e-08	470.000000	4.20563e-08	470.000000	4.21708e-08	470.000000	9.75992e-12	
480.000000	3.54411e-08	480.000000	4.17848e-08	480.000000	4.1745e-08	480.000000	4.16728e-08	480.000000	4.17752e-08	480.000000	9.57e-12  	
490.000000	3.51181e-08	490.000000	4.14058e-08	490.000000	4.13768e-08	490.000000	4.13057e-08	490.000000	4.13964e-08	490.000000	9.38757e-12	
500.000000	3.48082e-08	500.000000	4.10426e-08	500.000000	4.10249e-08	500.000000	4.09543e-08	500.000000	4.10334e-08	500.000000	9.21217e-12	
520.000000	3.42247e-08	520.000000	4.036e-08 	520.000000	4.03667e-08	520.000000	4.02944e-08	520.000000	4.03511e-08	520.000000	8.88093e-12	
540.000000	3.36854e-08	540.000000	3.97306e-08	540.000000	3.97593e-08	540.000000	3.96868e-08	540.000000	3.9722e-08	540.000000	8.57338e-12	
560.000000	3.31859e-08	560.000000	3.91487e-08	560.000000	3.91966e-08	560.000000	3.91258e-08	560.000000	3.91404e-08	560.000000	8.28705e-12	
580.000000	3.27222e-08	580.000000	3.86097e-08	580.000000	3.86765e-08	580.000000	3.86068e-08	580.000000	3.86017e-08	580.000000	8.0198e-12	
600.000000	3.22909e-08	600.000000	3.81093e-08	600.000000	3.81938e-08	600.000000	3.81255e-08	600.000000	3.81015e-08	600.000000	7.76975e-12	
620.000000	3.1889e-08	620.000000	3.76439e-08	620.000000	3.77459e-08	620.000000	3.76784e-08	620.000000	3.76364e-08	620.000000	7.53529e-12	
640.000000	3.15139e-08	640.000000	3.72104e-08	640.000000	3.73308e-08	640.000000	3.72622e-08	640.000000	3.72031e-08	640.000000	7.31499e-12	
660.000000	3.11634e-08	660.000000	3.68058e-08	660.000000	3.69436e-08	660.000000	3.68741e-08	660.000000	3.67987e-08	660.000000	7.10758e-12	
680.000000	3.08353e-08	680.000000	3.64277e-08	680.000000	3.65804e-08	680.000000	3.65116e-08	680.000000	3.64208e-08	680.000000	6.91196e-12	
700.000000	3.05278e-08	700.000000	3.6074e-08	700.000000	3.62403e-08	700.000000	3.61727e-08	700.000000	3.60673e-08	700.000000	6.72714e-12	
720.000000	3.02393e-08	720.000000	3.57425e-08	720.000000	3.59221e-08	720.000000	3.58552e-08	720.000000	3.5736e-08	720.000000	6.55225e-12	
740.000000	2.99684e-08	740.000000	3.54317e-08	740.000000	3.56236e-08	740.000000	3.55574e-08	740.000000	3.54253e-08	740.000000	6.38648e-12	
760.000000	2.97138e-08	760.000000	3.51397e-08	760.000000	3.5343e-08	760.000000	3.52779e-08	760.000000	3.51335e-08	760.000000	6.22915e-12	
780.000000	2.94741e-08	780.000000	3.48654e-08	780.000000	3.50797e-08	780.000000	3.5015e-08	780.000000	3.48593e-08	780.000000	6.07961e-12	
800.000000	2.92485e-08	800.000000	3.46073e-08	800.000000	3.48328e-08	800.000000	3.47677e-08	800.000000	3.46014e-08	800.000000	5.9373e-12	
820.000000	2.90359e-08	820.000000	3.43643e-08	820.000000	3.46007e-08	820.000000	3.45347e-08	820.000000	3.43585e-08	820.000000	5.8017e-12	
840.000000	2.88354e-08	840.000000	3.41354e-08	840.000000	3.43815e-08	840.000000	3.43151e-08	840.000000	3.41297e-08	840.000000	5.67234e-12	
860.000000	2.86463e-08	860.000000	3.39195e-08	860.000000	3.41739e-08	860.000000	3.41078e-08	860.000000	3.3914e-08	860.000000	5.54879e-12	
880.000000	2.84678e-08	880.000000	3.37159e-08	880.000000	3.39774e-08	880.000000	3.39119e-08	880.000000	3.37105e-08	880.000000	5.43068e-12	
900.000000	2.82992e-08	900.000000	3.35237e-08	900.000000	3.37915e-08	900.000000	3.37268e-08	900.000000	3.35184e-08	900.000000	5.31763e-12	
920.000000	2.814e-08 	920.000000	3.33422e-08	920.000000	3.36159e-08	920.000000	3.35517e-08	920.000000	3.3337e-08	920.000000	5.20934e-12	
940.000000	2.79895e-08	940.000000	3.31708e-08	940.000000	3.34497e-08	940.000000	3.3386e-08	940.000000	3.31657e-08	940.000000	5.1055e-12	
960.000000	2.78473e-08	960.000000	3.30087e-08	960.000000	3.32923e-08	960.000000	3.3229e-08	960.000000	3.30037e-08	960.000000	5.00584e-12	
980.000000	2.77129e-08	980.000000	3.28555e-08	980.000000	3.31432e-08	980.000000	3.30801e-08	980.000000	3.28506e-08	980.000000	4.91012e-12	
1000.000000	2.75858e-08	1000.000000	3.27107e-08	1000.000000	3.30017e-08	1000.000000	3.2939e-08	1000.000000	3.27059e-08	1000.000000	4.81809e-12	
1020.000000	2.74657e-08	1020.000000	3.25737e-08	1020.000000	3.28673e-08	1020.000000	3.28051e-08	1020.000000	3.2569e-08	1020.000000	4.72956e-12	
1040.000000	2.73521e-08	1040.000000	3.24441e-08	1040.000000	3.27397e-08	1040.000000	3.26779e-08	1040.000000	3.24395e-08	1040.000000	4.64432e-12	
1060.000000	2.72447e-08	1060.000000	3.23215e-08	1060.000000	3.26184e-08	1060.000000	3.25572e-08	1060.000000	3.2317e-08	1060.000000	4.56218e-12	
1080.000000	2.71432e-08	1080.000000	3.22055e-08	1080.000000	3.25032e-08	1080.000000	3.24425e-08	1080.000000	3.22011e-08	1080.000000	4.48299e-12	
1100.000000	2.70473e-08	1100.000000	3.20958e-08	1100.000000	3.2394e-08	1100.000000	3.23334e-08	1100.000000	3.20914e-08	1100.000000	4.40659e-12	
1120.000000	2.69567e-08	1120.000000	3.19921e-08	1120.000000	3.22904e-08	1120.000000	3.22297e-08	1120.000000	3.19878e-08	1120.000000	4.33282e-12	
1140.000000	2.68712e-08	1140.000000	3.1894e-08	1140.000000	3.21921e-08	1140.000000	3.2131e-08	1140.000000	3.18897e-08	1140.000000	4.26155e-12	
1160.000000	2.67904e-08	1160.000000	3.18012e-08	1160.000000	3.20986e-08	1160.000000	3.20371e-08	1160.000000	3.1797e-08	1160.000000	4.19266e-12	
1180.000000	2.67142e-08	1180.000000	3.17135e-08	1180.000000	3.20097e-08	1180.000000	3.19478e-08	1180.000000	3.17093e-08	1180.000000	4.12603e-12	
1200.000000	2.66424e-08	1200.000000	3.16306e-08	1200.000000	3.19249e-08	1200.000000	3.18627e-08	1200.000000	3.16265e-08	1200.000000	4.06155e-12	
1220.000000	2.65747e-08	1220.000000	3.15523e-08	1220.000000	3.18439e-08	1220.000000	3.17817e-08	1220.000000	3.15483e-08	1220.000000	3.99911e-12	
1240.000000	2.6511e-08	1240.000000	3.14784e-08	1240.000000	3.17666e-08	1240.000000	3.17045e-08	1240.000000	3.14745e-08	1240.000000	3.93862e-12	
1260.000000	2.64511e-08	1260.000000	3.14087e-08	1260.000000	3.16928e-08	1260.000000	3.1631e-08	1260.000000	3.14048e-08	1260.000000	3.87999e-12	
1280.000000	2.63948e-08	1280.000000	3.13429e-08	1280.000000	3.16224e-08	1280.000000	3.1561e-08	1280.000000	3.13391e-08	1280.000000	3.82312e-12	
1300.000000	2.6342e-08	1300.000000	3.1281e-08	1300.000000	3.15553e-08	1300.000000	3.14942e-08	1300.000000	3.12772e-08	1300.000000	3.76795e-12	
1320.000000	2.62926e-08	1320.000000	3.12226e-08	1320.000000	3.14914e-08	1320.000000	3.14306e-08	1320.000000	3.12189e-08	1320.000000	3.7144e-12	
1340.000000	2.62463e-08	1340.000000	3.11678e-08	1340.000000	3.14305e-08	1340.000000	3.137e-08 	1340.000000	3.11641e-08	1340.000000	3.6624e-12	
1360.000000	2.6203e-08	1360.000000	3.11163e-08	1360.000000	3.13726e-08	1360.000000	3.13122e-08	1360.000000	3.11126e-08	1360.000000	3.61187e-12	
1380.000000	2.61627e-08	1380.000000	3.10679e-08	1380.000000	3.13173e-08	1380.000000	3.12571e-08	1380.000000	3.10643e-08	1380.000000	3.56276e-12	
1400.000000	2.61252e-08	1400.000000	3.10226e-08	1400.000000	3.12647e-08	1400.000000	3.12047e-08	1400.000000	3.10191e-08	1400.000000	3.51501e-12	
1420.000000	2.60905e-08	1420.000000	3.09802e-08	1420.000000	3.12145e-08	1420.000000	3.11546e-08	1420.000000	3.09767e-08	1420.000000	3.46855e-12	
1440.000000	2.60583e-08	1440.000000	3.09406e-08	1440.000000	3.11666e-08	1440.000000	3.1107e-08	1440.000000	3.09372e-08	1440.000000	3.42335e-12	
1460.000000	2.60286e-08	1460.000000	3.09037e-08	1460.000000	3.11209e-08	1460.000000	3.10615e-08	1460.000000	3.09003e-08	1460.000000	3.37934e-12	
1480.000000	2.60013e-08	1480.000000	3.08694e-08	1480.000000	3.10774e-08	1480.000000	3.10183e-08	1480.000000	3.0866e-08	1480.000000	3.33649e-12	
1500.000000	2.59764e-08	1500.000000	3.08375e-08	1500.000000	3.10359e-08	1500.000000	3.0977e-08	1500.000000	3.08342e-08	1500.000000	3.29474e-12	
1520.000000	2.59537e-08	1520.000000	3.0808e-08	1520.000000	3.09964e-08	1520.000000	3.09378e-08	1520.000000	3.08048e-08	1520.000000	3.25405e-12	
1540.000000	2.59331e-08	1540.000000	3.07808e-08	1540.000000	3.09588e-08	1540.000000	3.09004e-08	1540.000000	3.07776e-08	1540.000000	3.21439e-12	
1560.000000	2.59146e-08	1560.000000	3.07558e-08	1560.000000	3.09231e-08	1560.000000	3.08647e-08	1560.000000	3.07527e-08	1560.000000	3.17571e-12	
1580.000000	2.58981e-08	1580.000000	3.0733e-08	1580.000000	3.08891e-08	1580.000000	3.08309e-08	1580.000000	3.07298e-08	1580.000000	3.13798e-12	
1600.000000	2.58836e-08	1600.000000	3.07121e-08	1600.000000	3.08569e-08	1600.000000	3.07986e-08	1600.000000	3.0709e-08	1600.000000	3.10116e-12	
1620.000000	2.58709e-08	1620.000000	3.06933e-08	1620.000000	3.08263e-08	1620.000000	3.0768e-08	1620.000000	3.06902e-08	1620.000000	3.06522e-12	
1640.000000	2.58601e-08	1640.000000	3.06763e-08	1640.000000	3.07973e-08	1640.000000	3.07388e-08	1640.000000	3.06733e-08	1640.000000	3.03012e-12	
1660.000000	2.5851e-08	1660.000000	3.06611e-08	1660.000000	3.07698e-08	1660.000000	3.07111e-08	1660.000000	3.06581e-08	1660.000000	2.99585e-12	
1680.000000	2.58436e-08	1680.000000	3.06477e-08	1680.000000	3.07437e-08	1680.000000	3.06848e-08	1680.000000	3.06448e-08	1680.000000	2.96236e-12	
1700.000000	2.58378e-08	1700.000000	3.0636e-08	1700.000000	3.07189e-08	1700.000000	3.06598e-08	1700.000000	3.06331e-08	1700.000000	2.92964e-12	
1750.000000	2.58302e-08	1750.000000	3.06139e-08	1750.000000	3.06624e-08	1750.000000	3.06029e-08	1750.000000	3.0611e-08	1750.000000	2.851e-12 	
1800.000000	2.58317e-08	1800.000000	3.06011e-08	1800.000000	3.06129e-08	1800.000000	3.05532e-08	1800.000000	3.05983e-08	1800.000000	2.7766e-12	
1850.000000	2.58418e-08	1850.000000	3.0597e-08	1850.000000	3.05698e-08	1850.000000	3.05101e-08	1850.000000	3.05943e-08	1850.000000	2.70608e-12	
1900.000000	2.58597e-08	1900.000000	3.06009e-08	1900.000000	3.05324e-08	1900.000000	3.04729e-08	1900.000000	3.05983e-08	1900.000000	2.63916e-12	
1950.000000	2.5885e-08	1950.000000	3.06121e-08	1950.000000	3.05003e-08	1950.000000	3.04412e-08	1950.000000	3.06096e-08	1950.000000	2.57557e-12	
2000.000000	2.59171e-08	2000.000000	3.06302e-08	2000.000000	3.04732e-08	2000.000000	3.04144e-08	2000.000000	3.06277e-08	2000.000000	2.51505e-12	
2100.000000	2.6e-08   	2100.000000	3.06848e-08	2100.000000	3.04322e-08	2100.000000	3.03739e-08	2100.000000	3.06824e-08	2100.000000	2.40239e-12	
2200.000000	2.61055e-08	2200.000000	3.07613e-08	2200.000000	3.04065e-08	2200.000000	3.03486e-08	2200.000000	3.0759e-08	2200.000000	2.29966e-12	
2300.000000	2.6231e-08	2300.000000	3.08569e-08	2300.000000	3.03936e-08	2300.000000	3.0336e-08	2300.000000	3.08547e-08	2300.000000	2.20559e-12	
2400.000000	2.63741e-08	2400.000000	3.0969e-08	2400.000000	3.03913e-08	2400.000000	3.0334e-08	2400.000000	3.09669e-08	2400.000000	2.11911e-12	
2500.000000	2.65332e-08	2500.000000	3.10958e-08	2500.000000	3.03981e-08	2500.000000	3.03411e-08	2500.000000	3.10938e-08	2500.000000	2.03934e-12	
2600.000000	2.67065e-08	2600.000000	3.12356e-08	2600.000000	3.04125e-08	2600.000000	3.03559e-08	2600.000000	3.12336e-08	2600.000000	1.96552e-12	
2700.000000	2.68929e-08	2700.000000	3.13867e-08	2700.000000	3.04336e-08	2700.000000	3.03773e-08	2700.000000	3.13848e-08	2700.000000	1.897e-12 	
2800.000000	2.70911e-08	2800.000000	3.15482e-08	2800.000000	3.04603e-08	2800.000000	3.04042e-08	2800.000000	3.15463e-08	2800.000000	1.83322e-12	
2900.000000	2.73001e-08	2900.000000	3.17187e-08	2900.000000	3.0492e-08	2900.000000	3.04358e-08	2900.000000	3.1717e-08	2900.000000	1.77371e-12	
3000.000000	2.75191e-08	3000.000000	3.18975e-08	3000.000000	3.05277e-08	3000.000000	3.04716e-08	3000.000000	3.18958e-08	3000.000000	1.71804e-12	
3200.000000	2.79839e-08	3200.000000	3.22766e-08	3200.000000	3.06094e-08	3200.000000	3.05529e-08	3200.000000	3.2275e-08	3200.000000	1.61683e-12	
3400.000000	2.84804e-08	3400.000000	3.268e-08 	3400.000000	3.07012e-08	3400.000000	3.06444e-08	3400.000000	3.26785e-08	3400.000000	1.52718e-12	
3600.000000	2.90047e-08	3600.000000	3.31035e-08	3600.000000	3.08003e-08	3600.000000	3.07433e-08	3600.000000	3.31021e-08	3600.000000	1.44719e-12	
3800.000000	2.95534e-08	3800.000000	3.35439e-08	3800.000000	3.09045e-08	3800.000000	3.08475e-08	3800.000000	3.35425e-08	3800.000000	1.37537e-12	
4000.000000	3.01241e-08	4000.000000	3.39985e-08	4000.000000	3.10122e-08	4000.000000	3.09553e-08	4000.000000	3.39972e-08	4000.000000	1.31053e-12	
4200.000000	3.07147e-08	4200.000000	3.44651e-08	4200.000000	3.11223e-08	4200.000000	3.10655e-08	4200.000000	3.44638e-08	4200.000000	1.25167e-12	
4400.000000	3.13233e-08	4400.000000	3.49419e-08	4400.000000	3.12338e-08	4400.000000	3.11772e-08	4400.000000	3.49407e-08	4400.000000	1.19801e-12	
4600.000000	3.19487e-08	4600.000000	3.54276e-08	4600.000000	3.13462e-08	4600.000000	3.12897e-08	4600.000000	3.54265e-08	4600.000000	1.14888e-12	
4800.000000	3.25895e-08	4800.000000	3.5921e-08	4800.000000	3.14588e-08	4800.000000	3.14025e-08	4800.000000	3.59199e-08	4800.000000	1.10372e-12	
5000.000000	3.32447e-08	5000.000000	3.6421e-08	5000.000000	3.15711e-08	5000.000000	3.1515e-08	5000.000000	3.64199e-08	5000.000000	1.06207e-12	
5250.000000	3.40828e-08	5250.000000	3.7054e-08	5250.000000	3.17108e-08	5250.000000	3.16548e-08	5250.000000	3.7053e-08	5250.000000	1.01434e-12	
5500.000000	3.49407e-08	5500.000000	3.76947e-08	5500.000000	3.18492e-08	5500.000000	3.17933e-08	5500.000000	3.76937e-08	5500.000000	9.7082e-13	
6000.000000	3.67113e-08	6000.000000	3.89946e-08	6000.000000	3.21206e-08	6000.000000	3.20649e-08	6000.000000	3.89937e-08	6000.000000	8.94354e-13	
6500.000000	3.85491e-08	6500.000000	4.03138e-08	6500.000000	3.23837e-08	6500.000000	3.23281e-08	6500.000000	4.0313e-08	6500.000000	8.29324e-13	
7000.000000	4.04489e-08	7000.000000	4.16474e-08	7000.000000	3.26376e-08	7000.000000	3.25821e-08	7000.000000	4.16466e-08	7000.000000	7.73325e-13	
7500.000000	4.24067e-08	7500.000000	4.29916e-08	7500.000000	3.28822e-08	7500.000000	3.28269e-08	7500.000000	4.29909e-08	7500.000000	7.24583e-13	
8000.000000	4.44195e-08	8000.000000	4.43439e-08	8000.000000	3.31179e-08	8000.000000	3.30623e-08	8000.000000	4.43433e-08	8000.000000	6.81764e-13	
8500.000000	4.64849e-08	8500.000000	4.57024e-08	8500.000000	3.3344e-08	8500.000000	3.32889e-08	8500.000000	4.57017e-08	8500.000000	6.43842e-13	
9000.000000	4.86014e-08	9000.000000	4.70654e-08	9000.000000	3.35609e-08	9000.000000	3.35069e-08	9000.000000	4.70648e-08	9000.000000	6.10016e-13	
9500.000000	5.07673e-08	9500.000000	4.84318e-08	9500.000000	3.377e-08 	9500.000000	3.37167e-08	9500.000000	4.84312e-08	9500.000000	5.7965e-13	
10000.000000	5.29817e-08	10000.000000	4.98008e-08	10000.000000	3.39719e-08	10000.000000	3.39189e-08	10000.000000	4.98002e-08	10000.000000	5.52237e-13	
11000.000000	5.75523e-08	11000.000000	5.25434e-08	11000.000000	3.43549e-08	11000.000000	3.43018e-08	11000.000000	5.25429e-08	11000.000000	5.04683e-13	
12000.000000	6.23078e-08	12000.000000	5.52891e-08	12000.000000	3.47121e-08	12000.000000	3.46589e-08	12000.000000	5.52887e-08	12000.000000	4.64844e-13	
13000.000000	6.72447e-08	13000.000000	5.80353e-08	13000.000000	3.5046e-08	13000.000000	3.4993e-08	13000.000000	5.80348e-08	13000.000000	4.3097e-13	
14000.000000	7.23605e-08	14000.000000	6.07801e-08	14000.000000	3.53591e-08	14000.000000	3.53067e-08	14000.000000	6.07797e-08	14000.000000	4.01806e-13	
15000.000000	7.76537e-08	15000.000000	6.35223e-08	15000.000000	3.56538e-08	15000.000000	3.56022e-08	15000.000000	6.35219e-08	15000.000000	3.76425e-13	
16000.000000	8.31232e-08	16000.000000	6.62612e-08	16000.000000	3.59322e-08	16000.000000	3.58813e-08	16000.000000	6.62609e-08	16000.000000	3.54133e-13	
17000.000000	8.87684e-08	17000.000000	6.89963e-08	17000.000000	3.6196e-08	17000.000000	3.61457e-08	17000.000000	6.8996e-08	17000.000000	3.34392e-13	
18000.000000	9.45891e-08	18000.000000	7.17272e-08	18000.000000	3.64466e-08	18000.000000	3.63967e-08	18000.000000	7.17269e-08	18000.000000	3.16786e-13	
19000.000000	1.00585e-07	19000.000000	7.44537e-08	19000.000000	3.66854e-08	19000.000000	3.66357e-08	19000.000000	7.44534e-08	19000.000000	3.00983e-13	
20000.000000	1.06757e-07	20000.000000	7.71757e-08	20000.000000	3.69132e-08	20000.000000	3.68636e-08	20000.000000	7.71754e-08	20000.000000	2.86719e-13	
21000.000000	1.13104e-07	21000.000000	7.98931e-08	21000.000000	3.71311e-08	21000.000000	3.70815e-08	21000.000000	7.98928e-08	21000.000000	2.73776e-13	
22000.000000	1.19627e-07	22000.000000	8.2606e-08	22000.000000	3.73396e-08	22000.000000	3.72902e-08	22000.000000	8.26057e-08	22000.000000	2.61978e-13	
23000.000000	1.26327e-07	23000.000000	8.53143e-08	23000.000000	3.75383e-08	23000.000000	3.74903e-08	23000.000000	8.5314e-08	23000.000000	2.51179e-13	
24000.000000	1.33204e-07	24000.000000	8.8018e-08	24000.000000	3.77292e-08	24000.000000	3.76826e-08	24000.000000	8.80178e-08	24000.000000	2.41256e-13	
25000.000000	1.40259e-07	25000.000000	9.07174e-08	25000.000000	3.79143e-08	25000.000000	3.78677e-08	25000.000000	9.07172e-08	25000.000000	2.32105e-13	
26000.000000	1.47492e-07	26000.000000	9.34124e-08	26000.000000	3.80925e-08	26000.000000	3.80459e-08	26000.000000	9.34122e-08	26000.000000	2.23639e-13	
27000.000000	1.54903e-07	27000.000000	9.61031e-08	27000.000000	3.82635e-08	27000.000000	3.82179e-08	27000.000000	9.61028e-08	27000.000000	2.15784e-13	
28000.000000	1.62495e-07	28000.000000	9.87895e-08	28000.000000	3.84284e-08	28000.000000	3.8384e-08	28000.000000	9.87893e-08	28000.000000	2.08475e-13	
29000.000000	1.70267e-07	29000.000000	1.01472e-07	29000.000000	3.8588e-08	29000.000000	3.85447e-08	29000.000000	1.01472e-07	29000.000000	2.01656e-13	
30000.000000	1.78221e-07	30000.000000	1.0415e-07	30000.000000	3.87427e-08	30000.000000	3.87002e-08	30000.000000	1.0415e-07	30000.000000	1.9528e-13	
32000.000000	1.94676e-07	32000.000000	1.09495e-07	32000.000000	3.90379e-08	32000.000000	3.89971e-08	32000.000000	1.09495e-07	32000.000000	1.83692e-13	
34000.000000	2.11866e-07	34000.000000	1.14825e-07	34000.000000	3.93155e-08	34000.000000	3.92768e-08	34000.000000	1.14825e-07	34000.000000	1.73432e-13	
36000.000000	2.29799e-07	36000.000000	1.2014e-07	36000.000000	3.95779e-08	36000.000000	3.95413e-08	36000.000000	1.2014e-07	36000.000000	1.64282e-13	
38000.000000	2.48482e-07	38000.000000	1.25442e-07	38000.000000	3.98267e-08	38000.000000	3.9792e-08	38000.000000	1.25442e-07	38000.000000	1.56071e-13	
40000.000000	2.67922e-07	40000.000000	1.3073e-07	40000.000000	4.00633e-08	40000.000000	4.00304e-08	40000.000000	1.3073e-07	40000.000000	1.4866e-13	
42000.000000	2.88129e-07	42000.000000	1.36006e-07	42000.000000	4.02886e-08	42000.000000	4.02576e-08	42000.000000	1.36006e-07	42000.000000	1.41936e-13	
44000.000000	3.09109e-07	44000.000000	1.4127e-07	44000.000000	4.05034e-08	44000.000000	4.04747e-08	44000.000000	1.4127e-07	44000.000000	1.35808e-13	
46000.000000	3.30871e-07	46000.000000	1.46522e-07	46000.000000	4.07088e-08	46000.000000	4.06823e-08	46000.000000	1.46522e-07	46000.000000	1.30198e-13	
48000.000000	3.53422e-07	48000.000000	1.51763e-07	48000.000000	4.09054e-08	48000.000000	4.08814e-08	48000.000000	1.51763e-07	48000.000000	1.25045e-13	
50000.000000	3.76772e-07	50000.000000	1.56994e-07	50000.000000	4.10939e-08	50000.000000	4.10726e-08	50000.000000	1.56993e-07	50000.000000	1.20293e-13	
