*Energy (MeV/u)1	0 - [He-base] F.Hubert et al, AD&ND Tables 46(1990)1	Energy (MeV/u)2	1 - [H -base] J.F.Ziegler et al, Pergamon Press, NY (low energy)	Energy (MeV/u)3	2 - ATIMA 1.2  LS-theory (recommended for high energy)	Energy (MeV/u)4	3 - ATIMA 1.2  without LS-correction	Energy (MeV/u)5	4 - electrical component of [1] - J.F.Ziegler et al	Energy (MeV/u)6	5 - nuclear component of [1] - J.F.Ziegler et al	
0.001000	2.17701   	0.001000	0.659824  	0.001000	0.654141  	0.001000	0.654141  	0.001000	0.207258  	0.001000	0.452565  	
0.002000	2.21088   	0.002000	0.700334  	0.002000	0.698325  	0.002000	0.698325  	0.002000	0.287076  	0.002000	0.413259  	
0.005000	2.41421   	0.005000	0.759426  	0.005000	0.769282  	0.005000	0.769282  	0.005000	0.442885  	0.005000	0.31654   	
0.008000	2.63279   	0.008000	0.819435  	0.008000	0.836929  	0.008000	0.836929  	0.008000	0.559997  	0.008000	0.259438  	
0.010000	2.7695    	0.010000	0.862164  	0.010000	0.883486  	0.010000	0.883486  	0.010000	0.629208  	0.010000	0.232957  	
0.015000	3.26288   	0.015000	0.995218  	0.015000	1.00974   	0.015000	1.00974   	0.015000	0.807353  	0.015000	0.187865  	
0.020000	3.74047   	0.020000	1.18195   	0.020000	1.16762   	0.020000	1.16762   	0.020000	1.02287   	0.020000	0.159076  	
0.025000	4.28674   	0.025000	1.3633    	0.025000	1.3349    	0.025000	1.3349    	0.025000	1.22445   	0.025000	0.138847  	
0.030000	4.78776   	0.030000	1.54029   	0.030000	1.53736   	0.030000	1.53736   	0.030000	1.41656   	0.030000	0.123732  	
0.035000	5.23307   	0.035000	1.71418   	0.035000	1.70359   	0.035000	1.70359   	0.035000	1.60224   	0.035000	0.111942  	
0.040000	5.61581   	0.040000	1.88461   	0.040000	1.8534    	0.040000	1.8534    	0.040000	1.78216   	0.040000	0.10245   	
0.045000	5.92888   	0.045000	2.04491   	0.045000	1.99678   	0.045000	1.99678   	0.045000	1.95029   	0.045000	0.0946195 	
0.050000	6.12234   	0.050000	2.19063   	0.050000	2.13693   	0.050000	2.13693   	0.050000	2.1026    	0.050000	0.0880325 	
0.055000	6.45006   	0.055000	2.32582   	0.055000	2.27417   	0.055000	2.27417   	0.055000	2.24342   	0.055000	0.0824038 	
0.060000	6.74007   	0.060000	2.45478   	0.060000	2.40781   	0.060000	2.40781   	0.060000	2.37739   	0.060000	0.0773895 	
0.070000	7.21355   	0.070000	2.69437   	0.070000	2.66192   	0.070000	2.66192   	0.070000	2.6255    	0.070000	0.0688682 	
0.080000	7.71502   	0.080000	2.91573   	0.080000	2.89681   	0.080000	2.89681   	0.080000	2.85316   	0.080000	0.0625649 	
0.090000	8.1267    	0.090000	3.11683   	0.090000	3.11118   	0.090000	3.11118   	0.090000	3.0594    	0.090000	0.0574211 	
0.100000	8.4477    	0.100000	3.29231   	0.100000	3.30592   	0.100000	3.30592   	0.100000	3.23917   	0.100000	0.0531347 	
0.120000	8.66524   	0.120000	3.55792   	0.120000	3.64302   	0.120000	3.64302   	0.120000	3.51155   	0.120000	0.0463784 	
0.140000	8.81184   	0.140000	3.78179   	0.140000	3.92192   	0.140000	3.92192   	0.140000	3.74052   	0.140000	0.0412748 	
0.160000	8.94407   	0.160000	3.97304   	0.160000	4.15475   	0.160000	4.15475   	0.160000	3.93577   	0.160000	0.0372691 	
0.180000	9.08532   	0.180000	4.13957   	0.180000	4.35095   	0.180000	4.35095   	0.180000	4.10555   	0.180000	0.0340264 	
0.200000	9.30834   	0.200000	4.31193   	0.200000	4.51772   	0.200000	4.51772   	0.200000	4.28058   	0.200000	0.031352  	
0.250000	9.55718   	0.250000	4.6651    	0.250000	4.83861   	0.250000	4.83861   	0.250000	4.63879   	0.250000	0.0263156 	
0.300000	9.77876   	0.300000	4.91469   	0.300000	5.0631    	0.300000	5.0631    	0.300000	4.89192   	0.300000	0.0227699 	
0.350000	10.0181   	0.350000	5.12202   	0.350000	5.22299   	0.350000	5.22299   	0.350000	5.10189   	0.350000	0.0201259 	
0.400000	10.2197   	0.400000	5.28223   	0.400000	5.37595   	0.400000	5.37595   	0.400000	5.26416   	0.400000	0.0180717 	
0.450000	10.3597   	0.450000	5.39519   	0.450000	5.52587   	0.450000	5.52587   	0.450000	5.37877   	0.450000	0.0164256 	
0.500000	10.4491   	0.500000	5.4731    	0.500000	5.6353    	0.500000	5.6353    	0.500000	5.45802   	0.500000	0.0150743 	
0.600000	10.2043   	0.600000	5.58867   	0.600000	5.76767   	0.600000	5.76767   	0.600000	5.57568   	0.600000	0.0129821 	
0.700000	9.86033   	0.700000	5.64742   	0.700000	5.82252   	0.700000	5.82252   	0.700000	5.63599   	0.700000	0.0114319 	
0.800000	9.81992   	0.800000	5.66631   	0.800000	5.79681   	0.800000	5.79681   	0.800000	5.65608   	0.800000	0.0102337 	
0.900000	9.72644   	0.900000	5.65382   	0.900000	5.74614   	0.900000	5.74614   	0.900000	5.64455   	0.900000	0.00927754	
1.000000	9.61519   	1.000000	5.63029   	1.000000	5.68156   	1.000000	5.68156   	1.000000	5.6218    	1.000000	0.00849544	
1.250000	9.23222   	1.250000	5.49343   	1.250000	5.48684   	1.250000	5.48684   	1.250000	5.48639   	1.250000	0.00704315	
1.500000	8.7479    	1.500000	5.28699   	1.500000	5.2431    	1.500000	5.2431    	1.500000	5.28095   	1.500000	0.00603733	
1.750000	8.27748   	1.750000	5.07806   	1.750000	5.02221   	1.750000	5.02221   	1.750000	5.07276   	1.750000	0.00529663	
2.000000	7.83012   	2.000000	4.87262   	2.000000	4.82039   	2.000000	4.82039   	2.000000	4.8679    	2.000000	0.00472686	
2.250000	7.43436   	2.250000	4.68422   	2.250000	4.63507   	2.250000	4.63507   	2.250000	4.67995   	2.250000	0.00427402	
2.500000	7.35512   	2.500000	4.50587   	2.500000	4.46425   	2.500000	4.46425   	2.500000	4.50196   	2.500000	0.00390488	
3.000000	6.66809   	3.000000	4.18615   	3.000000	4.15986   	3.000000	4.15986   	3.000000	4.18281   	3.000000	0.00333809	
3.500000	6.101     	3.500000	3.91562   	3.500000	3.89689   	3.500000	3.89689   	3.500000	3.9127    	3.500000	0.00292211	
4.000000	5.62613   	4.000000	3.67936   	4.000000	3.66753   	4.000000	3.66753   	4.000000	3.67675   	4.000000	0.002603  	
4.500000	5.22304   	4.500000	3.4748    	4.500000	3.46576   	4.500000	3.46576   	4.500000	3.47246   	4.500000	0.00234996	
5.000000	4.87671   	5.000000	3.29574   	5.000000	3.28687   	5.000000	3.28687   	5.000000	3.29359   	5.000000	0.0021441 	
5.500000	4.57593   	5.500000	3.13538   	5.500000	3.12714   	5.500000	3.12714   	5.500000	3.13341   	5.500000	0.00197314	
6.000000	4.31222   	6.000000	2.99206   	6.000000	2.98361   	6.000000	2.98361   	6.000000	2.99023   	6.000000	0.00182876	
6.500000	4.07908   	6.500000	2.8629    	6.500000	2.85389   	6.500000	2.85389   	6.500000	2.8612    	6.500000	0.00170511	
7.000000	3.87144   	7.000000	2.74582   	7.000000	2.73604   	7.000000	2.73604   	7.000000	2.74422   	7.000000	0.00159795	
7.500000	3.68529   	7.500000	2.6382    	7.500000	2.62847   	7.500000	2.62847   	7.500000	2.6367    	7.500000	0.00150414	
8.000000	3.51742   	8.000000	2.53969   	8.000000	2.52986   	8.000000	2.52986   	8.000000	2.53827   	8.000000	0.00142128	
8.500000	3.36523   	8.500000	2.44911   	8.500000	2.43911   	8.500000	2.43911   	8.500000	2.44776   	8.500000	0.00134754	
9.000000	3.2266    	9.000000	2.3655    	9.000000	2.3553    	9.000000	2.3553    	9.000000	2.36422   	9.000000	0.00128145	
9.500000	3.09977   	9.500000	2.28805   	9.500000	2.27763   	9.500000	2.27763   	9.500000	2.28682   	9.500000	0.00122188	
10.000000	2.98326   	10.000000	2.23292   	10.000000	2.20545   	10.000000	2.20545   	10.000000	2.23176   	10.000000	0.00116788	
11.000000	2.77653   	11.000000	2.10443   	11.000000	2.07663   	11.000000	2.08172   	11.000000	2.10335   	11.000000	0.00107368	
12.000000	2.59862   	12.000000	1.98962   	12.000000	1.96295   	12.000000	1.97156   	12.000000	1.98862   	12.000000	0.000994234	
13.000000	2.44382   	13.000000	1.88667   	13.000000	1.86188   	13.000000	1.87289   	13.000000	1.88574   	13.000000	0.000926267	
14.000000	2.30785   	14.000000	1.794     	14.000000	1.77132   	14.000000	1.78398   	14.000000	1.79313   	14.000000	0.000867423	
15.000000	2.18742   	15.000000	1.71023   	15.000000	1.68963   	15.000000	1.70343   	15.000000	1.70942   	15.000000	0.000815954	
16.000000	2.07998   	16.000000	1.63421   	16.000000	1.6156    	16.000000	1.63011   	16.000000	1.63344   	16.000000	0.000770533	
17.000000	1.9835    	17.000000	1.56496   	17.000000	1.54821   	17.000000	1.56306   	17.000000	1.56423   	17.000000	0.000730138	
18.000000	1.89638   	18.000000	1.50163   	18.000000	1.48649   	18.000000	1.5015    	18.000000	1.50093   	18.000000	0.000693965	
19.000000	1.81728   	19.000000	1.44352   	19.000000	1.42972   	19.000000	1.44476   	19.000000	1.44286   	19.000000	0.000661374	
20.000000	1.74513   	20.000000	1.39002   	20.000000	1.37733   	20.000000	1.3923    	20.000000	1.38939   	20.000000	0.000631851	
21.000000	1.67905   	21.000000	1.34062   	21.000000	1.32884   	21.000000	1.34364   	21.000000	1.34001   	21.000000	0.000604975	
22.000000	1.61829   	22.000000	1.29487   	22.000000	1.28382   	22.000000	1.29837   	22.000000	1.29429   	22.000000	0.000580399	
23.000000	1.56222   	23.000000	1.25238   	23.000000	1.24191   	23.000000	1.25613   	23.000000	1.25182   	23.000000	0.000557837	
24.000000	1.5103    	24.000000	1.21282   	24.000000	1.20279   	24.000000	1.21664   	24.000000	1.21228   	24.000000	0.000537045	
25.000000	1.4621    	25.000000	1.1759    	25.000000	1.16617   	25.000000	1.17963   	25.000000	1.17538   	25.000000	0.000517821	
27.000000	1.3753    	27.000000	1.109     	27.000000	1.09955   	27.000000	1.11213   	27.000000	1.10852   	27.000000	0.000483404	
29.000000	1.29929   	29.000000	1.04999   	29.000000	1.04043   	29.000000	1.05211   	29.000000	1.04954   	29.000000	0.000453473	
31.000000	1.23216   	31.000000	0.997555  	31.000000	0.988551  	31.000000	0.998825  	31.000000	0.997128  	31.000000	0.000427191	
33.000000	1.1724    	33.000000	0.950656  	33.000000	0.94295   	33.000000	0.951582  	33.000000	0.950252  	33.000000	0.000403919	
35.000000	1.11884   	35.000000	0.908458  	35.000000	0.901873  	35.000000	0.909184  	35.000000	0.908075  	35.000000	0.000383163	
38.000000	1.04816   	38.000000	0.852537  	38.000000	0.847497  	38.000000	0.853128  	38.000000	0.852181  	38.000000	0.000355905	
41.000000	0.986947  	41.000000	0.803917  	41.000000	0.800137  	41.000000	0.804489  	41.000000	0.803585  	41.000000	0.000332425	
44.000000	0.933387  	44.000000	0.761251  	44.000000	0.758564  	44.000000	0.761861  	44.000000	0.760939  	44.000000	0.000311979	
47.000000	0.886109  	47.000000	0.723503  	47.000000	0.721688  	47.000000	0.724175  	47.000000	0.723209  	47.000000	0.000294005	
50.000000	0.84405   	50.000000	0.689863  	50.000000	0.688787  	50.000000	0.690604  	50.000000	0.689585  	50.000000	0.000278076	
55.000000	0.783364  	55.000000	0.641244  	55.000000	0.641078  	55.000000	0.64209   	55.000000	0.640989  	55.000000	0.000255192	
60.000000	0.732036  	60.000000	0.600067  	60.000000	0.600698  	60.000000	0.600986  	60.000000	0.599831  	60.000000	0.000235931	
65.000000	0.688019  	65.000000	0.564732  	65.000000	0.565894  	65.000000	0.565691  	65.000000	0.564513  	65.000000	0.000219485	
70.000000	0.64983   	70.000000	0.534069  	70.000000	0.53557   	70.000000	0.535035  	70.000000	0.533863  	70.000000	0.000205271	
75.000000	0.616362  	75.000000	0.5072    	75.000000	0.509011  	75.000000	0.508148  	75.000000	0.507007  	75.000000	0.000192858	
80.000000	0.586774  	80.000000	0.483457  	80.000000	0.485442  	80.000000	0.484364  	80.000000	0.483275  	80.000000	0.00018192	
85.000000	0.560416  	85.000000	0.462319  	85.000000	0.464422  	85.000000	0.463169  	85.000000	0.462147  	85.000000	0.000172204	
90.000000	0.536775  	90.000000	0.443377  	90.000000	0.445559  	90.000000	0.444156  	90.000000	0.443213  	90.000000	0.000163516	
95.000000	0.515444  	95.000000	0.426301  	95.000000	0.428533  	95.000000	0.427     	95.000000	0.426146  	95.000000	0.000155696	
100.000000	0.496091  	100.000000	0.410828  	100.000000	0.413084  	100.000000	0.411438  	100.000000	0.410679  	100.000000	0.000148621	
105.000000	0.47845   	105.000000	0.396739  	105.000000	0.399006  	105.000000	0.397256  	105.000000	0.396597  	105.000000	0.000142186	
110.000000	0.462296  	110.000000	0.383855  	110.000000	0.386062  	110.000000	0.384276  	110.000000	0.383719  	110.000000	0.000136308	
115.000000	0.447445  	115.000000	0.372027  	115.000000	0.374201  	115.000000	0.372351  	115.000000	0.371896  	115.000000	0.000130915	
120.000000	0.433742  	120.000000	0.361129  	120.000000	0.36326   	120.000000	0.361354  	120.000000	0.361003  	120.000000	0.000125951	
125.000000	0.421056  	125.000000	0.351055  	125.000000	0.353097  	125.000000	0.351181  	125.000000	0.350933  	125.000000	0.000121364	
130.000000	0.409275  	130.000000	0.341713  	130.000000	0.343678  	130.000000	0.341743  	130.000000	0.341596  	130.000000	0.000117114	
135.000000	0.398302  	135.000000	0.333027  	135.000000	0.334949  	135.000000	0.33296   	135.000000	0.332914  	135.000000	0.000113163	
140.000000	0.388056  	140.000000	0.324929  	140.000000	0.326786  	140.000000	0.324769  	140.000000	0.32482   	140.000000	0.00010948	
145.000000	0.378465  	145.000000	0.317362  	145.000000	0.31913   	145.000000	0.317109  	145.000000	0.317255  	145.000000	0.00010604	
150.000000	0.369466  	150.000000	0.310273  	150.000000	0.311961  	150.000000	0.309931  	150.000000	0.31017   	150.000000	0.000102817	
155.000000	0.35679   	155.000000	0.30362   	155.000000	0.305228  	155.000000	0.30319   	155.000000	0.30352   	155.000000	9.97932e-05	
160.000000	0.349363  	160.000000	0.297362  	160.000000	0.298892  	160.000000	0.296849  	160.000000	0.297266  	160.000000	9.6949e-05	
165.000000	0.342358  	165.000000	0.291467  	165.000000	0.292919  	165.000000	0.290871  	165.000000	0.291372  	165.000000	9.4269e-05	
170.000000	0.33574   	170.000000	0.285902  	170.000000	0.287279  	170.000000	0.285227  	170.000000	0.28581   	170.000000	9.17391e-05	
175.000000	0.329478  	175.000000	0.280641  	175.000000	0.281944  	175.000000	0.279889  	175.000000	0.280551  	175.000000	8.9347e-05	
180.000000	0.323543  	180.000000	0.275659  	180.000000	0.276891  	180.000000	0.274834  	180.000000	0.275572  	180.000000	8.70815e-05	
185.000000	0.31791   	185.000000	0.270935  	185.000000	0.272098  	185.000000	0.270039  	185.000000	0.27085   	185.000000	8.49327e-05	
190.000000	0.312556  	190.000000	0.26645   	190.000000	0.267544  	190.000000	0.265485  	190.000000	0.266367  	190.000000	8.28917e-05	
195.000000	0.30746   	195.000000	0.262185  	195.000000	0.263217  	195.000000	0.261154  	195.000000	0.262104  	195.000000	8.09504e-05	
200.000000	0.302605  	200.000000	0.258125  	200.000000	0.259096  	200.000000	0.257031  	200.000000	0.258046  	200.000000	7.91017e-05	
210.000000	0.29355   	210.000000	0.250563  	210.000000	0.251381  	210.000000	0.249349  	210.000000	0.250487  	210.000000	7.56561e-05	
220.000000	0.285274  	220.000000	0.243663  	220.000000	0.244364  	220.000000	0.24234   	220.000000	0.243591  	220.000000	7.25095e-05	
230.000000	0.277679  	230.000000	0.237344  	230.000000	0.237942  	230.000000	0.235918  	230.000000	0.237274  	230.000000	6.96241e-05	
240.000000	0.270684  	240.000000	0.231534  	240.000000	0.232039  	240.000000	0.230014  	240.000000	0.231467  	240.000000	6.69683e-05	
250.000000	0.26422   	250.000000	0.226174  	250.000000	0.226572  	250.000000	0.224569  	250.000000	0.22611   	250.000000	6.45153e-05	
260.000000	0.258229  	260.000000	0.221216  	260.000000	0.221513  	260.000000	0.219531  	260.000000	0.221154  	260.000000	6.22425e-05	
270.000000	0.252661  	270.000000	0.216615  	270.000000	0.216842  	270.000000	0.214858  	270.000000	0.216555  	270.000000	6.01305e-05	
280.000000	0.247473  	280.000000	0.212335  	280.000000	0.212491  	280.000000	0.210511  	280.000000	0.212277  	280.000000	5.81625e-05	
290.000000	0.242627  	290.000000	0.208344  	290.000000	0.208413  	290.000000	0.206458  	290.000000	0.208288  	290.000000	5.63242e-05	
300.000000	0.23809   	300.000000	0.204614  	300.000000	0.204616  	300.000000	0.202672  	300.000000	0.20456   	300.000000	5.46029e-05	
310.000000	0.233834  	310.000000	0.201121  	310.000000	0.201066  	310.000000	0.199127  	310.000000	0.201068  	310.000000	5.29878e-05	
320.000000	0.229833  	320.000000	0.197842  	320.000000	0.197717  	320.000000	0.1958    	320.000000	0.197791  	320.000000	5.14691e-05	
330.000000	0.226067  	330.000000	0.19476   	330.000000	0.194579  	330.000000	0.192674  	330.000000	0.19471   	330.000000	5.00383e-05	
340.000000	0.222514  	340.000000	0.191857  	340.000000	0.191637  	340.000000	0.189731  	340.000000	0.191809  	340.000000	4.8688e-05	
350.000000	0.219158  	350.000000	0.189119  	350.000000	0.188861  	350.000000	0.186956  	350.000000	0.189072  	350.000000	4.74114e-05	
360.000000	0.215982  	360.000000	0.186532  	360.000000	0.186227  	360.000000	0.184334  	360.000000	0.186486  	360.000000	4.62026e-05	
370.000000	0.212974  	370.000000	0.184085  	370.000000	0.183732  	370.000000	0.181859  	370.000000	0.18404   	370.000000	4.50563e-05	
380.000000	0.21012   	380.000000	0.181767  	380.000000	0.181382  	380.000000	0.179515  	380.000000	0.181723  	380.000000	4.39676e-05	
390.000000	0.207409  	390.000000	0.179568  	390.000000	0.179159  	390.000000	0.177293  	390.000000	0.179525  	390.000000	4.29323e-05	
400.000000	0.204831  	400.000000	0.17748   	400.000000	0.177038  	400.000000	0.175185  	400.000000	0.177438  	400.000000	4.19465e-05	
410.000000	0.202377  	410.000000	0.175494  	410.000000	0.175018  	410.000000	0.173181  	410.000000	0.175453  	410.000000	4.10067e-05	
420.000000	0.200038  	420.000000	0.173604  	420.000000	0.173103  	420.000000	0.171275  	420.000000	0.173564  	420.000000	4.01097e-05	
430.000000	0.197806  	430.000000	0.171803  	430.000000	0.171282  	430.000000	0.16946   	430.000000	0.171764  	430.000000	3.92525e-05	
440.000000	0.195675  	440.000000	0.170086  	440.000000	0.169545  	440.000000	0.16773   	440.000000	0.170047  	440.000000	3.84327e-05	
450.000000	0.193639  	450.000000	0.168446  	450.000000	0.167887  	450.000000	0.166081  	450.000000	0.168409  	450.000000	3.76476e-05	
460.000000	0.19169   	460.000000	0.16688   	460.000000	0.166299  	460.000000	0.164506  	460.000000	0.166843  	460.000000	3.68953e-05	
470.000000	0.189825  	470.000000	0.165382  	470.000000	0.164782  	470.000000	0.163001  	470.000000	0.165346  	470.000000	3.61735e-05	
480.000000	0.188038  	480.000000	0.163948  	480.000000	0.163336  	480.000000	0.161562  	480.000000	0.163913  	480.000000	3.54805e-05	
490.000000	0.186324  	490.000000	0.162575  	490.000000	0.161957  	490.000000	0.160184  	490.000000	0.16254   	490.000000	3.48146e-05	
500.000000	0.18468   	500.000000	0.161259  	500.000000	0.160635  	500.000000	0.158864  	500.000000	0.161225  	500.000000	3.41742e-05	
520.000000	0.181584  	520.000000	0.158785  	520.000000	0.158136  	520.000000	0.156385  	520.000000	0.158752  	520.000000	3.29641e-05	
540.000000	0.178723  	540.000000	0.156503  	540.000000	0.155841  	540.000000	0.154101  	540.000000	0.156471  	540.000000	3.18398e-05	
560.000000	0.176073  	560.000000	0.154394  	560.000000	0.153728  	560.000000	0.151991  	560.000000	0.154363  	560.000000	3.07925e-05	
580.000000	0.173613  	580.000000	0.152439  	580.000000	0.151759  	580.000000	0.150038  	580.000000	0.152409  	580.000000	2.98143e-05	
600.000000	0.171325  	600.000000	0.150623  	600.000000	0.149928  	600.000000	0.148226  	600.000000	0.150594  	600.000000	2.88986e-05	
620.000000	0.169192  	620.000000	0.148935  	620.000000	0.148232  	620.000000	0.146543  	620.000000	0.148907  	620.000000	2.80395e-05	
640.000000	0.167202  	640.000000	0.147361  	640.000000	0.146662  	640.000000	0.144975  	640.000000	0.147334  	640.000000	2.72318e-05	
660.000000	0.165343  	660.000000	0.145892  	660.000000	0.145194  	660.000000	0.143513  	660.000000	0.145866  	660.000000	2.64711e-05	
680.000000	0.163602  	680.000000	0.14452   	680.000000	0.143816  	680.000000	0.142147  	680.000000	0.144494  	680.000000	2.57532e-05	
700.000000	0.161971  	700.000000	0.143235  	700.000000	0.142528  	700.000000	0.140869  	700.000000	0.14321   	700.000000	2.50747e-05	
720.000000	0.16044   	720.000000	0.142031  	720.000000	0.141328  	720.000000	0.139672  	720.000000	0.142006  	720.000000	2.44322e-05	
740.000000	0.159003  	740.000000	0.140901  	740.000000	0.140203  	740.000000	0.138549  	740.000000	0.140877  	740.000000	2.38231e-05	
760.000000	0.157652  	760.000000	0.13984   	760.000000	0.139141  	760.000000	0.137495  	760.000000	0.139816  	760.000000	2.32447e-05	
780.000000	0.15638   	780.000000	0.138842  	780.000000	0.138138  	780.000000	0.136504  	780.000000	0.138819  	780.000000	2.26947e-05	
800.000000	0.155183  	800.000000	0.137903  	800.000000	0.137194  	800.000000	0.135571  	800.000000	0.137881  	800.000000	2.21711e-05	
820.000000	0.154055  	820.000000	0.137019  	820.000000	0.136306  	820.000000	0.134692  	820.000000	0.136998  	820.000000	2.1672e-05	
840.000000	0.152992  	840.000000	0.136186  	840.000000	0.135472  	840.000000	0.133863  	840.000000	0.136165  	840.000000	2.11956e-05	
860.000000	0.151988  	860.000000	0.1354    	860.000000	0.134688  	860.000000	0.133081  	860.000000	0.13538   	860.000000	2.07405e-05	
880.000000	0.151041  	880.000000	0.134659  	880.000000	0.133948  	880.000000	0.132342  	880.000000	0.134639  	880.000000	2.03053e-05	
900.000000	0.150147  	900.000000	0.133959  	900.000000	0.133246  	900.000000	0.131643  	900.000000	0.133939  	900.000000	1.98886e-05	
920.000000	0.149302  	920.000000	0.133297  	920.000000	0.13258   	920.000000	0.130983  	920.000000	0.133278  	920.000000	1.94892e-05	
940.000000	0.148504  	940.000000	0.132672  	940.000000	0.131947  	940.000000	0.130357  	940.000000	0.132653  	940.000000	1.91062e-05	
960.000000	0.147749  	960.000000	0.132081  	960.000000	0.131347  	960.000000	0.129765  	960.000000	0.132063  	960.000000	1.87385e-05	
980.000000	0.147036  	980.000000	0.131522  	980.000000	0.130778  	980.000000	0.129203  	980.000000	0.131504  	980.000000	1.83851e-05	
1000.000000	0.146362  	1000.000000	0.130994  	1000.000000	0.130239  	1000.000000	0.128671  	1000.000000	0.130976  	1000.000000	1.80454e-05	
1020.000000	0.145724  	1020.000000	0.130493  	1020.000000	0.12973   	1020.000000	0.128165  	1020.000000	0.130476  	1020.000000	1.77184e-05	
1040.000000	0.145121  	1040.000000	0.13002   	1040.000000	0.129247  	1040.000000	0.127686  	1040.000000	0.130003  	1040.000000	1.74035e-05	
1060.000000	0.144552  	1060.000000	0.129572  	1060.000000	0.128791  	1060.000000	0.12723   	1060.000000	0.129555  	1060.000000	1.70999e-05	
1080.000000	0.144013  	1080.000000	0.129148  	1080.000000	0.128357  	1080.000000	0.126797  	1080.000000	0.129131  	1080.000000	1.68072e-05	
1100.000000	0.143504  	1100.000000	0.128746  	1100.000000	0.127945  	1100.000000	0.126386  	1100.000000	0.12873   	1100.000000	1.65247e-05	
1120.000000	0.143024  	1120.000000	0.128366  	1120.000000	0.127551  	1120.000000	0.125995  	1120.000000	0.12835   	1120.000000	1.62518e-05	
1140.000000	0.14257   	1140.000000	0.128007  	1140.000000	0.127175  	1140.000000	0.125623  	1140.000000	0.127991  	1140.000000	1.59882e-05	
1160.000000	0.142141  	1160.000000	0.127667  	1160.000000	0.126817  	1160.000000	0.125269  	1160.000000	0.127651  	1160.000000	1.57332e-05	
1180.000000	0.141737  	1180.000000	0.127345  	1180.000000	0.126475  	1180.000000	0.124932  	1180.000000	0.12733   	1180.000000	1.54866e-05	
1200.000000	0.141356  	1200.000000	0.127041  	1200.000000	0.12615   	1200.000000	0.124611  	1200.000000	0.127026  	1200.000000	1.52479e-05	
1220.000000	0.140997  	1220.000000	0.126753  	1220.000000	0.12584   	1220.000000	0.124306  	1220.000000	0.126738  	1220.000000	1.50166e-05	
1240.000000	0.140659  	1240.000000	0.126482  	1240.000000	0.125545  	1240.000000	0.124015  	1240.000000	0.126467  	1240.000000	1.47925e-05	
1260.000000	0.140341  	1260.000000	0.126225  	1260.000000	0.125264  	1260.000000	0.123738  	1260.000000	0.12621   	1260.000000	1.45753e-05	
1280.000000	0.140043  	1280.000000	0.125983  	1280.000000	0.124997  	1280.000000	0.123474  	1280.000000	0.125968  	1280.000000	1.43646e-05	
1300.000000	0.139763  	1300.000000	0.125754  	1300.000000	0.124742  	1300.000000	0.123222  	1300.000000	0.12574   	1300.000000	1.41601e-05	
1320.000000	0.1395    	1320.000000	0.125539  	1320.000000	0.1245    	1320.000000	0.122983  	1320.000000	0.125525  	1320.000000	1.39615e-05	
1340.000000	0.139254  	1340.000000	0.125337  	1340.000000	0.12427   	1340.000000	0.122754  	1340.000000	0.125323  	1340.000000	1.37686e-05	
1360.000000	0.139025  	1360.000000	0.125146  	1360.000000	0.124051  	1360.000000	0.122537  	1360.000000	0.125132  	1360.000000	1.35812e-05	
1380.000000	0.138811  	1380.000000	0.124967  	1380.000000	0.123842  	1380.000000	0.122329  	1380.000000	0.124953  	1380.000000	1.3399e-05	
1400.000000	0.138612  	1400.000000	0.124799  	1400.000000	0.123643  	1400.000000	0.122132  	1400.000000	0.124785  	1400.000000	1.32218e-05	
1420.000000	0.138428  	1420.000000	0.124641  	1420.000000	0.123453  	1420.000000	0.121943  	1420.000000	0.124628  	1420.000000	1.30494e-05	
1440.000000	0.138257  	1440.000000	0.124494  	1440.000000	0.123272  	1440.000000	0.121764  	1440.000000	0.124481  	1440.000000	1.28816e-05	
1460.000000	0.138099  	1460.000000	0.124356  	1460.000000	0.1231    	1460.000000	0.121593  	1460.000000	0.124343  	1460.000000	1.27182e-05	
1480.000000	0.137955  	1480.000000	0.124228  	1480.000000	0.122935  	1480.000000	0.12143   	1480.000000	0.124215  	1480.000000	1.2559e-05	
1500.000000	0.137822  	1500.000000	0.124109  	1500.000000	0.122778  	1500.000000	0.121275  	1500.000000	0.124096  	1500.000000	1.24039e-05	
1520.000000	0.137702  	1520.000000	0.123998  	1520.000000	0.122629  	1520.000000	0.121127  	1520.000000	0.123986  	1520.000000	1.22528e-05	
1540.000000	0.137593  	1540.000000	0.123895  	1540.000000	0.122486  	1540.000000	0.120986  	1540.000000	0.123883  	1540.000000	1.21054e-05	
1560.000000	0.137495  	1560.000000	0.123801  	1560.000000	0.12235   	1560.000000	0.120852  	1560.000000	0.123789  	1560.000000	1.19616e-05	
1580.000000	0.137407  	1580.000000	0.123714  	1580.000000	0.122221  	1580.000000	0.120725  	1580.000000	0.123702  	1580.000000	1.18214e-05	
1600.000000	0.13733   	1600.000000	0.123635  	1600.000000	0.122098  	1600.000000	0.120603  	1600.000000	0.123623  	1600.000000	1.16845e-05	
1620.000000	0.137263  	1620.000000	0.123563  	1620.000000	0.121981  	1620.000000	0.120488  	1620.000000	0.123551  	1620.000000	1.15508e-05	
1640.000000	0.137205  	1640.000000	0.123497  	1640.000000	0.121869  	1640.000000	0.120378  	1640.000000	0.123486  	1640.000000	1.14203e-05	
1660.000000	0.137157  	1660.000000	0.123438  	1660.000000	0.121763  	1660.000000	0.120274  	1660.000000	0.123427  	1660.000000	1.12928e-05	
1680.000000	0.137118  	1680.000000	0.123386  	1680.000000	0.121662  	1680.000000	0.120175  	1680.000000	0.123375  	1680.000000	1.11682e-05	
1700.000000	0.137087  	1700.000000	0.12334   	1700.000000	0.121566  	1700.000000	0.120081  	1700.000000	0.123329  	1700.000000	1.10464e-05	
1750.000000	0.137047  	1750.000000	0.12325   	1750.000000	0.121347  	1750.000000	0.119867  	1750.000000	0.123239  	1750.000000	1.07537e-05	
1800.000000	0.137055  	1800.000000	0.123194  	1800.000000	0.121156  	1800.000000	0.11968   	1800.000000	0.123184  	1800.000000	1.04767e-05	
1850.000000	0.137108  	1850.000000	0.12317   	1850.000000	0.120989  	1850.000000	0.119518  	1850.000000	0.12316   	1850.000000	1.0214e-05	
1900.000000	0.137203  	1900.000000	0.123174  	1900.000000	0.120845  	1900.000000	0.119378  	1900.000000	0.123164  	1900.000000	9.96459e-06	
1950.000000	0.137337  	1950.000000	0.123206  	1950.000000	0.120722  	1950.000000	0.119258  	1950.000000	0.123196  	1950.000000	9.72751e-06	
2000.000000	0.137508  	2000.000000	0.123262  	2000.000000	0.120618  	2000.000000	0.119157  	2000.000000	0.123252  	2000.000000	9.50182e-06	
2100.000000	0.137948  	2100.000000	0.123441  	2100.000000	0.12046   	2100.000000	0.119004  	2100.000000	0.123432  	2100.000000	9.08147e-06	
2200.000000	0.138508  	2200.000000	0.123699  	2200.000000	0.120361  	2200.000000	0.118908  	2200.000000	0.12369   	2200.000000	8.69791e-06	
2300.000000	0.139173  	2300.000000	0.124027  	2300.000000	0.120309  	2300.000000	0.118859  	2300.000000	0.124018  	2300.000000	8.34646e-06	
2400.000000	0.139933  	2400.000000	0.124414  	2400.000000	0.120297  	2400.000000	0.118849  	2400.000000	0.124406  	2400.000000	8.02321e-06	
2500.000000	0.140777  	2500.000000	0.124855  	2500.000000	0.120319  	2500.000000	0.118873  	2500.000000	0.124848  	2500.000000	7.72485e-06	
2600.000000	0.141697  	2600.000000	0.125343  	2600.000000	0.120369  	2600.000000	0.118925  	2600.000000	0.125336  	2600.000000	7.4486e-06	
2700.000000	0.142685  	2700.000000	0.125873  	2700.000000	0.120443  	2700.000000	0.119002  	2700.000000	0.125866  	2700.000000	7.19205e-06	
2800.000000	0.143737  	2800.000000	0.126439  	2800.000000	0.120537  	2800.000000	0.119099  	2800.000000	0.126433  	2800.000000	6.95315e-06	
2900.000000	0.144846  	2900.000000	0.127039  	2900.000000	0.120649  	2900.000000	0.119213  	2900.000000	0.127033  	2900.000000	6.73011e-06	
3000.000000	0.146008  	3000.000000	0.127669  	3000.000000	0.120776  	3000.000000	0.119342  	3000.000000	0.127663  	3000.000000	6.5214e-06	
3200.000000	0.148474  	3200.000000	0.129007  	3200.000000	0.121065  	3200.000000	0.119636  	3200.000000	0.129     	3200.000000	6.14169e-06	
3400.000000	0.151108  	3400.000000	0.130432  	3400.000000	0.121392  	3400.000000	0.119966  	3400.000000	0.130427  	3400.000000	5.80507e-06	
3600.000000	0.15389   	3600.000000	0.131931  	3600.000000	0.121744  	3600.000000	0.120323  	3600.000000	0.131926  	3600.000000	5.50451e-06	
3800.000000	0.156801  	3800.000000	0.133492  	3800.000000	0.122116  	3800.000000	0.120697  	3800.000000	0.133486  	3800.000000	5.23447e-06	
4000.000000	0.159829  	4000.000000	0.135103  	4000.000000	0.122499  	4000.000000	0.121084  	4000.000000	0.135099  	4000.000000	4.99048e-06	
4200.000000	0.162962  	4200.000000	0.136759  	4200.000000	0.122891  	4200.000000	0.121478  	4200.000000	0.136754  	4200.000000	4.7689e-06	
4400.000000	0.166192  	4400.000000	0.138452  	4400.000000	0.123288  	4400.000000	0.121877  	4400.000000	0.138447  	4400.000000	4.56674e-06	
4600.000000	0.16951   	4600.000000	0.140177  	4600.000000	0.123686  	4600.000000	0.122278  	4600.000000	0.140173  	4600.000000	4.38155e-06	
4800.000000	0.172909  	4800.000000	0.14193   	4800.000000	0.124085  	4800.000000	0.122679  	4800.000000	0.141926  	4800.000000	4.21124e-06	
5000.000000	0.176386  	5000.000000	0.143707  	5000.000000	0.124481  	5000.000000	0.123077  	5000.000000	0.143703  	5000.000000	4.05408e-06	
5250.000000	0.180833  	5250.000000	0.145958  	5250.000000	0.124973  	5250.000000	0.123572  	5250.000000	0.145954  	5250.000000	3.87388e-06	
5500.000000	0.185384  	5500.000000	0.148236  	5500.000000	0.125459  	5500.000000	0.12406   	5500.000000	0.148233  	5500.000000	3.70949e-06	
6000.000000	0.194778  	6000.000000	0.152861  	6000.000000	0.126408  	6000.000000	0.125013  	6000.000000	0.152858  	6000.000000	3.42041e-06	
6500.000000	0.20453   	6500.000000	0.157557  	6500.000000	0.127323  	6500.000000	0.125931  	6500.000000	0.157554  	6500.000000	3.17433e-06	
7000.000000	0.214609  	7000.000000	0.162304  	7000.000000	0.128202  	7000.000000	0.126813  	7000.000000	0.162301  	7000.000000	2.96223e-06	
7500.000000	0.224996  	7500.000000	0.167091  	7500.000000	0.129045  	7500.000000	0.127658  	7500.000000	0.167089  	7500.000000	2.77746e-06	
8000.000000	0.235676  	8000.000000	0.171908  	8000.000000	0.129853  	8000.000000	0.128467  	8000.000000	0.171905  	8000.000000	2.61502e-06	
8500.000000	0.246634  	8500.000000	0.176747  	8500.000000	0.130624  	8500.000000	0.129241  	8500.000000	0.176745  	8500.000000	2.47106e-06	
9000.000000	0.257864  	9000.000000	0.181603  	9000.000000	0.131361  	9000.000000	0.129983  	9000.000000	0.181601  	9000.000000	2.34256e-06	
9500.000000	0.269355  	9500.000000	0.186472  	9500.000000	0.132067  	9500.000000	0.130693  	9500.000000	0.18647   	9500.000000	2.22713e-06	
10000.000000	0.281104  	10000.000000	0.19135   	10000.000000	0.132746  	10000.000000	0.131375  	10000.000000	0.191348  	10000.000000	2.12287e-06	
11000.000000	0.305355  	11000.000000	0.201124  	11000.000000	0.134026  	11000.000000	0.132659  	11000.000000	0.201122  	11000.000000	1.94186e-06	
12000.000000	0.330586  	12000.000000	0.210911  	12000.000000	0.135207  	12000.000000	0.133846  	12000.000000	0.210909  	12000.000000	1.79006e-06	
13000.000000	0.356779  	13000.000000	0.220699  	13000.000000	0.136303  	13000.000000	0.134949  	13000.000000	0.220698  	13000.000000	1.66088e-06	
14000.000000	0.383922  	14000.000000	0.230484  	14000.000000	0.137324  	14000.000000	0.135978  	14000.000000	0.230482  	14000.000000	1.54956e-06	
15000.000000	0.412006  	15000.000000	0.24026   	15000.000000	0.138278  	15000.000000	0.13694   	15000.000000	0.240259  	15000.000000	1.45262e-06	
16000.000000	0.441025  	16000.000000	0.250025  	16000.000000	0.139173  	16000.000000	0.137844  	16000.000000	0.250023  	16000.000000	1.3674e-06	
17000.000000	0.470977  	17000.000000	0.259776  	17000.000000	0.140015  	17000.000000	0.138695  	17000.000000	0.259775  	17000.000000	1.2919e-06	
18000.000000	0.50186   	18000.000000	0.269513  	18000.000000	0.14081   	18000.000000	0.139499  	18000.000000	0.269512  	18000.000000	1.22452e-06	
19000.000000	0.533673  	19000.000000	0.279234  	19000.000000	0.141562  	19000.000000	0.140261  	19000.000000	0.279233  	19000.000000	1.164e-06 	
20000.000000	0.566417  	20000.000000	0.28894   	20000.000000	0.142276  	20000.000000	0.140984  	20000.000000	0.288938  	20000.000000	1.10935e-06	
21000.000000	0.600093  	21000.000000	0.298629  	21000.000000	0.142955  	21000.000000	0.141671  	21000.000000	0.298628  	21000.000000	1.05973e-06	
22000.000000	0.634704  	22000.000000	0.308302  	22000.000000	0.143603  	22000.000000	0.142327  	22000.000000	0.308301  	22000.000000	1.01449e-06	
23000.000000	0.670251  	23000.000000	0.317959  	23000.000000	0.144215  	23000.000000	0.142953  	23000.000000	0.317958  	23000.000000	9.73051e-07	
24000.000000	0.706738  	24000.000000	0.327601  	24000.000000	0.1448    	24000.000000	0.143552  	24000.000000	0.3276    	24000.000000	9.34959e-07	
25000.000000	0.744168  	25000.000000	0.337226  	25000.000000	0.145364  	25000.000000	0.144126  	25000.000000	0.337225  	25000.000000	8.99818e-07	
26000.000000	0.782543  	26000.000000	0.346836  	26000.000000	0.145904  	26000.000000	0.144678  	26000.000000	0.346835  	26000.000000	8.67295e-07	
27000.000000	0.821869  	27000.000000	0.356431  	27000.000000	0.146421  	27000.000000	0.145207  	27000.000000	0.35643   	27000.000000	8.37105e-07	
28000.000000	0.862148  	28000.000000	0.366011  	28000.000000	0.146917  	28000.000000	0.145718  	28000.000000	0.36601   	28000.000000	8.09004e-07	
29000.000000	0.903385  	29000.000000	0.375576  	29000.000000	0.147394  	29000.000000	0.146209  	29000.000000	0.375575  	29000.000000	7.8278e-07	
30000.000000	0.945585  	30000.000000	0.385127  	30000.000000	0.147854  	30000.000000	0.146683  	30000.000000	0.385126  	30000.000000	7.5825e-07	
32000.000000	1.03289   	32000.000000	0.404187  	32000.000000	0.148727  	32000.000000	0.147585  	32000.000000	0.404186  	32000.000000	7.13648e-07	
34000.000000	1.12409   	34000.000000	0.423193  	34000.000000	0.149543  	34000.000000	0.148429  	34000.000000	0.423193  	34000.000000	6.74133e-07	
36000.000000	1.21924   	36000.000000	0.442149  	36000.000000	0.150305  	36000.000000	0.149223  	36000.000000	0.442148  	36000.000000	6.38877e-07	
38000.000000	1.31836   	38000.000000	0.461055  	38000.000000	0.151017  	38000.000000	0.149972  	38000.000000	0.461054  	38000.000000	6.07219e-07	
40000.000000	1.42151   	40000.000000	0.479914  	40000.000000	0.151686  	40000.000000	0.15068   	40000.000000	0.479914  	40000.000000	5.7863e-07	
42000.000000	1.52872   	42000.000000	0.498729  	42000.000000	0.152318  	42000.000000	0.151353  	42000.000000	0.498728  	42000.000000	5.52683e-07	
44000.000000	1.64003   	44000.000000	0.5175    	44000.000000	0.152917  	44000.000000	0.151992  	44000.000000	0.5175    	44000.000000	5.29022e-07	
46000.000000	1.75549   	46000.000000	0.536231  	46000.000000	0.153489  	46000.000000	0.152601  	46000.000000	0.53623   	46000.000000	5.07357e-07	
48000.000000	1.87515   	48000.000000	0.554921  	48000.000000	0.154033  	48000.000000	0.153183  	48000.000000	0.554921  	48000.000000	4.87443e-07	
50000.000000	1.99903   	50000.000000	0.573574  	50000.000000	0.154551  	50000.000000	0.153739  	50000.000000	0.573574  	50000.000000	4.69074e-07	
