*Energy (MeV/u)1	0 - [He-base] F.Hubert et al, AD&ND Tables 46(1990)1	Energy (MeV/u)2	1 - [H -base] J.F.Ziegler et al, Pergamon Press, NY (low energy)	Energy (MeV/u)3	2 - ATIMA 1.2  LS-theory (recommended for high energy)	Energy (MeV/u)4	3 - ATIMA 1.2  without LS-correction	Energy (MeV/u)5	4 - electrical component of [1] - J.F.Ziegler et al	Energy (MeV/u)6	5 - nuclear component of [1] - J.F.Ziegler et al	
0.001000	0.251485  	0.001000	0.233371  	0.001000	0.197724  	0.001000	0.197724  	0.001000	0.149835  	0.001000	0.0835355 	
0.002000	0.276266  	0.002000	0.254104  	0.002000	0.221277  	0.002000	0.221277  	0.002000	0.194313  	0.002000	0.0597913 	
0.005000	0.339842  	0.005000	0.308625  	0.005000	0.289968  	0.005000	0.289968  	0.005000	0.273986  	0.005000	0.034639  	
0.008000	0.389588  	0.008000	0.35207   	0.008000	0.348245  	0.008000	0.348245  	0.008000	0.326793  	0.008000	0.0252762 	
0.010000	0.417683  	0.010000	0.376935  	0.010000	0.382709  	0.010000	0.382709  	0.010000	0.355316  	0.010000	0.0216196 	
0.015000	0.489117  	0.015000	0.436449  	0.015000	0.440758  	0.015000	0.440758  	0.015000	0.420469  	0.015000	0.0159797 	
0.020000	0.546353  	0.020000	0.494499  	0.020000	0.489555  	0.020000	0.489555  	0.020000	0.481608  	0.020000	0.0128909 	
0.025000	0.610746  	0.025000	0.550473  	0.025000	0.536128  	0.025000	0.536128  	0.025000	0.539598  	0.025000	0.0108751 	
0.030000	0.665445  	0.030000	0.602925  	0.030000	0.587549  	0.030000	0.587549  	0.030000	0.59348   	0.030000	0.00944542	
0.035000	0.71047   	0.035000	0.652006  	0.035000	0.635779  	0.035000	0.635779  	0.035000	0.643632  	0.035000	0.00837354	
0.040000	0.745973  	0.040000	0.697807  	0.040000	0.680909  	0.040000	0.680909  	0.040000	0.69027   	0.040000	0.00753715	
0.045000	0.772135  	0.045000	0.74041   	0.045000	0.72301   	0.045000	0.72301   	0.045000	0.733545  	0.045000	0.00686459	
0.050000	0.7883    	0.050000	0.778392  	0.050000	0.762149  	0.050000	0.762149  	0.050000	0.772081  	0.050000	0.00631088	
0.055000	0.821683  	0.055000	0.81339   	0.055000	0.798398  	0.055000	0.798398  	0.055000	0.807544  	0.055000	0.00584633	
0.060000	0.849825  	0.060000	0.845565  	0.060000	0.831836  	0.060000	0.831836  	0.060000	0.840115  	0.060000	0.0054505 	
0.070000	0.891949  	0.070000	0.901882  	0.070000	0.890647  	0.070000	0.890647  	0.070000	0.897071  	0.070000	0.00481059	
0.080000	0.936905  	0.080000	0.948278  	0.080000	0.939414  	0.080000	0.939414  	0.080000	0.943963  	0.080000	0.00431442	
0.090000	0.970404  	0.090000	0.985761  	0.090000	0.979083  	0.090000	0.979083  	0.090000	0.981844  	0.090000	0.00391749	
0.100000	0.995331  	0.100000	1.01537   	0.100000	1.01066   	0.100000	1.01066   	0.100000	1.01178   	0.100000	0.00359211	
0.120000	1.00426   	0.120000	1.05503   	0.120000	1.05358   	0.120000	1.05358   	0.120000	1.05195   	0.120000	0.00308915	
0.140000	1.00314   	0.140000	1.07473   	0.140000	1.07572   	0.140000	1.07572   	0.140000	1.07202   	0.140000	0.00271721	
0.160000	1.00456   	0.160000	1.08568   	0.160000	1.08336   	0.160000	1.08336   	0.160000	1.08325   	0.160000	0.00243013	
0.180000	1.01047   	0.180000	1.09205   	0.180000	1.08132   	0.180000	1.08132   	0.180000	1.08985   	0.180000	0.00220134	
0.200000	1.01571   	0.200000	1.08985   	0.200000	1.07312   	0.200000	1.07312   	0.200000	1.08784   	0.200000	0.00201439	
0.250000	1.00329   	0.250000	1.07193   	0.250000	1.0397    	0.250000	1.0397    	0.250000	1.07026   	0.250000	0.00166775	
0.300000	0.999157  	0.300000	1.05034   	0.300000	1.00142   	0.300000	1.00142   	0.300000	1.04891   	0.300000	0.00142808	
0.350000	0.993412  	0.350000	1.02586   	0.350000	0.971383  	0.350000	0.971383  	0.350000	1.0246    	0.350000	0.00125181	
0.400000	0.992087  	0.400000	1.00828   	0.400000	0.944025  	0.400000	0.944025  	0.400000	1.00716   	0.400000	0.00111637	
0.450000	0.985114  	0.450000	0.988271  	0.450000	0.917572  	0.450000	0.917572  	0.450000	0.987262  	0.450000	0.00100881	
0.500000	0.972621  	0.500000	0.965749  	0.500000	0.892113  	0.500000	0.892113  	0.500000	0.964828  	0.500000	0.000921208	
0.600000	0.905975  	0.600000	0.917631  	0.600000	0.843818  	0.600000	0.843818  	0.600000	0.916844  	0.600000	0.000786817	
0.700000	0.836178  	0.700000	0.870506  	0.700000	0.801529  	0.700000	0.801529  	0.700000	0.869817  	0.700000	0.000688288	
0.800000	0.796867  	0.800000	0.823583  	0.800000	0.763831  	0.800000	0.763831  	0.800000	0.82297   	0.800000	0.000612767	
0.900000	0.759653  	0.900000	0.781388  	0.900000	0.729779  	0.900000	0.729779  	0.900000	0.780835  	0.900000	0.000552927	
1.000000	0.724881  	1.000000	0.743273  	1.000000	0.69873   	1.000000	0.69873   	1.000000	0.742769  	1.000000	0.000504272	
1.250000	0.644157  	1.250000	0.659429  	1.250000	0.628696  	1.250000	0.628696  	1.250000	0.659014  	1.250000	0.000414664	
1.500000	0.578994  	1.500000	0.593437  	1.500000	0.572164  	1.500000	0.572164  	1.500000	0.593084  	1.500000	0.00035321	
1.750000	0.525778  	1.750000	0.540215  	1.750000	0.525282  	1.750000	0.525282  	1.750000	0.539907  	1.750000	0.000308301	
2.000000	0.478976  	2.000000	0.493547  	2.000000	0.485478  	2.000000	0.485478  	2.000000	0.493273  	2.000000	0.00027397	
2.250000	0.440384  	2.250000	0.454466  	2.250000	0.451187  	2.250000	0.451187  	2.250000	0.454219  	2.250000	0.000246826	
2.500000	0.399788  	2.500000	0.422126  	2.500000	0.421337  	2.500000	0.421337  	2.500000	0.421901  	2.500000	0.000224799	
3.000000	0.352888  	3.000000	0.371051  	3.000000	0.372013  	3.000000	0.372013  	3.000000	0.370859  	3.000000	0.000191161	
3.500000	0.316381  	3.500000	0.331986  	3.500000	0.332993  	3.500000	0.332993  	3.500000	0.331819  	3.500000	0.000166627	
4.000000	0.287122  	4.000000	0.300847  	4.000000	0.30145   	4.000000	0.30145   	4.000000	0.300699  	4.000000	0.000147902	
4.500000	0.263123  	4.500000	0.275331  	4.500000	0.275478  	4.500000	0.275478  	4.500000	0.275198  	4.500000	0.000133117	
5.000000	0.243064  	5.000000	0.253996  	5.000000	0.253749  	5.000000	0.253749  	5.000000	0.253875  	5.000000	0.000121133	
5.500000	0.226035  	5.500000	0.235872  	5.500000	0.235313  	5.500000	0.235313  	5.500000	0.235761  	5.500000	0.000111213	
6.000000	0.211388  	6.000000	0.220276  	6.000000	0.219479  	6.000000	0.219479  	6.000000	0.220174  	6.000000	0.000102858	
6.500000	0.19865   	6.500000	0.206709  	6.500000	0.205733  	6.500000	0.205733  	6.500000	0.206613  	6.500000	9.5722e-05	
7.000000	0.187464  	7.000000	0.194793  	7.000000	0.193686  	7.000000	0.193686  	7.000000	0.194704  	7.000000	8.95517e-05	
7.500000	0.177558  	7.500000	0.184243  	7.500000	0.18304   	7.500000	0.18304   	7.500000	0.184158  	7.500000	8.41611e-05	
8.000000	0.168722  	8.000000	0.174833  	8.000000	0.173561  	8.000000	0.173561  	8.000000	0.174753  	8.000000	7.94093e-05	
8.500000	0.160789  	8.500000	0.166385  	8.500000	0.165065  	8.500000	0.165065  	8.500000	0.16631   	8.500000	7.51875e-05	
9.000000	0.153624  	9.000000	0.158759  	9.000000	0.157406  	9.000000	0.157406  	9.000000	0.158687  	9.000000	7.14105e-05	
9.500000	0.14712   	9.500000	0.151837  	9.500000	0.150463  	9.500000	0.150463  	9.500000	0.151769  	9.500000	6.80106e-05	
10.000000	0.141187  	10.000000	0.143631  	10.000000	0.14414   	10.000000	0.14414   	10.000000	0.143566  	10.000000	6.49332e-05	
11.000000	0.130755  	11.000000	0.133199  	11.000000	0.132936  	11.000000	0.132976  	11.000000	0.13314   	11.000000	5.9576e-05	
12.000000	0.121874  	12.000000	0.124272  	12.000000	0.123465  	12.000000	0.12353   	12.000000	0.124217  	12.000000	5.50682e-05	
13.000000	0.114216  	13.000000	0.116543  	13.000000	0.115355  	13.000000	0.115435  	13.000000	0.116492  	13.000000	5.12201e-05	
14.000000	0.107541  	14.000000	0.109785  	14.000000	0.108333  	14.000000	0.108421  	14.000000	0.109738  	14.000000	4.7895e-05	
15.000000	0.101669  	15.000000	0.103825  	15.000000	0.102195  	15.000000	0.102288  	15.000000	0.10378   	15.000000	4.49917e-05	
16.000000	0.0964604 	16.000000	0.0985267 	16.000000	0.0967867 	16.000000	0.0968813 	16.000000	0.0984843 	16.000000	4.24339e-05	
17.000000	0.0918077 	17.000000	0.0937855 	17.000000	0.0919881 	17.000000	0.0920805 	17.000000	0.0937454 	17.000000	4.01624e-05	
18.000000	0.0876247 	18.000000	0.0895168 	18.000000	0.0877019 	18.000000	0.0877911 	18.000000	0.0894787 	18.000000	3.81312e-05	
19.000000	0.0838426 	19.000000	0.0856525 	19.000000	0.0838507 	19.000000	0.0839371 	19.000000	0.0856162 	19.000000	3.63036e-05	
20.000000	0.0804055 	20.000000	0.082137  	20.000000	0.0803722 	20.000000	0.0804572 	20.000000	0.0821024 	20.000000	3.465e-05 	
21.000000	0.0772675 	21.000000	0.0789246 	21.000000	0.0772182 	21.000000	0.0773009 	21.000000	0.0788915 	21.000000	3.31463e-05	
22.000000	0.0743906 	22.000000	0.0759772 	22.000000	0.0743496 	22.000000	0.0744266 	22.000000	0.0759455 	22.000000	3.17729e-05	
23.000000	0.0717428 	23.000000	0.0732629 	23.000000	0.0717303 	23.000000	0.0717996 	23.000000	0.0732324 	23.000000	3.05132e-05	
24.000000	0.0692974 	24.000000	0.0707547 	24.000000	0.0693278 	24.000000	0.0693907 	24.000000	0.0707254 	24.000000	2.93536e-05	
25.000000	0.0670316 	25.000000	0.0684298 	25.000000	0.0671168 	25.000000	0.0671751 	25.000000	0.0684015 	25.000000	2.82823e-05	
27.000000	0.0629639 	27.000000	0.0642536 	27.000000	0.0631943 	27.000000	0.0632424 	27.000000	0.0642272 	27.000000	2.63669e-05	
29.000000	0.0594143 	29.000000	0.0606073 	29.000000	0.0598292 	29.000000	0.0598653 	29.000000	0.0605826 	29.000000	2.47037e-05	
31.000000	0.0562881 	31.000000	0.0573949 	31.000000	0.0568006 	31.000000	0.0568227 	31.000000	0.0573716 	31.000000	2.32455e-05	
33.000000	0.0535126 	33.000000	0.0545422 	33.000000	0.0540108 	33.000000	0.0540195 	33.000000	0.0545203 	33.000000	2.1956e-05	
35.000000	0.0510309 	35.000000	0.0519914 	35.000000	0.0515087 	35.000000	0.0515116 	35.000000	0.0519706 	35.000000	2.08073e-05	
38.000000	0.047763  	38.000000	0.0486327 	38.000000	0.0482175 	38.000000	0.0482073 	38.000000	0.0486134 	38.000000	1.93009e-05	
41.000000	0.0449396 	41.000000	0.0457316 	41.000000	0.0453689 	41.000000	0.0453508 	41.000000	0.0457136 	41.000000	1.80054e-05	
44.000000	0.0424743 	44.000000	0.0431993 	44.000000	0.0428776 	44.000000	0.0428554 	44.000000	0.0431825 	44.000000	1.68789e-05	
47.000000	0.0403018 	47.000000	0.040969  	47.000000	0.0406821 	47.000000	0.0406556 	47.000000	0.0409531 	47.000000	1.58899e-05	
50.000000	0.0383719 	50.000000	0.038989  	50.000000	0.0387303 	50.000000	0.0387011 	50.000000	0.038974  	50.000000	1.50145e-05	
55.000000	0.0355919 	55.000000	0.0361393 	55.000000	0.0359239 	55.000000	0.0358852 	55.000000	0.0361256 	55.000000	1.37587e-05	
60.000000	0.0332443 	60.000000	0.0337362 	60.000000	0.0335485 	60.000000	0.0335075 	60.000000	0.0337235 	60.000000	1.27035e-05	
65.000000	0.0312339 	65.000000	0.0316813 	65.000000	0.0315118 	65.000000	0.0314719 	65.000000	0.0316694 	65.000000	1.18039e-05	
70.000000	0.0294915 	70.000000	0.0299031 	70.000000	0.0297511 	70.000000	0.0297086 	70.000000	0.029892  	70.000000	1.10275e-05	
75.000000	0.0279659 	75.000000	0.0283487 	75.000000	0.0282099 	75.000000	0.0281657 	75.000000	0.0283384 	75.000000	1.03502e-05	
80.000000	0.0266181 	80.000000	0.026978  	80.000000	0.0268494 	80.000000	0.0268038 	80.000000	0.0269682 	80.000000	9.75418e-06	
85.000000	0.0254183 	85.000000	0.0257598 	85.000000	0.0256393 	85.000000	0.0255926 	85.000000	0.0257506 	85.000000	9.22534e-06	
90.000000	0.0243426 	90.000000	0.0246698 	90.000000	0.0245524 	90.000000	0.024508  	90.000000	0.0246611 	90.000000	8.75283e-06	
95.000000	0.0233725 	95.000000	0.0236886 	95.000000	0.0235764 	95.000000	0.023531  	95.000000	0.0236803 	95.000000	8.32801e-06	
100.000000	0.0224928 	100.000000	0.0228006 	100.000000	0.0226923 	100.000000	0.0226461 	100.000000	0.0227926 	100.000000	7.94392e-06	
105.000000	0.0216911 	105.000000	0.0219928 	105.000000	0.0218878 	105.000000	0.0218409 	105.000000	0.0219852 	105.000000	7.59491e-06	
110.000000	0.0209572 	110.000000	0.0212549 	110.000000	0.0211502 	110.000000	0.0211048 	110.000000	0.0212476 	110.000000	7.27633e-06	
115.000000	0.0202827 	115.000000	0.020578  	115.000000	0.0204743 	115.000000	0.0204294 	115.000000	0.020571  	115.000000	6.98432e-06	
120.000000	0.0196604 	120.000000	0.0199548 	120.000000	0.0198533 	120.000000	0.0198074 	120.000000	0.0199481 	120.000000	6.71565e-06	
125.000000	0.0190845 	125.000000	0.0193791 	125.000000	0.0192782 	125.000000	0.0192326 	125.000000	0.0193727 	125.000000	6.4676e-06	
130.000000	0.0185497 	130.000000	0.0188457 	130.000000	0.0187439 	130.000000	0.0186998 	130.000000	0.0188395 	130.000000	6.23785e-06	
135.000000	0.0180517 	135.000000	0.01835   	135.000000	0.0182487 	135.000000	0.0182045 	135.000000	0.018344  	135.000000	6.02443e-06	
140.000000	0.0175868 	140.000000	0.0178882 	140.000000	0.0177879 	140.000000	0.017743  	140.000000	0.0178823 	140.000000	5.82564e-06	
145.000000	0.0171516 	145.000000	0.0174568 	145.000000	0.0173565 	145.000000	0.0173118 	145.000000	0.0174511 	145.000000	5.64e-06  	
150.000000	0.0167434 	150.000000	0.0170529 	150.000000	0.0169514 	150.000000	0.016908  	150.000000	0.0170474 	150.000000	5.46624e-06	
155.000000	0.0161685 	155.000000	0.016674  	155.000000	0.0165725 	155.000000	0.0165292 	155.000000	0.0166687 	155.000000	5.30324e-06	
160.000000	0.0158316 	160.000000	0.0163178 	160.000000	0.0162164 	160.000000	0.016173  	160.000000	0.0163126 	160.000000	5.15001e-06	
165.000000	0.0155139 	165.000000	0.0159823 	165.000000	0.0158797 	165.000000	0.0158376 	165.000000	0.0159773 	165.000000	5.0057e-06	
170.000000	0.0152137 	170.000000	0.0156657 	170.000000	0.0155627 	170.000000	0.015521  	170.000000	0.0156609 	170.000000	4.86954e-06	
175.000000	0.0149297 	175.000000	0.0153666 	175.000000	0.0152639 	175.000000	0.0152218 	175.000000	0.0153618 	175.000000	4.74084e-06	
180.000000	0.0146606 	180.000000	0.0150834 	180.000000	0.0149812 	180.000000	0.0149387 	180.000000	0.0150788 	180.000000	4.61901e-06	
185.000000	0.0144052 	185.000000	0.014815  	185.000000	0.0147124 	185.000000	0.0146702 	185.000000	0.0148105 	185.000000	4.5035e-06	
190.000000	0.0141624 	190.000000	0.0145601 	190.000000	0.0144566 	190.000000	0.0144154 	190.000000	0.0145557 	190.000000	4.39383e-06	
195.000000	0.0139314 	195.000000	0.0143179 	195.000000	0.014214  	195.000000	0.0141732 	195.000000	0.0143136 	195.000000	4.28956e-06	
200.000000	0.0137113 	200.000000	0.0140874 	200.000000	0.0139838 	200.000000	0.0139427 	200.000000	0.0140832 	200.000000	4.1903e-06	
210.000000	0.0133008 	210.000000	0.0136582 	210.000000	0.0135535 	210.000000	0.0135136 	210.000000	0.0136542 	210.000000	4.0054e-06	
220.000000	0.0129256 	220.000000	0.0132668 	220.000000	0.0131623 	220.000000	0.0131224 	220.000000	0.0132629 	220.000000	3.83666e-06	
230.000000	0.0125813 	230.000000	0.0129084 	230.000000	0.0128031 	230.000000	0.0127642 	230.000000	0.0129047 	230.000000	3.68202e-06	
240.000000	0.0122642 	240.000000	0.012579  	240.000000	0.0124738 	240.000000	0.0124352 	240.000000	0.0125754 	240.000000	3.53977e-06	
250.000000	0.0119713 	250.000000	0.0122753 	250.000000	0.012171  	250.000000	0.012132  	250.000000	0.0122719 	250.000000	3.40847e-06	
260.000000	0.0116998 	260.000000	0.0119944 	260.000000	0.01189   	260.000000	0.0118516 	260.000000	0.0119911 	260.000000	3.28688e-06	
270.000000	0.0114474 	270.000000	0.0117338 	270.000000	0.0116292 	270.000000	0.0115916 	270.000000	0.0117306 	270.000000	3.17395e-06	
280.000000	0.0112123 	280.000000	0.0114915 	280.000000	0.0113877 	280.000000	0.0113499 	280.000000	0.0114884 	280.000000	3.06878e-06	
290.000000	0.0109927 	290.000000	0.0112655 	290.000000	0.0111616 	290.000000	0.0111247 	290.000000	0.0112625 	290.000000	2.97058e-06	
300.000000	0.0107871 	300.000000	0.0110544 	300.000000	0.010951  	300.000000	0.0109143 	300.000000	0.0110515 	300.000000	2.87868e-06	
310.000000	0.0105942 	310.000000	0.0108567 	310.000000	0.0107541 	310.000000	0.0107174 	310.000000	0.0108539 	310.000000	2.79248e-06	
320.000000	0.0104129 	320.000000	0.0106712 	320.000000	0.0105687 	320.000000	0.0105328 	320.000000	0.0106685 	320.000000	2.71147e-06	
330.000000	0.0102422 	330.000000	0.0104969 	330.000000	0.0103951 	330.000000	0.0103593 	330.000000	0.0104942 	330.000000	2.63518e-06	
340.000000	0.0100813 	340.000000	0.0103327 	340.000000	0.0102318 	340.000000	0.0101961 	340.000000	0.0103301 	340.000000	2.5632e-06	
350.000000	0.00992918	350.000000	0.0101778 	350.000000	0.0100772 	350.000000	0.0100422 	350.000000	0.0101753 	350.000000	2.49519e-06	
360.000000	0.0097853 	360.000000	0.0100316 	360.000000	0.00993161	360.000000	0.00989686	360.000000	0.0100291 	360.000000	2.4308e-06	
370.000000	0.00964898	370.000000	0.00989321	370.000000	0.00979439	370.000000	0.00975947	370.000000	0.00989085	370.000000	2.36977e-06	
380.000000	0.00951967	380.000000	0.00976215	380.000000	0.00966391	380.000000	0.0096294 	380.000000	0.00975984	380.000000	2.31183e-06	
390.000000	0.00939683	390.000000	0.00963785	390.000000	0.00954002	390.000000	0.00950608	390.000000	0.00963559	390.000000	2.25675e-06	
400.000000	0.00928002	400.000000	0.0095198 	400.000000	0.00942297	400.000000	0.00938904	400.000000	0.0095176 	400.000000	2.20432e-06	
410.000000	0.00916882	410.000000	0.00940757	410.000000	0.00931182	410.000000	0.00927781	410.000000	0.00940542	410.000000	2.15435e-06	
420.000000	0.00906283	420.000000	0.00930076	420.000000	0.00920557	420.000000	0.00917199	420.000000	0.00929865	420.000000	2.10667e-06	
430.000000	0.00896172	430.000000	0.009199  	430.000000	0.00910432	430.000000	0.00907122	430.000000	0.00919693	430.000000	2.06112e-06	
440.000000	0.00886517	440.000000	0.00910194	440.000000	0.00900758	440.000000	0.0089745 	440.000000	0.00909993	440.000000	2.01757e-06	
450.000000	0.00877289	450.000000	0.0090093 	450.000000	0.00891501	450.000000	0.00888182	450.000000	0.00900733	450.000000	1.97588e-06	
460.000000	0.00868462	460.000000	0.00892079	460.000000	0.00882624	460.000000	0.0087933 	460.000000	0.00891885	460.000000	1.93594e-06	
470.000000	0.0086001 	470.000000	0.00883615	470.000000	0.00874117	470.000000	0.00870869	470.000000	0.00883425	470.000000	1.89763e-06	
480.000000	0.00851913	480.000000	0.00875515	480.000000	0.00865999	480.000000	0.00862774	480.000000	0.00875329	480.000000	1.86086e-06	
490.000000	0.00844149	490.000000	0.00867757	490.000000	0.00858258	490.000000	0.00855024	490.000000	0.00867574	490.000000	1.82554e-06	
500.000000	0.00836699	500.000000	0.00860321	500.000000	0.00850837	500.000000	0.00847599	500.000000	0.00860142	500.000000	1.79157e-06	
520.000000	0.00822674	520.000000	0.00846344	520.000000	0.00836821	520.000000	0.00833646	520.000000	0.00846171	520.000000	1.72742e-06	
540.000000	0.00809712	540.000000	0.00833451	540.000000	0.00823938	540.000000	0.00820784	540.000000	0.00833285	540.000000	1.66784e-06	
560.000000	0.00797704	560.000000	0.00821531	560.000000	0.00812051	560.000000	0.00808896	560.000000	0.0082137 	560.000000	1.61237e-06	
580.000000	0.00786557	580.000000	0.00810485	580.000000	0.0080098 	580.000000	0.00797884	580.000000	0.00810329	580.000000	1.56058e-06	
600.000000	0.00776189	600.000000	0.00800228	600.000000	0.00790741	600.000000	0.0078766 	600.000000	0.00800077	600.000000	1.51212e-06	
620.000000	0.00766529	620.000000	0.00790685	620.000000	0.00781237	620.000000	0.00778149	620.000000	0.00790539	620.000000	1.46667e-06	
640.000000	0.00757514	640.000000	0.00781792	640.000000	0.00772329	640.000000	0.00769284	640.000000	0.0078165 	640.000000	1.42396e-06	
660.000000	0.00749087	660.000000	0.00773491	660.000000	0.00764017	660.000000	0.00761007	660.000000	0.00773353	660.000000	1.38375e-06	
680.000000	0.00741201	680.000000	0.00765731	680.000000	0.00756285	680.000000	0.00753267	680.000000	0.00765596	680.000000	1.34582e-06	
700.000000	0.0073381 	700.000000	0.00758466	700.000000	0.00749031	700.000000	0.00746017	700.000000	0.00758335	700.000000	1.30997e-06	
720.000000	0.00726876	720.000000	0.00751657	720.000000	0.00742192	720.000000	0.00739217	720.000000	0.0075153 	720.000000	1.27605e-06	
740.000000	0.00720364	740.000000	0.00745268	740.000000	0.00735775	740.000000	0.0073283 	740.000000	0.00745143	740.000000	1.2439e-06	
760.000000	0.00714243	760.000000	0.00739265	760.000000	0.00729772	760.000000	0.00726823	760.000000	0.00739144	760.000000	1.21337e-06	
780.000000	0.00708483	780.000000	0.00733621	780.000000	0.00724122	780.000000	0.00721168	780.000000	0.00733503	780.000000	1.18436e-06	
800.000000	0.00703059	800.000000	0.00728309	800.000000	0.0071877 	800.000000	0.00715836	800.000000	0.00728193	800.000000	1.15674e-06	
820.000000	0.00697948	820.000000	0.00723305	820.000000	0.00713706	820.000000	0.00710805	820.000000	0.00723192	820.000000	1.13043e-06	
840.000000	0.0069313 	840.000000	0.00718588	840.000000	0.00708934	840.000000	0.00706053	840.000000	0.00718477	840.000000	1.10532e-06	
860.000000	0.00688584	860.000000	0.00714137	860.000000	0.00704443	860.000000	0.00701559	860.000000	0.00714029	860.000000	1.08134e-06	
880.000000	0.00684293	880.000000	0.00709937	880.000000	0.00700197	880.000000	0.00697307	880.000000	0.00709831	880.000000	1.05841e-06	
900.000000	0.00680241	900.000000	0.00705969	900.000000	0.00696163	900.000000	0.00693279	900.000000	0.00705865	900.000000	1.03646e-06	
920.000000	0.00676413	920.000000	0.00702219	920.000000	0.00692322	920.000000	0.00689461	920.000000	0.00702118	920.000000	1.01543e-06	
940.000000	0.00672796	940.000000	0.00698675	940.000000	0.00688675	940.000000	0.00685838	940.000000	0.00698575	940.000000	9.95271e-07	
960.000000	0.00669378	960.000000	0.00695322	960.000000	0.00685221	960.000000	0.006824  	960.000000	0.00695225	960.000000	9.75918e-07	
980.000000	0.00666147	980.000000	0.0069215 	980.000000	0.00681954	980.000000	0.00679133	980.000000	0.00692054	980.000000	9.57326e-07	
1000.000000	0.00663092	1000.000000	0.00689148	1000.000000	0.00678854	1000.000000	0.00676027	1000.000000	0.00689054	1000.000000	9.39453e-07	
1020.000000	0.00660204	1020.000000	0.00686307	1020.000000	0.00675903	1020.000000	0.00673073	1020.000000	0.00686214	1020.000000	9.22255e-07	
1040.000000	0.00657474	1040.000000	0.00683616	1040.000000	0.00673083	1040.000000	0.00670261	1040.000000	0.00683526	1040.000000	9.05696e-07	
1060.000000	0.00654893	1060.000000	0.00681068	1060.000000	0.00670388	1060.000000	0.00667584	1060.000000	0.00680979	1060.000000	8.89739e-07	
1080.000000	0.00652453	1080.000000	0.00678656	1080.000000	0.00667818	1080.000000	0.00665032	1080.000000	0.00678568	1080.000000	8.74353e-07	
1100.000000	0.00650148	1100.000000	0.00676371	1100.000000	0.0066537 	1100.000000	0.006626  	1100.000000	0.00676285	1100.000000	8.59506e-07	
1120.000000	0.0064797 	1120.000000	0.00674207	1120.000000	0.00663043	1120.000000	0.00660281	1120.000000	0.00674123	1120.000000	8.45172e-07	
1140.000000	0.00645914	1140.000000	0.00672158	1140.000000	0.00660831	1140.000000	0.00658067	1140.000000	0.00672075	1140.000000	8.31322e-07	
1160.000000	0.00643973	1160.000000	0.00670219	1160.000000	0.00658722	1160.000000	0.00655954	1160.000000	0.00670137	1160.000000	8.17933e-07	
1180.000000	0.00642141	1180.000000	0.00668382	1180.000000	0.00656708	1180.000000	0.00653937	1180.000000	0.00668302	1180.000000	8.04983e-07	
1200.000000	0.00640415	1200.000000	0.00666645	1200.000000	0.0065478 	1200.000000	0.00652009	1200.000000	0.00666565	1200.000000	7.92449e-07	
1220.000000	0.00638788	1220.000000	0.00665001	1220.000000	0.0065293 	1220.000000	0.00650167	1220.000000	0.00664923	1220.000000	7.80311e-07	
1240.000000	0.00637257	1240.000000	0.00663446	1240.000000	0.00651157	1240.000000	0.00648406	1240.000000	0.00663369	1240.000000	7.68552e-07	
1260.000000	0.00635817	1260.000000	0.00661976	1260.000000	0.00649459	1260.000000	0.00646722	1260.000000	0.00661901	1260.000000	7.57153e-07	
1280.000000	0.00634464	1280.000000	0.00660588	1280.000000	0.00647835	1280.000000	0.00645111	1280.000000	0.00660513	1280.000000	7.46097e-07	
1300.000000	0.00633195	1300.000000	0.00659277	1300.000000	0.00646283	1300.000000	0.0064357 	1300.000000	0.00659204	1300.000000	7.3537e-07	
1320.000000	0.00632006	1320.000000	0.0065804 	1320.000000	0.00644802	1320.000000	0.00642094	1320.000000	0.00657968	1320.000000	7.24957e-07	
1340.000000	0.00630893	1340.000000	0.00656875	1340.000000	0.00643388	1340.000000	0.00640682	1340.000000	0.00656803	1340.000000	7.14844e-07	
1360.000000	0.00629854	1360.000000	0.00655776	1360.000000	0.00642038	1360.000000	0.0063933 	1360.000000	0.00655706	1360.000000	7.05017e-07	
1380.000000	0.00628885	1380.000000	0.00654743	1380.000000	0.00640746	1380.000000	0.00638034	1380.000000	0.00654673	1380.000000	6.95466e-07	
1400.000000	0.00627984	1400.000000	0.00653771	1400.000000	0.00639508	1400.000000	0.00636794	1400.000000	0.00653703	1400.000000	6.86179e-07	
1420.000000	0.00627147	1420.000000	0.0065286 	1420.000000	0.0063832 	1420.000000	0.00635605	1420.000000	0.00652792	1420.000000	6.77143e-07	
1440.000000	0.00626374	1440.000000	0.00652005	1440.000000	0.0063718 	1440.000000	0.00634466	1440.000000	0.00651938	1440.000000	6.6835e-07	
1460.000000	0.0062566 	1460.000000	0.00651205	1460.000000	0.00636084	1460.000000	0.00633374	1460.000000	0.00651139	1460.000000	6.5979e-07	
1480.000000	0.00625005	1480.000000	0.00650457	1480.000000	0.0063503 	1480.000000	0.00632328	1480.000000	0.00650392	1480.000000	6.51453e-07	
1500.000000	0.00624405	1500.000000	0.0064976 	1500.000000	0.00634019	1500.000000	0.00631325	1500.000000	0.00649696	1500.000000	6.43331e-07	
1520.000000	0.00623859	1520.000000	0.00649112	1520.000000	0.00633048	1520.000000	0.00630364	1520.000000	0.00649048	1520.000000	6.35415e-07	
1540.000000	0.00623365	1540.000000	0.0064851 	1540.000000	0.00632117	1540.000000	0.00629442	1540.000000	0.00648447	1540.000000	6.27698e-07	
1560.000000	0.00622921	1560.000000	0.00647953	1560.000000	0.00631225	1560.000000	0.00628558	1560.000000	0.00647891	1560.000000	6.20171e-07	
1580.000000	0.00622525	1580.000000	0.00647439	1580.000000	0.00630371	1580.000000	0.00627711	1580.000000	0.00647378	1580.000000	6.12829e-07	
1600.000000	0.00622175	1600.000000	0.00646967	1600.000000	0.00629554	1600.000000	0.00626898	1600.000000	0.00646907	1600.000000	6.05664e-07	
1620.000000	0.00621871	1620.000000	0.00646535	1620.000000	0.00628773	1620.000000	0.00626119	1620.000000	0.00646475	1620.000000	5.9867e-07	
1640.000000	0.0062161 	1640.000000	0.00646142	1640.000000	0.00628025	1640.000000	0.00625372	1640.000000	0.00646083	1640.000000	5.9184e-07	
1660.000000	0.00621391	1660.000000	0.00645786	1660.000000	0.0062731 	1660.000000	0.00624656	1660.000000	0.00645727	1660.000000	5.8517e-07	
1680.000000	0.00621213	1680.000000	0.00645465	1680.000000	0.00626625	1680.000000	0.0062397 	1680.000000	0.00645408	1680.000000	5.78652e-07	
1700.000000	0.00621074	1700.000000	0.0064518 	1700.000000	0.00625968	1700.000000	0.00623311	1700.000000	0.00645123	1700.000000	5.72283e-07	
1750.000000	0.00620891	1750.000000	0.0064461 	1750.000000	0.00624443	1750.000000	0.00621782	1750.000000	0.00644554	1750.000000	5.56976e-07	
1800.000000	0.00620928	1800.000000	0.00644232	1800.000000	0.00623067	1800.000000	0.00620408	1800.000000	0.00644178	1800.000000	5.4249e-07	
1850.000000	0.0062117 	1850.000000	0.00644031	1850.000000	0.00621825	1850.000000	0.00619174	1850.000000	0.00643978	1850.000000	5.28761e-07	
1900.000000	0.00621601	1900.000000	0.00643992	1900.000000	0.00620706	1900.000000	0.00618067	1900.000000	0.00643941	1900.000000	5.15731e-07	
1950.000000	0.00622208	1950.000000	0.00644104	1950.000000	0.00619702	1950.000000	0.00617076	1950.000000	0.00644054	1950.000000	5.03346e-07	
2000.000000	0.0062298 	2000.000000	0.00644355	2000.000000	0.00618804	2000.000000	0.00616191	2000.000000	0.00644306	2000.000000	4.9156e-07	
2100.000000	0.00624974	2100.000000	0.00645235	2100.000000	0.006173  	2100.000000	0.00614703	2100.000000	0.00645188	2100.000000	4.69616e-07	
2200.000000	0.0062751 	2200.000000	0.00646561	2200.000000	0.0061613 	2200.000000	0.0061354 	2200.000000	0.00646516	2200.000000	4.49602e-07	
2300.000000	0.00630525	2300.000000	0.00648276	2300.000000	0.00615239	2300.000000	0.00612652	2300.000000	0.00648233	2300.000000	4.31272e-07	
2400.000000	0.00633966	2400.000000	0.0065033 	2400.000000	0.00614581	2400.000000	0.00611997	2400.000000	0.00650288	2400.000000	4.14419e-07	
2500.000000	0.00637789	2500.000000	0.00652683	2500.000000	0.0061412 	2500.000000	0.0061154 	2500.000000	0.00652643	2500.000000	3.98871e-07	
2600.000000	0.00641957	2600.000000	0.00655299	2600.000000	0.00613827	2600.000000	0.00611251	2600.000000	0.00655261	2600.000000	3.8448e-07	
2700.000000	0.00646437	2700.000000	0.0065815 	2700.000000	0.00613677	2700.000000	0.00611108	2700.000000	0.00658113	2700.000000	3.71121e-07	
2800.000000	0.00651201	2800.000000	0.0066121 	2800.000000	0.00613651	2800.000000	0.00611089	2800.000000	0.00661174	2800.000000	3.58685e-07	
2900.000000	0.00656225	2900.000000	0.00664457	2900.000000	0.00613731	2900.000000	0.00611177	2900.000000	0.00664422	2900.000000	3.47079e-07	
3000.000000	0.00661489	3000.000000	0.00667872	3000.000000	0.00613904	3000.000000	0.00611358	3000.000000	0.00667838	3000.000000	3.36221e-07	
3200.000000	0.00672662	3200.000000	0.0067514 	3200.000000	0.00614477	3200.000000	0.00611948	3200.000000	0.00675109	3200.000000	3.16478e-07	
3400.000000	0.00684597	3400.000000	0.00682907	3400.000000	0.00615294	3400.000000	0.00612778	3400.000000	0.00682877	3400.000000	2.98985e-07	
3600.000000	0.00697198	3600.000000	0.00691085	3600.000000	0.00616295	3600.000000	0.00613788	3600.000000	0.00691056	3600.000000	2.83375e-07	
3800.000000	0.00710389	3800.000000	0.00699607	3800.000000	0.00617434	3800.000000	0.00614933	3800.000000	0.0069958 	3800.000000	2.69357e-07	
4000.000000	0.00724107	4000.000000	0.0070842 	4000.000000	0.00618676	4000.000000	0.00616178	4000.000000	0.00708394	4000.000000	2.56697e-07	
4200.000000	0.00738302	4200.000000	0.00717479	4200.000000	0.00619993	4200.000000	0.00617496	4200.000000	0.00717454	4200.000000	2.45205e-07	
4400.000000	0.00752933	4400.000000	0.00726749	4400.000000	0.00621363	4400.000000	0.00618867	4400.000000	0.00726725	4400.000000	2.34725e-07	
4600.000000	0.00767964	4600.000000	0.007362  	4600.000000	0.0062277 	4600.000000	0.00620275	4600.000000	0.00736178	4600.000000	2.25129e-07	
4800.000000	0.00783367	4800.000000	0.00745808	4800.000000	0.006242  	4800.000000	0.00621706	4800.000000	0.00745787	4800.000000	2.16307e-07	
5000.000000	0.00799118	5000.000000	0.00755553	5000.000000	0.00625644	5000.000000	0.00623152	5000.000000	0.00755532	5000.000000	2.08169e-07	
5250.000000	0.00819263	5250.000000	0.00767898	5250.000000	0.00627457	5250.000000	0.00624968	5250.000000	0.00767878	5250.000000	1.98842e-07	
5500.000000	0.00839884	5500.000000	0.00780401	5500.000000	0.00629269	5500.000000	0.00626782	5500.000000	0.00780382	5500.000000	1.90336e-07	
6000.000000	0.00882445	6000.000000	0.00805791	6000.000000	0.00632853	6000.000000	0.00630373	6000.000000	0.00805773	6000.000000	1.75389e-07	
6500.000000	0.00926622	6500.000000	0.00831578	6500.000000	0.00636354	6500.000000	0.0063388 	6500.000000	0.00831562	6500.000000	1.62673e-07	
7000.000000	0.00972288	7000.000000	0.00857662	7000.000000	0.00639749	7000.000000	0.0063728 	7000.000000	0.00857647	7000.000000	1.5172e-07	
7500.000000	0.0101935 	7500.000000	0.00883968	7500.000000	0.00643026	7500.000000	0.00640561	7500.000000	0.00883954	7500.000000	1.42185e-07	
8000.000000	0.0106773 	8000.000000	0.00910444	8000.000000	0.00646184	8000.000000	0.0064372 	8000.000000	0.0091043 	8000.000000	1.33807e-07	
8500.000000	0.0111738 	8500.000000	0.00937047	8500.000000	0.00649213	8500.000000	0.00646756	8500.000000	0.00937035	8500.000000	1.26385e-07	
9000.000000	0.0116825 	9000.000000	0.00963748	9000.000000	0.00652114	9000.000000	0.00649674	9000.000000	0.00963736	9000.000000	1.19764e-07	
9500.000000	0.0122032 	9500.000000	0.00990521	9500.000000	0.006549  	9500.000000	0.00652477	9500.000000	0.0099051 	9500.000000	1.13819e-07	
10000.000000	0.0127354 	10000.000000	0.0101735 	10000.000000	0.00657581	10000.000000	0.00655171	10000.000000	0.0101734 	10000.000000	1.08451e-07	
11000.000000	0.0138341 	11000.000000	0.0107111 	11000.000000	0.00662651	11000.000000	0.00660254	11000.000000	0.010711  	11000.000000	9.91379e-08	
12000.000000	0.0149772 	12000.000000	0.0112495 	12000.000000	0.00667362	12000.000000	0.00664967	12000.000000	0.0112494 	12000.000000	9.13332e-08	
13000.000000	0.0161639 	13000.000000	0.011788  	13000.000000	0.00671736	13000.000000	0.0066935 	13000.000000	0.0117879 	13000.000000	8.46955e-08	
14000.000000	0.0173936 	14000.000000	0.0123263 	14000.000000	0.00675805	14000.000000	0.0067344 	14000.000000	0.0123263 	14000.000000	7.89793e-08	
15000.000000	0.0186659 	15000.000000	0.0128643 	15000.000000	0.00679606	15000.000000	0.00677269	15000.000000	0.0128642 	15000.000000	7.40038e-08	
16000.000000	0.0199807 	16000.000000	0.0134016 	16000.000000	0.00683173	16000.000000	0.00680865	16000.000000	0.0134015 	16000.000000	6.96327e-08	
17000.000000	0.0213377 	17000.000000	0.0139382 	17000.000000	0.00686535	17000.000000	0.00684251	17000.000000	0.0139381 	17000.000000	6.57613e-08	
18000.000000	0.0227368 	18000.000000	0.014474  	18000.000000	0.00689712	18000.000000	0.00687449	18000.000000	0.014474  	18000.000000	6.23079e-08	
19000.000000	0.0241781 	19000.000000	0.015009  	19000.000000	0.00692724	19000.000000	0.00690477	19000.000000	0.0150089 	19000.000000	5.92078e-08	
20000.000000	0.0256616 	20000.000000	0.0155431 	20000.000000	0.00695585	20000.000000	0.0069335 	20000.000000	0.0155431 	20000.000000	5.6409e-08	
21000.000000	0.0271873 	21000.000000	0.0160764 	21000.000000	0.00698298	21000.000000	0.00696082	21000.000000	0.0160763 	21000.000000	5.38692e-08	
22000.000000	0.0287553 	22000.000000	0.0166088 	22000.000000	0.00700859	22000.000000	0.00698686	22000.000000	0.0166087 	22000.000000	5.15539e-08	
23000.000000	0.0303658 	23000.000000	0.0171403 	23000.000000	0.00703322	23000.000000	0.00701172	23000.000000	0.0171402 	23000.000000	4.94341e-08	
24000.000000	0.0320188 	24000.000000	0.0176709 	24000.000000	0.00705689	24000.000000	0.0070355 	24000.000000	0.0176709 	24000.000000	4.74861e-08	
25000.000000	0.0337146 	25000.000000	0.0182007 	25000.000000	0.00707944	25000.000000	0.00705829	25000.000000	0.0182006 	25000.000000	4.56895e-08	
26000.000000	0.0354532 	26000.000000	0.0187296 	26000.000000	0.00710098	26000.000000	0.00708015	26000.000000	0.0187296 	26000.000000	4.40273e-08	
27000.000000	0.0372348 	27000.000000	0.0192577 	27000.000000	0.00712163	27000.000000	0.00710116	27000.000000	0.0192577 	27000.000000	4.24847e-08	
28000.000000	0.0390597 	28000.000000	0.019785  	28000.000000	0.00714146	28000.000000	0.00712137	28000.000000	0.019785  	28000.000000	4.10492e-08	
29000.000000	0.0409279 	29000.000000	0.0203115 	29000.000000	0.00716055	29000.000000	0.00714085	29000.000000	0.0203114 	29000.000000	3.97099e-08	
30000.000000	0.0428398 	30000.000000	0.0208372 	30000.000000	0.00717896	30000.000000	0.00715963	30000.000000	0.0208371 	30000.000000	3.84575e-08	
32000.000000	0.046795  	32000.000000	0.0218863 	32000.000000	0.00721391	32000.000000	0.00719531	32000.000000	0.0218862 	32000.000000	3.61809e-08	
34000.000000	0.0509271 	34000.000000	0.0229324 	34000.000000	0.0072466 	34000.000000	0.00722872	34000.000000	0.0229324 	34000.000000	3.4165e-08	
36000.000000	0.0552377 	36000.000000	0.0239758 	36000.000000	0.00727719	36000.000000	0.00726012	36000.000000	0.0239758 	36000.000000	3.2367e-08	
38000.000000	0.0597286 	38000.000000	0.0250165 	38000.000000	0.00730585	38000.000000	0.00728973	38000.000000	0.0250164 	38000.000000	3.07531e-08	
40000.000000	0.0644017 	40000.000000	0.0260545 	40000.000000	0.00733285	40000.000000	0.00731774	40000.000000	0.0260545 	40000.000000	2.92962e-08	
42000.000000	0.0692588 	42000.000000	0.0270902 	42000.000000	0.00735844	42000.000000	0.0073443 	42000.000000	0.0270901 	42000.000000	2.79743e-08	
44000.000000	0.0743019 	44000.000000	0.0281234 	44000.000000	0.00738281	44000.000000	0.00736955	44000.000000	0.0281234 	44000.000000	2.67694e-08	
46000.000000	0.0795328 	46000.000000	0.0291545 	46000.000000	0.00740609	46000.000000	0.00739362	46000.000000	0.0291544 	46000.000000	2.56664e-08	
48000.000000	0.0849536 	48000.000000	0.0301833 	48000.000000	0.00742832	48000.000000	0.0074166 	48000.000000	0.0301833 	48000.000000	2.46528e-08	
50000.000000	0.0905662 	50000.000000	0.03121   	50000.000000	0.00744949	50000.000000	0.0074386 	50000.000000	0.03121   	50000.000000	2.37181e-08	
