*Energy (MeV/u)1	0 - [He-base] F.Hubert et al, AD&ND Tables 46(1990)1	Energy (MeV/u)2	1 - [H -base] J.F.Ziegler et al, Pergamon Press, NY (low energy)	Energy (MeV/u)3	2 - ATIMA 1.2  LS-theory (recommended for high energy)	Energy (MeV/u)4	3 - ATIMA 1.2  without LS-correction	Energy (MeV/u)5	4 - electrical component of [1] - J.F.Ziegler et al	Energy (MeV/u)6	5 - nuclear component of [1] - J.F.Ziegler et al	
0.001000	2.59208e-06	0.001000	3.12703e-06	0.001000	3.88614e-06	0.001000	3.88614e-06	0.001000	1.64968e-06	0.001000	1.47735e-06	
0.002000	3.31212e-06	0.002000	3.63778e-06	0.002000	4.60299e-06	0.002000	4.60299e-06	0.002000	2.66361e-06	0.002000	9.7417e-07	
0.005000	5.12428e-06	0.005000	5.27741e-06	0.005000	6.4347e-06	0.005000	6.4347e-06	0.005000	4.76097e-06	0.005000	5.16442e-07	
0.008000	6.48245e-06	0.008000	6.58722e-06	0.008000	7.74447e-06	0.008000	7.74447e-06	0.008000	6.22167e-06	0.008000	3.65553e-07	
0.010000	7.2317e-06	0.010000	7.31742e-06	0.010000	8.43763e-06	0.010000	8.43763e-06	0.010000	7.00873e-06	0.010000	3.0869e-07	
0.015000	9.22667e-06	0.015000	9.25755e-06	0.015000	9.80785e-06	0.015000	9.80785e-06	0.015000	9.03207e-06	0.015000	2.25475e-07	
0.020000	1.08957e-05	0.020000	1.06314e-05	0.020000	1.08762e-05	0.020000	1.08762e-05	0.020000	1.04518e-05	0.020000	1.79579e-07	
0.025000	1.23188e-05	0.025000	1.18232e-05	0.025000	1.17759e-05	0.025000	1.17759e-05	0.025000	1.1673e-05	0.025000	1.50162e-07	
0.030000	1.35388e-05	0.030000	1.30436e-05	0.030000	1.27785e-05	0.030000	1.27785e-05	0.030000	1.29141e-05	0.030000	1.2956e-07	
0.035000	1.45815e-05	0.035000	1.42875e-05	0.035000	1.36811e-05	0.035000	1.36811e-05	0.035000	1.41732e-05	0.035000	1.14259e-07	
0.040000	1.54648e-05	0.040000	1.55031e-05	0.040000	1.45056e-05	0.040000	1.45056e-05	0.040000	1.54007e-05	0.040000	1.02407e-07	
0.045000	1.62031e-05	0.045000	1.66525e-05	0.045000	1.52663e-05	0.045000	1.52663e-05	0.045000	1.65595e-05	0.045000	9.29341e-08	
0.050000	1.68091e-05	0.050000	1.77153e-05	0.050000	1.59727e-05	0.050000	1.59727e-05	0.050000	1.76301e-05	0.050000	8.5175e-08	
0.055000	1.72954e-05	0.055000	1.86836e-05	0.055000	1.66316e-05	0.055000	1.66316e-05	0.055000	1.86049e-05	0.055000	7.86936e-08	
0.060000	1.76743e-05	0.060000	1.9557e-05	0.060000	1.72476e-05	0.060000	1.72476e-05	0.060000	1.94838e-05	0.060000	7.31917e-08	
0.070000	1.81589e-05	0.070000	2.10344e-05	0.070000	1.83639e-05	0.070000	1.83639e-05	0.070000	2.09701e-05	0.070000	6.43391e-08	
0.080000	1.83571e-05	0.080000	2.21938e-05	0.080000	1.93406e-05	0.080000	1.93406e-05	0.080000	2.21363e-05	0.080000	5.75121e-08	
0.090000	1.83523e-05	0.090000	2.30879e-05	0.090000	2.01899e-05	0.090000	2.01899e-05	0.090000	2.30359e-05	0.090000	5.20747e-08	
0.100000	1.82127e-05	0.100000	2.3765e-05	0.100000	2.0921e-05	0.100000	2.0921e-05	0.100000	2.37173e-05	0.100000	4.76344e-08	
0.120000	1.77229e-05	0.120000	2.46231e-05	0.120000	2.20602e-05	0.120000	2.20602e-05	0.120000	2.45823e-05	0.120000	4.08016e-08	
0.140000	1.71446e-05	0.140000	2.50113e-05	0.140000	2.28194e-05	0.140000	2.28194e-05	0.140000	2.49755e-05	0.140000	3.57745e-08	
0.160000	1.65869e-05	0.160000	2.50872e-05	0.160000	2.32592e-05	0.160000	2.32592e-05	0.160000	2.50553e-05	0.160000	3.19103e-08	
0.180000	1.60843e-05	0.180000	2.49536e-05	0.180000	2.34385e-05	0.180000	2.34385e-05	0.180000	2.49248e-05	0.180000	2.88412e-08	
0.200000	1.56394e-05	0.200000	2.46786e-05	0.200000	2.34116e-05	0.200000	2.34116e-05	0.200000	2.46523e-05	0.200000	2.63406e-08	
0.250000	1.4721e-05	0.250000	2.36432e-05	0.250000	2.27385e-05	0.250000	2.27385e-05	0.250000	2.36215e-05	0.250000	2.17224e-08	
0.300000	1.39709e-05	0.300000	2.23968e-05	0.300000	2.16091e-05	0.300000	2.16091e-05	0.300000	2.23783e-05	0.300000	1.85445e-08	
0.350000	1.33097e-05	0.350000	2.11204e-05	0.350000	2.03379e-05	0.350000	2.03379e-05	0.350000	2.11041e-05	0.350000	1.6216e-08	
0.400000	1.27041e-05	0.400000	1.98936e-05	0.400000	1.90824e-05	0.400000	1.90824e-05	0.400000	1.98792e-05	0.400000	1.4432e-08	
0.450000	1.21416e-05	0.450000	1.87497e-05	0.450000	1.79113e-05	0.450000	1.79113e-05	0.450000	1.87366e-05	0.450000	1.30191e-08	
0.500000	1.16176e-05	0.500000	1.76991e-05	0.500000	1.68476e-05	0.500000	1.68476e-05	0.500000	1.76873e-05	0.500000	1.18706e-08	
0.600000	1.06761e-05	0.600000	1.58719e-05	0.600000	1.50399e-05	0.600000	1.50399e-05	0.600000	1.58618e-05	0.600000	1.01134e-08	
0.700000	9.86317e-06	0.700000	1.43649e-05	0.700000	1.35942e-05	0.700000	1.35942e-05	0.700000	1.4356e-05	0.700000	8.82897e-09	
0.800000	9.16134e-06	0.800000	1.31158e-05	0.800000	1.24245e-05	0.800000	1.24245e-05	0.800000	1.3108e-05	0.800000	7.84688e-09	
0.900000	8.55298e-06	0.900000	1.20701e-05	0.900000	1.14618e-05	0.900000	1.14618e-05	0.900000	1.2063e-05	0.900000	7.07029e-09	
1.000000	8.02233e-06	1.000000	1.11845e-05	1.000000	1.06552e-05	1.000000	1.06552e-05	1.000000	1.1178e-05	1.000000	6.43998e-09	
1.250000	6.95449e-06	1.250000	9.47162e-06	1.250000	9.10734e-06	1.250000	9.10734e-06	1.250000	9.46634e-06	1.250000	5.28196e-09	
1.500000	6.14818e-06	1.500000	8.23485e-06	1.500000	7.98934e-06	1.500000	7.98934e-06	1.500000	8.23036e-06	1.500000	4.49013e-09	
1.750000	5.51667e-06	1.750000	7.29727e-06	1.750000	7.13546e-06	1.750000	7.13546e-06	1.750000	7.29336e-06	1.750000	3.91282e-09	
2.000000	5.00772e-06	2.000000	6.56009e-06	2.000000	6.45754e-06	2.000000	6.45754e-06	2.000000	6.55662e-06	2.000000	3.47233e-09	
2.250000	4.58823e-06	2.250000	5.96413e-06	2.250000	5.90402e-06	2.250000	5.90402e-06	2.250000	5.961e-06 	2.250000	3.12463e-09	
2.500000	4.16526e-06	2.500000	5.47172e-06	2.500000	5.44242e-06	2.500000	5.44242e-06	2.500000	5.46888e-06	2.500000	2.84286e-09	
3.000000	3.63564e-06	3.000000	4.70452e-06	3.000000	4.71455e-06	3.000000	4.71455e-06	3.000000	4.70211e-06	3.000000	2.4133e-09	
3.500000	3.23417e-06	3.500000	4.13351e-06	3.500000	4.16538e-06	3.500000	4.16538e-06	3.500000	4.13141e-06	3.500000	2.10061e-09	
4.000000	2.91842e-06	4.000000	3.69149e-06	4.000000	3.73565e-06	4.000000	3.73565e-06	4.000000	3.68963e-06	4.000000	1.86234e-09	
4.500000	2.66304e-06	4.500000	3.33889e-06	4.500000	3.38987e-06	4.500000	3.38987e-06	4.500000	3.33722e-06	4.500000	1.67447e-09	
5.000000	2.45187e-06	5.000000	3.05085e-06	5.000000	3.1054e-06	5.000000	3.1054e-06	5.000000	3.04933e-06	5.000000	1.52237e-09	
5.500000	2.27412e-06	5.500000	2.81095e-06	5.500000	2.86711e-06	5.500000	2.86711e-06	5.500000	2.80955e-06	5.500000	1.39659e-09	
6.000000	2.12227e-06	6.000000	2.60791e-06	6.000000	2.66445e-06	6.000000	2.66445e-06	6.000000	2.60662e-06	6.000000	1.29076e-09	
6.500000	1.99093e-06	6.500000	2.43373e-06	6.500000	2.48988e-06	6.500000	2.48988e-06	6.500000	2.43253e-06	6.500000	1.20044e-09	
7.000000	1.87613e-06	7.000000	2.28257e-06	7.000000	2.33786e-06	7.000000	2.33786e-06	7.000000	2.28145e-06	7.000000	1.1224e-09	
7.500000	1.77487e-06	7.500000	2.15007e-06	7.500000	2.20421e-06	7.500000	2.20421e-06	7.500000	2.14902e-06	7.500000	1.05427e-09	
8.000000	1.68484e-06	8.000000	2.03293e-06	8.000000	2.08574e-06	8.000000	2.08574e-06	8.000000	2.03194e-06	8.000000	9.94256e-10	
8.500000	1.60423e-06	8.500000	1.92856e-06	8.500000	1.97996e-06	8.500000	1.97996e-06	8.500000	1.92762e-06	8.500000	9.40963e-10	
9.000000	1.53161e-06	9.000000	1.83496e-06	9.000000	1.88488e-06	9.000000	1.88488e-06	9.000000	1.83406e-06	9.000000	8.93312e-10	
9.500000	1.46582e-06	9.500000	1.75049e-06	9.500000	1.79895e-06	9.500000	1.79895e-06	9.500000	1.74964e-06	9.500000	8.50439e-10	
10.000000	1.40592e-06	10.000000	1.62324e-06	10.000000	1.72086e-06	10.000000	1.72086e-06	10.000000	1.62243e-06	10.000000	8.11652e-10	
11.000000	1.30084e-06	11.000000	1.5088e-06	11.000000	1.5827e-06	11.000000	1.58278e-06	11.000000	1.50806e-06	11.000000	7.44174e-10	
12.000000	1.21161e-06	12.000000	1.41045e-06	12.000000	1.46634e-06	12.000000	1.46647e-06	12.000000	1.40977e-06	12.000000	6.87439e-10	
13.000000	1.13482e-06	13.000000	1.325e-06 	13.000000	1.36703e-06	13.000000	1.36719e-06	13.000000	1.32436e-06	13.000000	6.39042e-10	
14.000000	1.06801e-06	14.000000	1.25004e-06	14.000000	1.28132e-06	14.000000	1.28147e-06	14.000000	1.24944e-06	14.000000	5.97251e-10	
15.000000	1.00931e-06	15.000000	1.18372e-06	15.000000	1.2066e-06	15.000000	1.20675e-06	15.000000	1.18316e-06	15.000000	5.60783e-10	
16.000000	9.57304e-07	16.000000	1.12462e-06	16.000000	1.14092e-06	16.000000	1.14106e-06	16.000000	1.12409e-06	16.000000	5.28671e-10	
17.000000	9.10891e-07	17.000000	1.0716e-06	17.000000	1.08278e-06	17.000000	1.08291e-06	17.000000	1.0711e-06	17.000000	5.00169e-10	
18.000000	8.69198e-07	18.000000	1.02376e-06	18.000000	1.03099e-06	18.000000	1.03108e-06	18.000000	1.02329e-06	18.000000	4.74694e-10	
19.000000	8.31527e-07	19.000000	9.80369e-07	19.000000	9.84566e-07	19.000000	9.84634e-07	19.000000	9.79917e-07	19.000000	4.51782e-10	
20.000000	7.97312e-07	20.000000	9.4082e-07	20.000000	9.4273e-07	20.000000	9.42797e-07	20.000000	9.40389e-07	20.000000	4.3106e-10	
21.000000	7.66091e-07	21.000000	9.04621e-07	21.000000	9.04868e-07	21.000000	9.04943e-07	21.000000	9.04209e-07	21.000000	4.12225e-10	
22.000000	7.37479e-07	22.000000	8.71356e-07	22.000000	8.70495e-07	22.000000	8.70551e-07	22.000000	8.70961e-07	22.000000	3.95027e-10	
23.000000	7.11157e-07	23.000000	8.40679e-07	23.000000	8.39175e-07	23.000000	8.39191e-07	23.000000	8.40299e-07	23.000000	3.7926e-10	
24.000000	6.86855e-07	24.000000	8.12293e-07	24.000000	8.10523e-07	24.000000	8.105e-07 	24.000000	8.11929e-07	24.000000	3.64748e-10	
25.000000	6.64345e-07	25.000000	7.85949e-07	25.000000	7.84229e-07	25.000000	7.84171e-07	25.000000	7.85598e-07	25.000000	3.51347e-10	
27.000000	6.23949e-07	27.000000	7.3855e-07	27.000000	7.37739e-07	27.000000	7.37593e-07	27.000000	7.38223e-07	27.000000	3.27397e-10	
29.000000	5.88713e-07	29.000000	6.97084e-07	29.000000	6.97958e-07	29.000000	6.97776e-07	29.000000	6.96778e-07	29.000000	3.06612e-10	
31.000000	5.57691e-07	31.000000	6.60489e-07	31.000000	6.62135e-07	31.000000	6.61943e-07	31.000000	6.602e-07 	31.000000	2.88397e-10	
33.000000	5.30157e-07	33.000000	6.27942e-07	33.000000	6.29131e-07	33.000000	6.28879e-07	33.000000	6.2767e-07	33.000000	2.72298e-10	
35.000000	5.05543e-07	35.000000	5.98799e-07	35.000000	5.99564e-07	35.000000	5.99325e-07	35.000000	5.98541e-07	35.000000	2.57962e-10	
38.000000	4.73139e-07	38.000000	5.6037e-07	38.000000	5.607e-07 	38.000000	5.60423e-07	38.000000	5.60131e-07	38.000000	2.39172e-10	
41.000000	4.45149e-07	41.000000	5.27125e-07	41.000000	5.27112e-07	41.000000	5.26829e-07	41.000000	5.26902e-07	41.000000	2.23021e-10	
44.000000	4.20713e-07	44.000000	4.98068e-07	44.000000	4.97761e-07	44.000000	4.9751e-07	44.000000	4.97859e-07	44.000000	2.08984e-10	
47.000000	3.99182e-07	47.000000	4.72445e-07	47.000000	4.71973e-07	47.000000	4.71688e-07	47.000000	4.72249e-07	47.000000	1.96666e-10	
50.000000	3.80058e-07	50.000000	4.49676e-07	50.000000	4.49051e-07	50.000000	4.48763e-07	50.000000	4.4949e-07	50.000000	1.85767e-10	
55.000000	3.52513e-07	55.000000	4.16866e-07	55.000000	4.1608e-07	55.000000	4.15767e-07	55.000000	4.16696e-07	55.000000	1.70141e-10	
60.000000	3.29255e-07	60.000000	3.89164e-07	60.000000	3.88225e-07	60.000000	3.87937e-07	60.000000	3.89007e-07	60.000000	1.57019e-10	
65.000000	3.09339e-07	65.000000	3.6545e-07	65.000000	3.6443e-07	65.000000	3.64135e-07	65.000000	3.65304e-07	65.000000	1.45837e-10	
70.000000	2.92079e-07	70.000000	3.44912e-07	70.000000	3.43835e-07	70.000000	3.43535e-07	70.000000	3.44776e-07	70.000000	1.36191e-10	
75.000000	2.76967e-07	75.000000	3.26945e-07	75.000000	3.258e-07 	75.000000	3.25524e-07	75.000000	3.26817e-07	75.000000	1.27781e-10	
80.000000	2.63618e-07	80.000000	3.1109e-07	80.000000	3.09939e-07	80.000000	3.09639e-07	80.000000	3.1097e-07	80.000000	1.20382e-10	
85.000000	2.51733e-07	85.000000	2.96991e-07	85.000000	2.95805e-07	85.000000	2.9552e-07	85.000000	2.96878e-07	85.000000	1.1382e-10	
90.000000	2.4108e-07	90.000000	2.8437e-07	90.000000	2.83158e-07	90.000000	2.82885e-07	90.000000	2.84262e-07	90.000000	1.07959e-10	
95.000000	2.31471e-07	95.000000	2.73003e-07	95.000000	2.71802e-07	95.000000	2.71511e-07	95.000000	2.729e-07 	95.000000	1.02692e-10	
100.000000	2.22758e-07	100.000000	2.6271e-07	100.000000	2.61494e-07	100.000000	2.61215e-07	100.000000	2.62612e-07	100.000000	9.79306e-11	
105.000000	2.14818e-07	105.000000	2.53345e-07	105.000000	2.52118e-07	105.000000	2.5185e-07	105.000000	2.53251e-07	105.000000	9.36055e-11	
110.000000	2.0755e-07	110.000000	2.44786e-07	110.000000	2.43549e-07	110.000000	2.43294e-07	110.000000	2.44696e-07	110.000000	8.96587e-11	
115.000000	2.00869e-07	115.000000	2.36933e-07	115.000000	2.3571e-07	115.000000	2.35447e-07	115.000000	2.36847e-07	115.000000	8.60419e-11	
120.000000	1.94707e-07	120.000000	2.29701e-07	120.000000	2.28492e-07	120.000000	2.28223e-07	120.000000	2.29619e-07	120.000000	8.27151e-11	
125.000000	1.89003e-07	125.000000	2.23019e-07	125.000000	2.21805e-07	125.000000	2.2155e-07	125.000000	2.2294e-07	125.000000	7.96443e-11	
130.000000	1.83706e-07	130.000000	2.16826e-07	130.000000	2.15614e-07	130.000000	2.15367e-07	130.000000	2.16749e-07	130.000000	7.68007e-11	
135.000000	1.78775e-07	135.000000	2.1107e-07	135.000000	2.09881e-07	135.000000	2.09622e-07	135.000000	2.10996e-07	135.000000	7.41598e-11	
140.000000	1.7417e-07	140.000000	2.05705e-07	140.000000	2.04529e-07	140.000000	2.0427e-07	140.000000	2.05633e-07	140.000000	7.17003e-11	
145.000000	1.6986e-07	145.000000	2.00693e-07	145.000000	1.99521e-07	145.000000	1.99272e-07	145.000000	2.00624e-07	145.000000	6.94041e-11	
150.000000	1.65817e-07	150.000000	1.96001e-07	150.000000	1.94837e-07	150.000000	1.94593e-07	150.000000	1.95933e-07	150.000000	6.72552e-11	
155.000000	1.60124e-07	155.000000	1.91597e-07	155.000000	1.9044e-07	155.000000	1.90205e-07	155.000000	1.91532e-07	155.000000	6.52397e-11	
160.000000	1.56787e-07	160.000000	1.87457e-07	160.000000	1.86313e-07	160.000000	1.8608e-07	160.000000	1.87394e-07	160.000000	6.33455e-11	
165.000000	1.53641e-07	165.000000	1.83557e-07	165.000000	1.82438e-07	165.000000	1.82196e-07	165.000000	1.83496e-07	165.000000	6.15617e-11	
170.000000	1.50668e-07	170.000000	1.79877e-07	170.000000	1.78775e-07	170.000000	1.78532e-07	170.000000	1.79818e-07	170.000000	5.98789e-11	
175.000000	1.47856e-07	175.000000	1.76399e-07	175.000000	1.75306e-07	175.000000	1.75071e-07	175.000000	1.76341e-07	175.000000	5.82887e-11	
180.000000	1.4519e-07	180.000000	1.73106e-07	180.000000	1.72025e-07	180.000000	1.71795e-07	180.000000	1.7305e-07	180.000000	5.67835e-11	
185.000000	1.42661e-07	185.000000	1.69985e-07	185.000000	1.68916e-07	185.000000	1.68691e-07	185.000000	1.69929e-07	185.000000	5.53567e-11	
190.000000	1.40256e-07	190.000000	1.67021e-07	190.000000	1.65964e-07	190.000000	1.65745e-07	190.000000	1.66967e-07	190.000000	5.40021e-11	
195.000000	1.37969e-07	195.000000	1.64204e-07	195.000000	1.63166e-07	195.000000	1.62945e-07	195.000000	1.64151e-07	195.000000	5.27144e-11	
200.000000	1.35789e-07	200.000000	1.61522e-07	200.000000	1.60509e-07	200.000000	1.60282e-07	200.000000	1.61471e-07	200.000000	5.14887e-11	
210.000000	1.31723e-07	210.000000	1.56529e-07	210.000000	1.55548e-07	210.000000	1.55325e-07	210.000000	1.5648e-07	210.000000	4.92061e-11	
220.000000	1.28007e-07	220.000000	1.51975e-07	220.000000	1.51023e-07	220.000000	1.50808e-07	220.000000	1.51928e-07	220.000000	4.71234e-11	
230.000000	1.24598e-07	230.000000	1.47805e-07	230.000000	1.46882e-07	230.000000	1.46675e-07	230.000000	1.47759e-07	230.000000	4.52153e-11	
240.000000	1.21458e-07	240.000000	1.43972e-07	240.000000	1.43092e-07	240.000000	1.4288e-07	240.000000	1.43928e-07	240.000000	4.34604e-11	
250.000000	1.18557e-07	250.000000	1.40437e-07	250.000000	1.39596e-07	250.000000	1.39384e-07	250.000000	1.40395e-07	250.000000	4.18409e-11	
260.000000	1.15868e-07	260.000000	1.37168e-07	260.000000	1.36358e-07	260.000000	1.36152e-07	260.000000	1.37127e-07	260.000000	4.03415e-11	
270.000000	1.13369e-07	270.000000	1.34135e-07	270.000000	1.33357e-07	270.000000	1.33157e-07	270.000000	1.34096e-07	270.000000	3.89491e-11	
280.000000	1.1104e-07	280.000000	1.31314e-07	280.000000	1.30569e-07	280.000000	1.30374e-07	280.000000	1.31277e-07	280.000000	3.76526e-11	
290.000000	1.08865e-07	290.000000	1.28684e-07	290.000000	1.27983e-07	290.000000	1.27782e-07	290.000000	1.28648e-07	290.000000	3.64424e-11	
300.000000	1.06829e-07	300.000000	1.26227e-07	300.000000	1.25563e-07	300.000000	1.25361e-07	300.000000	1.26192e-07	300.000000	3.53099e-11	
310.000000	1.04919e-07	310.000000	1.23926e-07	310.000000	1.23293e-07	310.000000	1.23097e-07	310.000000	1.23892e-07	310.000000	3.42479e-11	
320.000000	1.03124e-07	320.000000	1.21767e-07	320.000000	1.21167e-07	320.000000	1.20975e-07	320.000000	1.21733e-07	320.000000	3.32499e-11	
330.000000	1.01433e-07	330.000000	1.19737e-07	330.000000	1.19169e-07	330.000000	1.18982e-07	330.000000	1.19705e-07	330.000000	3.23102e-11	
340.000000	9.98388e-08	340.000000	1.17826e-07	340.000000	1.17292e-07	340.000000	1.17107e-07	340.000000	1.17795e-07	340.000000	3.14238e-11	
350.000000	9.83327e-08	350.000000	1.16024e-07	350.000000	1.1553e-07	350.000000	1.1534e-07	350.000000	1.15993e-07	350.000000	3.05863e-11	
360.000000	9.69078e-08	360.000000	1.14321e-07	360.000000	1.13864e-07	360.000000	1.13672e-07	360.000000	1.14292e-07	360.000000	2.97937e-11	
370.000000	9.55579e-08	370.000000	1.12711e-07	370.000000	1.12284e-07	370.000000	1.12097e-07	370.000000	1.12682e-07	370.000000	2.90424e-11	
380.000000	9.42772e-08	380.000000	1.11186e-07	380.000000	1.1079e-07	380.000000	1.10606e-07	380.000000	1.11157e-07	380.000000	2.83292e-11	
390.000000	9.30607e-08	390.000000	1.09739e-07	390.000000	1.09374e-07	390.000000	1.09193e-07	390.000000	1.09711e-07	390.000000	2.76513e-11	
400.000000	9.19039e-08	400.000000	1.08365e-07	400.000000	1.0803e-07	400.000000	1.07852e-07	400.000000	1.08338e-07	400.000000	2.70061e-11	
410.000000	9.08026e-08	410.000000	1.0706e-07	410.000000	1.06755e-07	410.000000	1.06579e-07	410.000000	1.07033e-07	410.000000	2.63913e-11	
420.000000	8.9753e-08	420.000000	1.05817e-07	420.000000	1.05547e-07	420.000000	1.05368e-07	420.000000	1.05791e-07	420.000000	2.58047e-11	
430.000000	8.87516e-08	430.000000	1.04633e-07	430.000000	1.04398e-07	430.000000	1.04216e-07	430.000000	1.04607e-07	430.000000	2.52444e-11	
440.000000	8.77954e-08	440.000000	1.03504e-07	440.000000	1.03299e-07	440.000000	1.03118e-07	440.000000	1.03479e-07	440.000000	2.47087e-11	
450.000000	8.68816e-08	450.000000	1.02426e-07	450.000000	1.02249e-07	450.000000	1.02071e-07	450.000000	1.02402e-07	450.000000	2.4196e-11	
460.000000	8.60073e-08	460.000000	1.01396e-07	460.000000	1.01247e-07	460.000000	1.01071e-07	460.000000	1.01373e-07	460.000000	2.37048e-11	
470.000000	8.51704e-08	470.000000	1.00412e-07	470.000000	1.0029e-07	470.000000	1.00116e-07	470.000000	1.00389e-07	470.000000	2.32337e-11	
480.000000	8.43685e-08	480.000000	9.94698e-08	480.000000	9.9375e-08	480.000000	9.92031e-08	480.000000	9.9447e-08	480.000000	2.27816e-11	
490.000000	8.35996e-08	490.000000	9.85676e-08	490.000000	9.84986e-08	490.000000	9.83294e-08	490.000000	9.85453e-08	490.000000	2.23473e-11	
500.000000	8.28618e-08	500.000000	9.7703e-08	500.000000	9.76608e-08	500.000000	9.74927e-08	500.000000	9.76811e-08	500.000000	2.19298e-11	
520.000000	8.14728e-08	520.000000	9.60781e-08	520.000000	9.6094e-08	520.000000	9.59219e-08	520.000000	9.60569e-08	520.000000	2.11413e-11	
540.000000	8.01891e-08	540.000000	9.45797e-08	540.000000	9.4648e-08	540.000000	9.44754e-08	540.000000	9.45592e-08	540.000000	2.04092e-11	
560.000000	7.89999e-08	560.000000	9.31946e-08	560.000000	9.33086e-08	560.000000	9.31401e-08	560.000000	9.31748e-08	560.000000	1.97275e-11	
580.000000	7.7896e-08	580.000000	9.19114e-08	580.000000	9.20704e-08	580.000000	9.19045e-08	580.000000	9.18923e-08	580.000000	1.90913e-11	
600.000000	7.68692e-08	600.000000	9.07202e-08	600.000000	9.09214e-08	600.000000	9.07588e-08	600.000000	9.07017e-08	600.000000	1.84961e-11	
620.000000	7.59125e-08	620.000000	8.96124e-08	620.000000	8.9855e-08	620.000000	8.96943e-08	620.000000	8.95944e-08	620.000000	1.7938e-11	
640.000000	7.50197e-08	640.000000	8.85803e-08	640.000000	8.88669e-08	640.000000	8.87035e-08	640.000000	8.85628e-08	640.000000	1.74135e-11	
660.000000	7.41852e-08	660.000000	8.76172e-08	660.000000	8.79452e-08	660.000000	8.77797e-08	660.000000	8.76003e-08	660.000000	1.69198e-11	
680.000000	7.34042e-08	680.000000	8.67172e-08	680.000000	8.70806e-08	680.000000	8.69169e-08	680.000000	8.67008e-08	680.000000	1.64541e-11	
700.000000	7.26722e-08	700.000000	8.58751e-08	700.000000	8.62709e-08	700.000000	8.611e-08 	700.000000	8.58591e-08	700.000000	1.60141e-11	
720.000000	7.19856e-08	720.000000	8.50861e-08	720.000000	8.55134e-08	720.000000	8.53542e-08	720.000000	8.50705e-08	720.000000	1.55978e-11	
740.000000	7.13406e-08	740.000000	8.4346e-08	740.000000	8.48028e-08	740.000000	8.46454e-08	740.000000	8.43308e-08	740.000000	1.52032e-11	
760.000000	7.07344e-08	760.000000	8.36511e-08	760.000000	8.41349e-08	760.000000	8.39799e-08	760.000000	8.36363e-08	760.000000	1.48287e-11	
780.000000	7.0164e-08	780.000000	8.2998e-08	780.000000	8.3508e-08	780.000000	8.33542e-08	780.000000	8.29835e-08	780.000000	1.44727e-11	
800.000000	6.96268e-08	800.000000	8.23836e-08	800.000000	8.29204e-08	800.000000	8.27655e-08	800.000000	8.23694e-08	800.000000	1.41339e-11	
820.000000	6.91207e-08	820.000000	8.18051e-08	820.000000	8.23679e-08	820.000000	8.22109e-08	820.000000	8.17913e-08	820.000000	1.38111e-11	
840.000000	6.86435e-08	840.000000	8.12601e-08	840.000000	8.18461e-08	840.000000	8.16879e-08	840.000000	8.12466e-08	840.000000	1.35032e-11	
860.000000	6.81933e-08	860.000000	8.07463e-08	860.000000	8.13519e-08	860.000000	8.11944e-08	860.000000	8.07331e-08	860.000000	1.3209e-11	
880.000000	6.77683e-08	880.000000	8.02616e-08	880.000000	8.0884e-08	880.000000	8.07283e-08	880.000000	8.02487e-08	880.000000	1.29279e-11	
900.000000	6.7367e-08	900.000000	7.98041e-08	900.000000	8.04416e-08	900.000000	8.02876e-08	900.000000	7.97914e-08	900.000000	1.26588e-11	
920.000000	6.6988e-08	920.000000	7.9372e-08	920.000000	8.00235e-08	920.000000	7.98708e-08	920.000000	7.93596e-08	920.000000	1.2401e-11	
940.000000	6.66298e-08	940.000000	7.89639e-08	940.000000	7.96279e-08	940.000000	7.94762e-08	940.000000	7.89517e-08	940.000000	1.21538e-11	
960.000000	6.62913e-08	960.000000	7.85781e-08	960.000000	7.92533e-08	960.000000	7.91024e-08	960.000000	7.85662e-08	960.000000	1.19165e-11	
980.000000	6.59713e-08	980.000000	7.82135e-08	980.000000	7.88982e-08	980.000000	7.87481e-08	980.000000	7.82018e-08	980.000000	1.16887e-11	
1000.000000	6.56688e-08	1000.000000	7.78686e-08	1000.000000	7.85613e-08	1000.000000	7.84122e-08	1000.000000	7.78572e-08	1000.000000	1.14696e-11	
1020.000000	6.53827e-08	1020.000000	7.75425e-08	1020.000000	7.82415e-08	1020.000000	7.80934e-08	1020.000000	7.75313e-08	1020.000000	1.12588e-11	
1040.000000	6.51123e-08	1040.000000	7.7234e-08	1040.000000	7.79376e-08	1040.000000	7.77907e-08	1040.000000	7.7223e-08	1040.000000	1.10559e-11	
1060.000000	6.48567e-08	1060.000000	7.69422e-08	1060.000000	7.76489e-08	1060.000000	7.75033e-08	1060.000000	7.69314e-08	1060.000000	1.08604e-11	
1080.000000	6.46151e-08	1080.000000	7.66662e-08	1080.000000	7.73748e-08	1080.000000	7.72301e-08	1080.000000	7.66555e-08	1080.000000	1.06719e-11	
1100.000000	6.43868e-08	1100.000000	7.6405e-08	1100.000000	7.71147e-08	1100.000000	7.69705e-08	1100.000000	7.63945e-08	1100.000000	1.049e-11 	
1120.000000	6.41712e-08	1120.000000	7.6158e-08	1120.000000	7.6868e-08	1120.000000	7.67236e-08	1120.000000	7.61477e-08	1120.000000	1.03144e-11	
1140.000000	6.39675e-08	1140.000000	7.59244e-08	1140.000000	7.6634e-08	1140.000000	7.64887e-08	1140.000000	7.59143e-08	1140.000000	1.01447e-11	
1160.000000	6.37753e-08	1160.000000	7.57035e-08	1160.000000	7.64116e-08	1160.000000	7.62652e-08	1160.000000	7.56935e-08	1160.000000	9.98074e-12	
1180.000000	6.35939e-08	1180.000000	7.54947e-08	1180.000000	7.61999e-08	1180.000000	7.60525e-08	1180.000000	7.54849e-08	1180.000000	9.82213e-12	
1200.000000	6.34229e-08	1200.000000	7.52974e-08	1200.000000	7.5998e-08	1200.000000	7.585e-08 	1200.000000	7.52878e-08	1200.000000	9.66862e-12	
1220.000000	6.32618e-08	1220.000000	7.51111e-08	1220.000000	7.58052e-08	1220.000000	7.56571e-08	1220.000000	7.51016e-08	1220.000000	9.51999e-12	
1240.000000	6.31102e-08	1240.000000	7.49351e-08	1240.000000	7.56212e-08	1240.000000	7.54734e-08	1240.000000	7.49258e-08	1240.000000	9.37599e-12	
1260.000000	6.29676e-08	1260.000000	7.47691e-08	1260.000000	7.54455e-08	1260.000000	7.52984e-08	1260.000000	7.47599e-08	1260.000000	9.23641e-12	
1280.000000	6.28336e-08	1280.000000	7.46126e-08	1280.000000	7.52779e-08	1280.000000	7.51317e-08	1280.000000	7.46035e-08	1280.000000	9.10105e-12	
1300.000000	6.27079e-08	1300.000000	7.44651e-08	1300.000000	7.51182e-08	1300.000000	7.49728e-08	1300.000000	7.44562e-08	1300.000000	8.96971e-12	
1320.000000	6.25901e-08	1320.000000	7.43263e-08	1320.000000	7.49661e-08	1320.000000	7.48214e-08	1320.000000	7.43175e-08	1320.000000	8.84223e-12	
1340.000000	6.24799e-08	1340.000000	7.41957e-08	1340.000000	7.48212e-08	1340.000000	7.46771e-08	1340.000000	7.4187e-08	1340.000000	8.71843e-12	
1360.000000	6.2377e-08	1360.000000	7.40731e-08	1360.000000	7.46832e-08	1360.000000	7.45395e-08	1360.000000	7.40645e-08	1360.000000	8.59815e-12	
1380.000000	6.2281e-08	1380.000000	7.3958e-08	1380.000000	7.45517e-08	1380.000000	7.44085e-08	1380.000000	7.39495e-08	1380.000000	8.48124e-12	
1400.000000	6.21918e-08	1400.000000	7.38501e-08	1400.000000	7.44264e-08	1400.000000	7.42835e-08	1400.000000	7.38417e-08	1400.000000	8.36756e-12	
1420.000000	6.2109e-08	1420.000000	7.37492e-08	1420.000000	7.43068e-08	1420.000000	7.41644e-08	1420.000000	7.37409e-08	1420.000000	8.25698e-12	
1440.000000	6.20324e-08	1440.000000	7.36549e-08	1440.000000	7.41929e-08	1440.000000	7.4051e-08	1440.000000	7.36468e-08	1440.000000	8.14937e-12	
1460.000000	6.19617e-08	1460.000000	7.35671e-08	1460.000000	7.40841e-08	1460.000000	7.39428e-08	1460.000000	7.3559e-08	1460.000000	8.04462e-12	
1480.000000	6.18968e-08	1480.000000	7.34853e-08	1480.000000	7.39805e-08	1480.000000	7.38398e-08	1480.000000	7.34774e-08	1480.000000	7.9426e-12	
1500.000000	6.18374e-08	1500.000000	7.34095e-08	1500.000000	7.38818e-08	1500.000000	7.37416e-08	1500.000000	7.34017e-08	1500.000000	7.84321e-12	
1520.000000	6.17833e-08	1520.000000	7.33393e-08	1520.000000	7.37877e-08	1520.000000	7.36481e-08	1520.000000	7.33316e-08	1520.000000	7.74636e-12	
1540.000000	6.17344e-08	1540.000000	7.32746e-08	1540.000000	7.36983e-08	1540.000000	7.35591e-08	1540.000000	7.32669e-08	1540.000000	7.65194e-12	
1560.000000	6.16904e-08	1560.000000	7.32151e-08	1560.000000	7.36132e-08	1560.000000	7.34743e-08	1560.000000	7.32075e-08	1560.000000	7.55986e-12	
1580.000000	6.16512e-08	1580.000000	7.31606e-08	1580.000000	7.35324e-08	1580.000000	7.33937e-08	1580.000000	7.31532e-08	1580.000000	7.47003e-12	
1600.000000	6.16166e-08	1600.000000	7.3111e-08	1600.000000	7.34556e-08	1600.000000	7.33169e-08	1600.000000	7.31037e-08	1600.000000	7.38238e-12	
1620.000000	6.15864e-08	1620.000000	7.30661e-08	1620.000000	7.33828e-08	1620.000000	7.32439e-08	1620.000000	7.30588e-08	1620.000000	7.29683e-12	
1640.000000	6.15606e-08	1640.000000	7.30257e-08	1640.000000	7.33138e-08	1640.000000	7.31745e-08	1640.000000	7.30185e-08	1640.000000	7.21329e-12	
1660.000000	6.15389e-08	1660.000000	7.29896e-08	1660.000000	7.32482e-08	1660.000000	7.31086e-08	1660.000000	7.29825e-08	1660.000000	7.1317e-12	
1680.000000	6.15213e-08	1680.000000	7.29577e-08	1680.000000	7.31861e-08	1680.000000	7.30459e-08	1680.000000	7.29507e-08	1680.000000	7.05199e-12	
1700.000000	6.15075e-08	1700.000000	7.29299e-08	1700.000000	7.31271e-08	1700.000000	7.29865e-08	1700.000000	7.29229e-08	1700.000000	6.97409e-12	
1750.000000	6.14894e-08	1750.000000	7.28771e-08	1750.000000	7.29926e-08	1750.000000	7.28509e-08	1750.000000	7.28703e-08	1750.000000	6.78689e-12	
1800.000000	6.14931e-08	1800.000000	7.28468e-08	1800.000000	7.28749e-08	1800.000000	7.27326e-08	1800.000000	7.28401e-08	1800.000000	6.60976e-12	
1850.000000	6.1517e-08	1850.000000	7.2837e-08	1850.000000	7.27721e-08	1850.000000	7.263e-08 	1850.000000	7.28306e-08	1850.000000	6.4419e-12	
1900.000000	6.15597e-08	1900.000000	7.28462e-08	1900.000000	7.26831e-08	1900.000000	7.25415e-08	1900.000000	7.28399e-08	1900.000000	6.2826e-12	
1950.000000	6.16198e-08	1950.000000	7.2873e-08	1950.000000	7.26068e-08	1950.000000	7.2466e-08	1950.000000	7.28669e-08	1950.000000	6.13121e-12	
2000.000000	6.16962e-08	2000.000000	7.2916e-08	2000.000000	7.25422e-08	2000.000000	7.24022e-08	2000.000000	7.291e-08 	2000.000000	5.98714e-12	
2100.000000	6.18938e-08	2100.000000	7.3046e-08	2100.000000	7.24447e-08	2100.000000	7.2306e-08	2100.000000	7.30403e-08	2100.000000	5.71896e-12	
2200.000000	6.21449e-08	2200.000000	7.32282e-08	2200.000000	7.23835e-08	2200.000000	7.22457e-08	2200.000000	7.32227e-08	2200.000000	5.4744e-12	
2300.000000	6.24435e-08	2300.000000	7.34556e-08	2300.000000	7.23527e-08	2300.000000	7.22156e-08	2300.000000	7.34503e-08	2300.000000	5.25046e-12	
2400.000000	6.27843e-08	2400.000000	7.37226e-08	2400.000000	7.23473e-08	2400.000000	7.2211e-08	2400.000000	7.37176e-08	2400.000000	5.0446e-12	
2500.000000	6.31629e-08	2500.000000	7.40244e-08	2500.000000	7.23634e-08	2500.000000	7.22279e-08	2500.000000	7.40196e-08	2500.000000	4.8547e-12	
2600.000000	6.35756e-08	2600.000000	7.43571e-08	2600.000000	7.23978e-08	2600.000000	7.22631e-08	2600.000000	7.43524e-08	2600.000000	4.67897e-12	
2700.000000	6.40193e-08	2700.000000	7.4717e-08	2700.000000	7.2448e-08	2700.000000	7.23139e-08	2700.000000	7.47125e-08	2700.000000	4.51585e-12	
2800.000000	6.44911e-08	2800.000000	7.51012e-08	2800.000000	7.25116e-08	2800.000000	7.23779e-08	2800.000000	7.50969e-08	2800.000000	4.36403e-12	
2900.000000	6.49887e-08	2900.000000	7.55073e-08	2900.000000	7.25869e-08	2900.000000	7.24533e-08	2900.000000	7.55031e-08	2900.000000	4.22235e-12	
3000.000000	6.551e-08 	3000.000000	7.59329e-08	3000.000000	7.26721e-08	3000.000000	7.25384e-08	3000.000000	7.59288e-08	3000.000000	4.08984e-12	
3200.000000	6.66165e-08	3200.000000	7.68353e-08	3200.000000	7.28664e-08	3200.000000	7.2732e-08	3200.000000	7.68314e-08	3200.000000	3.84891e-12	
3400.000000	6.77984e-08	3400.000000	7.77956e-08	3400.000000	7.3085e-08	3400.000000	7.29499e-08	3400.000000	7.7792e-08	3400.000000	3.63548e-12	
3600.000000	6.90464e-08	3600.000000	7.88039e-08	3600.000000	7.33209e-08	3600.000000	7.31853e-08	3600.000000	7.88004e-08	3600.000000	3.44507e-12	
3800.000000	7.03527e-08	3800.000000	7.98522e-08	3800.000000	7.35689e-08	3800.000000	7.34332e-08	3800.000000	7.98489e-08	3800.000000	3.27411e-12	
4000.000000	7.17113e-08	4000.000000	8.09342e-08	4000.000000	7.38253e-08	4000.000000	7.36899e-08	4000.000000	8.09311e-08	4000.000000	3.11974e-12	
4200.000000	7.31171e-08	4200.000000	8.2045e-08	4200.000000	7.40874e-08	4200.000000	7.39523e-08	4200.000000	8.2042e-08	4200.000000	2.97964e-12	
4400.000000	7.4566e-08	4400.000000	8.31802e-08	4400.000000	7.4353e-08	4400.000000	7.42182e-08	4400.000000	8.31773e-08	4400.000000	2.8519e-12	
4600.000000	7.60546e-08	4600.000000	8.43364e-08	4600.000000	7.46204e-08	4600.000000	7.4486e-08	4600.000000	8.43337e-08	4600.000000	2.73494e-12	
4800.000000	7.75801e-08	4800.000000	8.55108e-08	4800.000000	7.48884e-08	4800.000000	7.47544e-08	4800.000000	8.55082e-08	4800.000000	2.62744e-12	
5000.000000	7.91399e-08	5000.000000	8.67011e-08	5000.000000	7.51559e-08	5000.000000	7.50222e-08	5000.000000	8.66985e-08	5000.000000	2.52829e-12	
5250.000000	8.1135e-08	5250.000000	8.8208e-08	5250.000000	7.54884e-08	5250.000000	7.5355e-08	5250.000000	8.82056e-08	5250.000000	2.41466e-12	
5500.000000	8.31772e-08	5500.000000	8.97331e-08	5500.000000	7.58177e-08	5500.000000	7.56847e-08	5500.000000	8.97308e-08	5500.000000	2.31106e-12	
6000.000000	8.73922e-08	6000.000000	9.28277e-08	6000.000000	7.64639e-08	6000.000000	7.63312e-08	6000.000000	9.28256e-08	6000.000000	2.12903e-12	
6500.000000	9.17672e-08	6500.000000	9.59682e-08	6500.000000	7.70902e-08	6500.000000	7.69578e-08	6500.000000	9.59662e-08	6500.000000	1.97423e-12	
7000.000000	9.62897e-08	7000.000000	9.91426e-08	7000.000000	7.76947e-08	7000.000000	7.75626e-08	7000.000000	9.91408e-08	7000.000000	1.84092e-12	
7500.000000	1.0095e-07	7500.000000	1.02343e-07	7500.000000	7.8277e-08	7500.000000	7.81452e-08	7500.000000	1.02341e-07	7500.000000	1.72489e-12	
8000.000000	1.05742e-07	8000.000000	1.05562e-07	8000.000000	7.8838e-08	8000.000000	7.87058e-08	8000.000000	1.0556e-07	8000.000000	1.62296e-12	
8500.000000	1.10659e-07	8500.000000	1.08796e-07	8500.000000	7.93763e-08	8500.000000	7.92451e-08	8500.000000	1.08794e-07	8500.000000	1.53268e-12	
9000.000000	1.15697e-07	9000.000000	1.1204e-07	9000.000000	7.98927e-08	9000.000000	7.9764e-08	9000.000000	1.12039e-07	9000.000000	1.45216e-12	
9500.000000	1.20853e-07	9500.000000	1.15293e-07	9500.000000	8.03903e-08	9500.000000	8.02636e-08	9500.000000	1.15292e-07	9500.000000	1.37987e-12	
10000.000000	1.26124e-07	10000.000000	1.18552e-07	10000.000000	8.08709e-08	10000.000000	8.07449e-08	10000.000000	1.18551e-07	10000.000000	1.31461e-12	
11000.000000	1.37005e-07	11000.000000	1.25081e-07	11000.000000	8.17828e-08	11000.000000	8.16564e-08	11000.000000	1.2508e-07	11000.000000	1.20141e-12	
12000.000000	1.48325e-07	12000.000000	1.31617e-07	12000.000000	8.26332e-08	12000.000000	8.25065e-08	12000.000000	1.31616e-07	12000.000000	1.10657e-12	
13000.000000	1.60078e-07	13000.000000	1.38155e-07	13000.000000	8.3428e-08	13000.000000	8.33019e-08	13000.000000	1.38153e-07	13000.000000	1.02594e-12	
14000.000000	1.72256e-07	14000.000000	1.44689e-07	14000.000000	8.41733e-08	14000.000000	8.40486e-08	14000.000000	1.44688e-07	14000.000000	9.56509e-13	
15000.000000	1.84857e-07	15000.000000	1.51217e-07	15000.000000	8.48748e-08	15000.000000	8.47519e-08	15000.000000	1.51216e-07	15000.000000	8.96091e-13	
16000.000000	1.97877e-07	16000.000000	1.57737e-07	16000.000000	8.55375e-08	16000.000000	8.54163e-08	16000.000000	1.57736e-07	16000.000000	8.43022e-13	
17000.000000	2.11316e-07	17000.000000	1.64247e-07	17000.000000	8.61655e-08	17000.000000	8.60457e-08	17000.000000	1.64247e-07	17000.000000	7.96029e-13	
18000.000000	2.25172e-07	18000.000000	1.70748e-07	18000.000000	8.67622e-08	18000.000000	8.66433e-08	18000.000000	1.70748e-07	18000.000000	7.54117e-13	
19000.000000	2.39446e-07	19000.000000	1.77239e-07	19000.000000	8.73305e-08	19000.000000	8.72122e-08	19000.000000	1.77238e-07	19000.000000	7.16499e-13	
20000.000000	2.54137e-07	20000.000000	1.83719e-07	20000.000000	8.78728e-08	20000.000000	8.77549e-08	20000.000000	1.83718e-07	20000.000000	6.82541e-13	
21000.000000	2.69247e-07	21000.000000	1.90188e-07	21000.000000	8.83915e-08	21000.000000	8.82736e-08	21000.000000	1.90187e-07	21000.000000	6.51731e-13	
22000.000000	2.84776e-07	22000.000000	1.96646e-07	22000.000000	8.88879e-08	22000.000000	8.87703e-08	22000.000000	1.96645e-07	22000.000000	6.23646e-13	
23000.000000	3.00725e-07	23000.000000	2.03093e-07	23000.000000	8.93609e-08	23000.000000	8.92467e-08	23000.000000	2.03092e-07	23000.000000	5.97939e-13	
24000.000000	3.17096e-07	24000.000000	2.09529e-07	24000.000000	8.98155e-08	24000.000000	8.97045e-08	24000.000000	2.09529e-07	24000.000000	5.74316e-13	
25000.000000	3.33889e-07	25000.000000	2.15955e-07	25000.000000	9.0256e-08	25000.000000	9.0145e-08	25000.000000	2.15955e-07	25000.000000	5.52532e-13	
26000.000000	3.51107e-07	26000.000000	2.22371e-07	26000.000000	9.06803e-08	26000.000000	9.05693e-08	26000.000000	2.2237e-07	26000.000000	5.32379e-13	
27000.000000	3.68752e-07	27000.000000	2.28776e-07	27000.000000	9.10873e-08	27000.000000	9.09788e-08	27000.000000	2.28775e-07	27000.000000	5.13679e-13	
28000.000000	3.86824e-07	28000.000000	2.35171e-07	28000.000000	9.14798e-08	28000.000000	9.13742e-08	28000.000000	2.35171e-07	28000.000000	4.96279e-13	
29000.000000	4.05326e-07	29000.000000	2.41556e-07	29000.000000	9.18597e-08	29000.000000	9.17567e-08	29000.000000	2.41556e-07	29000.000000	4.80047e-13	
30000.000000	4.2426e-07	30000.000000	2.47932e-07	30000.000000	9.22279e-08	30000.000000	9.21269e-08	30000.000000	2.47932e-07	30000.000000	4.64868e-13	
32000.000000	4.6343e-07	32000.000000	2.60656e-07	32000.000000	9.29307e-08	32000.000000	9.28335e-08	32000.000000	2.60655e-07	32000.000000	4.37283e-13	
34000.000000	5.04352e-07	34000.000000	2.73344e-07	34000.000000	9.35917e-08	34000.000000	9.34994e-08	34000.000000	2.73343e-07	34000.000000	4.12858e-13	
36000.000000	5.47041e-07	36000.000000	2.85997e-07	36000.000000	9.42162e-08	36000.000000	9.4129e-08	36000.000000	2.85997e-07	36000.000000	3.91078e-13	
38000.000000	5.91517e-07	38000.000000	2.98618e-07	38000.000000	9.48086e-08	38000.000000	9.4726e-08	38000.000000	2.98617e-07	38000.000000	3.71531e-13	
40000.000000	6.37796e-07	40000.000000	3.11207e-07	40000.000000	9.53718e-08	40000.000000	9.52935e-08	40000.000000	3.11207e-07	40000.000000	3.53888e-13	
42000.000000	6.85898e-07	42000.000000	3.23766e-07	42000.000000	9.5908e-08	42000.000000	9.58344e-08	42000.000000	3.23766e-07	42000.000000	3.37882e-13	
44000.000000	7.35842e-07	44000.000000	3.36297e-07	44000.000000	9.64195e-08	44000.000000	9.6351e-08	44000.000000	3.36296e-07	44000.000000	3.23293e-13	
46000.000000	7.87646e-07	46000.000000	3.488e-07 	46000.000000	9.69083e-08	46000.000000	9.68453e-08	46000.000000	3.48799e-07	46000.000000	3.09941e-13	
48000.000000	8.41331e-07	48000.000000	3.61276e-07	48000.000000	9.73764e-08	48000.000000	9.73193e-08	48000.000000	3.61276e-07	48000.000000	2.97672e-13	
50000.000000	8.96915e-07	50000.000000	3.73727e-07	50000.000000	9.78252e-08	50000.000000	9.77745e-08	50000.000000	3.73727e-07	50000.000000	2.8636e-13	
