*! 9Li energy loss (dE/dX) in C
*! apply ZOOM for details
*Energy (MeV/u)1	0 - [He-base] F.Hubert et al, AD&ND Tables 46(1990)1	Energy (MeV/u)2	1 - [H -base] J.F.Ziegler et al,Pergamon Press,NY(low energy)	Energy (MeV/u)3	2 - ATIMA 1.2 LS-theory (recommended for high energy)	Energy (MeV/u)4	3 - ATIMA 1.2 without LS-correction	Energy (MeV/u)5	4 - ATIMA 1.4 H.Weick, improved mean charge formula for HI	Energy (MeV/u)6	5 - electrical component of [1] - J.F.Ziegler et al	Energy (MeV/u)7	6 - nuclear component of [1] - J.F.Ziegler et al	
0.001000	0.131201  	0.001000	0.120727  	0.001000	0.170383  	0.001000	0.170383  	0.001000	0.170335  	0.001000	0.064925  	0.001000	0.0558019 	
0.002000	0.15137   	0.002000	0.134532  	0.002000	0.185516  	0.002000	0.185516  	0.002000	0.185489  	0.002000	0.0950558 	0.002000	0.0394759 	
0.005000	0.211208  	0.005000	0.179949  	0.005000	0.223863  	0.005000	0.223863  	0.005000	0.223851  	0.005000	0.157342  	0.005000	0.0226062 	
0.008000	0.261939  	0.008000	0.220179  	0.008000	0.253665  	0.008000	0.253665  	0.008000	0.253657  	0.008000	0.203757  	0.008000	0.0164223 	
0.010000	0.292182  	0.010000	0.244255  	0.010000	0.270406  	0.010000	0.270406  	0.010000	0.2704    	0.010000	0.230363  	0.010000	0.0138921 	
0.015000	0.34294   	0.015000	0.287658  	0.015000	0.305884  	0.015000	0.305884  	0.015000	0.30588   	0.015000	0.277326  	0.015000	0.0103327 	
0.020000	0.382769  	0.020000	0.307816  	0.020000	0.337729  	0.020000	0.337729  	0.020000	0.337726  	0.020000	0.299496  	0.020000	0.00831959	
0.025000	0.426121  	0.025000	0.334916  	0.025000	0.367862  	0.025000	0.367862  	0.025000	0.36786   	0.025000	0.327907  	0.025000	0.00700942	
0.030000	0.461274  	0.030000	0.358935  	0.030000	0.394043  	0.030000	0.394043  	0.030000	0.394042  	0.030000	0.352853  	0.030000	0.00608204	
0.035000	0.489394  	0.035000	0.379973  	0.035000	0.418557  	0.035000	0.418557  	0.035000	0.418556  	0.035000	0.374586  	0.035000	0.00538773	
0.040000	0.510967  	0.040000	0.398883  	0.040000	0.441513  	0.040000	0.441513  	0.040000	0.441512  	0.040000	0.394036  	0.040000	0.00484657	
0.045000	0.526338  	0.045000	0.415788  	0.045000	0.462995  	0.045000	0.462995  	0.045000	0.462994  	0.045000	0.411376  	0.045000	0.00441179	
0.050000	0.535946  	0.050000	0.430795  	0.050000	0.483071  	0.050000	0.483071  	0.050000	0.48307   	0.050000	0.426741  	0.050000	0.00405413	
0.055000	0.557264  	0.055000	0.450327  	0.055000	0.501799  	0.055000	0.501799  	0.055000	0.501798  	0.055000	0.446573  	0.055000	0.00375425	
0.060000	0.57499   	0.060000	0.46864   	0.060000	0.519233  	0.060000	0.519233  	0.060000	0.519233  	0.060000	0.465141  	0.060000	0.00349887	
0.070000	0.600812  	0.070000	0.501747  	0.070000	0.550425  	0.070000	0.550425  	0.070000	0.550425  	0.070000	0.498661  	0.070000	0.00308631	
0.080000	0.628496  	0.080000	0.52943   	0.080000	0.577046  	0.080000	0.577046  	0.080000	0.577046  	0.080000	0.526663  	0.080000	0.00276667	
0.090000	0.648448  	0.090000	0.552916  	0.090000	0.59949   	0.090000	0.59949   	0.090000	0.59949   	0.090000	0.550405  	0.090000	0.00251113	
0.100000	0.663177  	0.100000	0.57258   	0.100000	0.618146  	0.100000	0.618146  	0.100000	0.618146  	0.100000	0.570278  	0.100000	0.00230177	
0.120000	0.672527  	0.120000	0.611645  	0.120000	0.645618  	0.120000	0.645618  	0.120000	0.645618  	0.120000	0.609667  	0.120000	0.00197836	
0.140000	0.674151  	0.140000	0.639115  	0.140000	0.662343  	0.140000	0.662343  	0.140000	0.662343  	0.140000	0.637376  	0.140000	0.00173937	
0.160000	0.674205  	0.160000	0.658754  	0.160000	0.670852  	0.160000	0.670852  	0.160000	0.670852  	0.160000	0.657199  	0.160000	0.00155503	
0.180000	0.67338   	0.180000	0.670401  	0.180000	0.673264  	0.180000	0.673264  	0.180000	0.673264  	0.180000	0.668993  	0.180000	0.00140818	
0.200000	0.675161  	0.200000	0.679356  	0.200000	0.671275  	0.200000	0.671275  	0.200000	0.671275  	0.200000	0.678068  	0.200000	0.00128824	
0.250000	0.661342  	0.250000	0.680471  	0.250000	0.654943  	0.250000	0.654943  	0.250000	0.654943  	0.250000	0.679405  	0.250000	0.00106597	
0.300000	0.659181  	0.300000	0.682463  	0.300000	0.635744  	0.300000	0.635744  	0.300000	0.635744  	0.300000	0.68155   	0.300000	0.000912392	
0.350000	0.651517  	0.350000	0.674424  	0.350000	0.614858  	0.350000	0.614858  	0.350000	0.614858  	0.350000	0.673624  	0.350000	0.000799506	
0.400000	0.640518  	0.400000	0.66277   	0.400000	0.593097  	0.400000	0.593097  	0.400000	0.593097  	0.400000	0.662057  	0.400000	0.000712798	
0.450000	0.626042  	0.450000	0.64846   	0.450000	0.571476  	0.450000	0.571476  	0.450000	0.571476  	0.450000	0.647816  	0.450000	0.000643971	
0.500000	0.611968  	0.500000	0.635966  	0.500000	0.551616  	0.500000	0.551616  	0.500000	0.551616  	0.500000	0.635378  	0.500000	0.000587926	
0.600000	0.561618  	0.600000	0.586009  	0.600000	0.516872  	0.600000	0.516872  	0.600000	0.516872  	0.600000	0.585507  	0.600000	0.000501981	
0.700000	0.51121   	0.700000	0.539646  	0.700000	0.487544  	0.700000	0.487544  	0.700000	0.487544  	0.700000	0.539207  	0.700000	0.000438997	
0.800000	0.488934  	0.800000	0.506081  	0.800000	0.462266  	0.800000	0.462266  	0.800000	0.462266  	0.800000	0.50569   	0.800000	0.000390738	
0.900000	0.465201  	0.900000	0.473259  	0.900000	0.440041  	0.900000	0.440041  	0.900000	0.440042  	0.900000	0.472907  	0.900000	0.000352509	
1.000000	0.441646  	1.000000	0.442127  	1.000000	0.419115  	1.000000	0.419115  	1.000000	0.419115  	1.000000	0.441806  	1.000000	0.000321434	
1.250000	0.387621  	1.250000	0.392118  	1.250000	0.376054  	1.250000	0.376054  	1.250000	0.376054  	1.250000	0.391853  	1.250000	0.000264222	
1.500000	0.336541  	1.500000	0.34381   	1.500000	0.341817  	1.500000	0.341817  	1.500000	0.341817  	1.500000	0.343585  	1.500000	0.000225002	
1.750000	0.299104  	1.750000	0.309485  	1.750000	0.313338  	1.750000	0.313338  	1.750000	0.313338  	1.750000	0.309289  	1.750000	0.00019635	
2.000000	0.270157  	2.000000	0.283495  	2.000000	0.289123  	2.000000	0.289123  	2.000000	0.289124  	2.000000	0.28332   	2.000000	0.000174452	
2.250000	0.247303  	2.250000	0.260109  	2.250000	0.268183  	2.250000	0.268183  	2.250000	0.268184  	2.250000	0.259952  	2.250000	0.000157143	
2.500000	0.220714  	2.500000	0.240848  	2.500000	0.249935  	2.500000	0.249935  	2.500000	0.249935  	2.500000	0.240705  	2.500000	0.000143099	
3.000000	0.193933  	3.000000	0.210601  	3.000000	0.2198    	3.000000	0.2198    	3.000000	0.2198    	3.000000	0.21048   	3.000000	0.000121658	
3.500000	0.173296  	3.500000	0.187613  	3.500000	0.19608   	3.500000	0.19608   	3.500000	0.19608   	3.500000	0.187507  	3.500000	0.000106024	
4.000000	0.156878  	4.000000	0.169387  	4.000000	0.177023  	4.000000	0.177023  	4.000000	0.177023  	4.000000	0.169293  	4.000000	9.40939e-05	
4.500000	0.143488  	4.500000	0.154526  	4.500000	0.161429  	4.500000	0.161429  	4.500000	0.161429  	4.500000	0.154442  	4.500000	8.46763e-05	
5.000000	0.132346  	5.000000	0.142156  	5.000000	0.148457  	5.000000	0.148457  	5.000000	0.148457  	5.000000	0.142079  	5.000000	7.70438e-05	
5.500000	0.122921  	5.500000	0.131911  	5.500000	0.137509  	5.500000	0.137509  	5.500000	0.137509  	5.500000	0.13184   	5.500000	7.07266e-05	
6.000000	0.114839  	6.000000	0.123128  	6.000000	0.128149  	6.000000	0.128149  	6.000000	0.128149  	6.000000	0.123063  	6.000000	6.54075e-05	
6.500000	0.107827  	6.500000	0.115512  	6.500000	0.120056  	6.500000	0.120056  	6.500000	0.120056  	6.500000	0.115451  	6.500000	6.08642e-05	
7.000000	0.101682  	7.000000	0.108842  	7.000000	0.112987  	7.000000	0.112987  	7.000000	0.112987  	7.000000	0.108785  	7.000000	5.69363e-05	
7.500000	0.0962511 	7.500000	0.10295   	7.500000	0.106757  	7.500000	0.106757  	7.500000	0.106757  	7.500000	0.102896  	7.500000	5.35051e-05	
8.000000	0.0914137 	8.000000	0.0977042 	8.000000	0.101224  	8.000000	0.101224  	8.000000	0.101224  	8.000000	0.0976538 	8.000000	5.04808e-05	
8.500000	0.087076  	8.500000	0.0930028 	8.500000	0.0962752 	8.500000	0.0962752 	8.500000	0.0962753 	8.500000	0.092955  	8.500000	4.7794e-05	
9.000000	0.0831633 	9.000000	0.0887633 	9.000000	0.0918203 	9.000000	0.0918203 	9.000000	0.0918203 	9.000000	0.0887179 	9.000000	4.53905e-05	
9.500000	0.0796149 	9.500000	0.0849195 	9.500000	0.0877875 	9.500000	0.0877875 	9.500000	0.0877875 	9.500000	0.0848763 	9.500000	4.32271e-05	
10.000000	0.0763813 	10.000000	0.0850959 	10.000000	0.0841181 	10.000000	0.0841181 	10.000000	0.0841181 	10.000000	0.0850547 	10.000000	4.1269e-05	
11.000000	0.0707022 	11.000000	0.0786774 	11.000000	0.0776113 	11.000000	0.0776235 	11.000000	0.0775841 	11.000000	0.0786395 	11.000000	3.78607e-05	
12.000000	0.0658732 	12.000000	0.0732253 	12.000000	0.0721077 	12.000000	0.0721277 	12.000000	0.0720582 	12.000000	0.0731903 	12.000000	3.4993e-05	
13.000000	0.0617139 	13.000000	0.0685338 	13.000000	0.0673904 	13.000000	0.067415  	13.000000	0.0673219 	13.000000	0.0685013 	13.000000	3.25452e-05	
14.000000	0.0580919 	14.000000	0.0644519 	14.000000	0.0633016 	14.000000	0.0633281 	14.000000	0.0632164 	14.000000	0.0644215 	14.000000	3.04304e-05	
15.000000	0.0549077 	15.000000	0.0608663 	15.000000	0.0597233 	15.000000	0.0597498 	15.000000	0.059623  	15.000000	0.0608377 	15.000000	2.8584e-05	
16.000000	0.0520852 	16.000000	0.0576904 	16.000000	0.0565646 	16.000000	0.0565906 	16.000000	0.0564517 	16.000000	0.0576634 	16.000000	2.69573e-05	
17.000000	0.0495651 	17.000000	0.0548567 	17.000000	0.0537558 	17.000000	0.0537813 	17.000000	0.0536325 	17.000000	0.0548311 	17.000000	2.55129e-05	
18.000000	0.0473006 	18.000000	0.0523118 	18.000000	0.0512434 	18.000000	0.0512672 	18.000000	0.0511101 	18.000000	0.0522876 	18.000000	2.42214e-05	
19.000000	0.0452538 	19.000000	0.0500131 	19.000000	0.0489829 	19.000000	0.0490047 	19.000000	0.0488407 	19.000000	0.0499901 	19.000000	2.30594e-05	
20.000000	0.0433944 	20.000000	0.047926  	20.000000	0.0469374 	20.000000	0.0469584 	20.000000	0.0467886 	20.000000	0.047904  	20.000000	2.2008e-05	
21.000000	0.0416973 	21.000000	0.0460221 	21.000000	0.045079  	21.000000	0.0450993 	21.000000	0.0449246 	21.000000	0.046001  	21.000000	2.10521e-05	
22.000000	0.0401418 	22.000000	0.0442779 	22.000000	0.0433858 	22.000000	0.0434035 	22.000000	0.0432247 	22.000000	0.0442577 	22.000000	2.0179e-05	
23.000000	0.0387105 	23.000000	0.0426739 	23.000000	0.0418369 	23.000000	0.0418511 	23.000000	0.0416687 	23.000000	0.0426545 	23.000000	1.93783e-05	
24.000000	0.0373889 	24.000000	0.0411935 	24.000000	0.0404137 	24.000000	0.0404252 	24.000000	0.0402398 	24.000000	0.0411748 	24.000000	1.86411e-05	
25.000000	0.0361646 	25.000000	0.0398227 	25.000000	0.0391016 	25.000000	0.0391116 	25.000000	0.0389236 	25.000000	0.0398048 	25.000000	1.79602e-05	
27.000000	0.0339672 	27.000000	0.0373642 	27.000000	0.0367675 	27.000000	0.0367744 	27.000000	0.0365822 	27.000000	0.0373474 	27.000000	1.67428e-05	
29.000000	0.0320501 	29.000000	0.0352213 	29.000000	0.034758  	29.000000	0.034761  	29.000000	0.0345656 	29.000000	0.0352056 	29.000000	1.56858e-05	
31.000000	0.0303621 	31.000000	0.0333362 	31.000000	0.0329704 	31.000000	0.0329696 	31.000000	0.0327813 	31.000000	0.0333214 	31.000000	1.4759e-05	
33.000000	0.0288636 	33.000000	0.0316643 	33.000000	0.0313482 	33.000000	0.0313439 	33.000000	0.0311705 	33.000000	0.0316504 	33.000000	1.39396e-05	
35.000000	0.027524  	35.000000	0.030171  	35.000000	0.0298967 	35.000000	0.0298894 	35.000000	0.0297289 	35.000000	0.0301578 	35.000000	1.32097e-05	
38.000000	0.0257603 	38.000000	0.028207  	38.000000	0.0279841 	38.000000	0.0279731 	38.000000	0.0278287 	38.000000	0.0281948 	38.000000	1.22526e-05	
41.000000	0.0242368 	41.000000	0.0265128 	41.000000	0.0263304 	41.000000	0.0263163 	41.000000	0.0261854 	41.000000	0.0265013 	41.000000	1.14295e-05	
44.000000	0.0229066 	44.000000	0.0250355 	44.000000	0.0248854 	44.000000	0.0248689 	44.000000	0.0247494 	44.000000	0.0250248 	44.000000	1.07138e-05	
47.000000	0.0217345 	47.000000	0.0237356 	47.000000	0.023612  	47.000000	0.023593  	47.000000	0.0234831 	47.000000	0.0237255 	47.000000	1.00856e-05	
50.000000	0.0206934 	50.000000	0.0225825 	50.000000	0.0224781 	50.000000	0.0224593 	50.000000	0.0223577 	50.000000	0.022573  	50.000000	9.52951e-06	
55.000000	0.0191937 	55.000000	0.0209244 	55.000000	0.0208457 	55.000000	0.0208259 	55.000000	0.0207358 	55.000000	0.0209157 	55.000000	8.73187e-06	
60.000000	0.0179275 	60.000000	0.0195276 	60.000000	0.0194679 	60.000000	0.0194466 	60.000000	0.0193658 	60.000000	0.0195195 	60.000000	8.06169e-06	
65.000000	0.0168432 	65.000000	0.0183341 	65.000000	0.0182864 	65.000000	0.0182657 	65.000000	0.0181926 	65.000000	0.0183266 	65.000000	7.49036e-06	
70.000000	0.0159034 	70.000000	0.0173021 	70.000000	0.0172654 	70.000000	0.0172427 	70.000000	0.0171761 	70.000000	0.0172951 	70.000000	6.99729e-06	
75.000000	0.0150806 	75.000000	0.0164005 	75.000000	0.0163691 	75.000000	0.0163475 	75.000000	0.0162864 	75.000000	0.0163939 	75.000000	6.56727e-06	
80.000000	0.0143538 	80.000000	0.0156059 	80.000000	0.0155799 	80.000000	0.0155574 	80.000000	0.015501  	80.000000	0.0155997 	80.000000	6.18878e-06	
85.000000	0.0137067 	85.000000	0.0149    	85.000000	0.014876  	85.000000	0.0148546 	85.000000	0.0148023 	85.000000	0.0148942 	85.000000	5.85301e-06	
90.000000	0.0131266 	90.000000	0.0142687 	90.000000	0.0142475 	90.000000	0.0142253 	90.000000	0.0141765 	90.000000	0.0142631 	90.000000	5.55301e-06	
95.000000	0.0126035 	95.000000	0.0137006 	95.000000	0.0136796 	95.000000	0.0136584 	95.000000	0.0136127 	95.000000	0.0136953 	95.000000	5.2833e-06	
100.000000	0.0121291 	100.000000	0.0131866 	100.000000	0.0131668 	100.000000	0.013145  	100.000000	0.0131021 	100.000000	0.0131815 	100.000000	5.03946e-06	
105.000000	0.0116967 	105.000000	0.0127192 	105.000000	0.0126987 	105.000000	0.0126777 	105.000000	0.0126373 	105.000000	0.0127144 	105.000000	4.81791e-06	
110.000000	0.011301  	110.000000	0.0122923 	110.000000	0.012272  	110.000000	0.0122506 	110.000000	0.0122124 	110.000000	0.0122877 	110.000000	4.61567e-06	
115.000000	0.0109372 	115.000000	0.0119008 	115.000000	0.0118796 	115.000000	0.0118587 	115.000000	0.0118225 	115.000000	0.0118964 	115.000000	4.43031e-06	
120.000000	0.0106017 	120.000000	0.0115405 	120.000000	0.0115184 	120.000000	0.0114977 	120.000000	0.0114634 	120.000000	0.0115362 	120.000000	4.25977e-06	
125.000000	0.0102911 	125.000000	0.0112077 	125.000000	0.0111852 	125.000000	0.0111641 	125.000000	0.0111314 	125.000000	0.0112036 	125.000000	4.10232e-06	
130.000000	0.0100027 	130.000000	0.0108994 	130.000000	0.0108752 	130.000000	0.0108549 	130.000000	0.0108238 	130.000000	0.0108955 	130.000000	3.9565e-06	
135.000000	0.00973418	135.000000	0.010613  	135.000000	0.010587  	135.000000	0.0105675 	135.000000	0.0105377 	135.000000	0.0106091 	135.000000	3.82104e-06	
140.000000	0.00948346	140.000000	0.0103461 	140.000000	0.0103193 	140.000000	0.0102996 	140.000000	0.0102712 	140.000000	0.0103424 	140.000000	3.69487e-06	
145.000000	0.0092488 	145.000000	0.0100969 	145.000000	0.0100692 	145.000000	0.0100494 	145.000000	0.0100221 	145.000000	0.0100933 	145.000000	3.57705e-06	
150.000000	0.00902865	150.000000	0.0098636 	150.000000	0.00983428	150.000000	0.00981507	150.000000	0.00978889	150.000000	0.00986013	150.000000	3.46677e-06	
155.000000	0.00871868	155.000000	0.00964476	155.000000	0.00961453	155.000000	0.0095952 	155.000000	0.00957003	155.000000	0.00964139	155.000000	3.36333e-06	
160.000000	0.00853699	160.000000	0.00943905	160.000000	0.00940799	160.000000	0.00938848	160.000000	0.00936426	160.000000	0.00943578	160.000000	3.26609e-06	
165.000000	0.00836566	165.000000	0.00924533	165.000000	0.00921272	165.000000	0.00919376	165.000000	0.00917043	165.000000	0.00924215	165.000000	3.1745e-06	
170.000000	0.00820381	170.000000	0.00906257	170.000000	0.00902894	170.000000	0.00901003	170.000000	0.00898752	170.000000	0.00905948	170.000000	3.0881e-06	
175.000000	0.00805067	175.000000	0.00888986	175.000000	0.00885558	175.000000	0.00883639	175.000000	0.00881465	175.000000	0.00888685	175.000000	3.00643e-06	
180.000000	0.00790554	180.000000	0.0087264 	180.000000	0.00869096	180.000000	0.00867202	180.000000	0.00865101	180.000000	0.00872347	180.000000	2.92912e-06	
185.000000	0.0077678 	185.000000	0.00857145	185.000000	0.00853458	185.000000	0.00851621	185.000000	0.00849587	185.000000	0.0085686 	185.000000	2.85582e-06	
190.000000	0.00763689	190.000000	0.00842438	190.000000	0.00838622	190.000000	0.0083683 	190.000000	0.00834861	190.000000	0.00842159	190.000000	2.78623e-06	
195.000000	0.00751232	195.000000	0.00828458	195.000000	0.00824563	195.000000	0.00822771	195.000000	0.00820862	195.000000	0.00828186	195.000000	2.72007e-06	
200.000000	0.00739362	200.000000	0.00815155	200.000000	0.00811209	200.000000	0.00809391	200.000000	0.0080754 	200.000000	0.00814889	200.000000	2.65709e-06	
210.000000	0.00717226	210.000000	0.00790387	210.000000	0.00786248	210.000000	0.00784483	210.000000	0.00782737	210.000000	0.00790133	210.000000	2.53977e-06	
220.000000	0.00696994	220.000000	0.00767803	220.000000	0.00763555	220.000000	0.00761773	220.000000	0.00760121	220.000000	0.0076756 	220.000000	2.4327e-06	
230.000000	0.00678429	230.000000	0.00747127	230.000000	0.00742735	230.000000	0.00740984	230.000000	0.00739417	230.000000	0.00746893	230.000000	2.33459e-06	
240.000000	0.00661332	240.000000	0.00728126	240.000000	0.00723564	240.000000	0.00721884	240.000000	0.00720395	240.000000	0.00727902	240.000000	2.24435e-06	
250.000000	0.00645535	250.000000	0.00710607	250.000000	0.00705967	250.000000	0.00704278	250.000000	0.0070286 	250.000000	0.00710391	250.000000	2.16104e-06	
260.000000	0.00630894	260.000000	0.00694404	260.000000	0.00689682	260.000000	0.00687999	260.000000	0.00686645	260.000000	0.00694196	260.000000	2.08391e-06	
270.000000	0.00617287	270.000000	0.00679375	270.000000	0.00674551	270.000000	0.00672905	270.000000	0.00671611	270.000000	0.00679174	270.000000	2.01226e-06	
280.000000	0.00604608	280.000000	0.00665398	280.000000	0.00660543	280.000000	0.00658873	280.000000	0.00657633	280.000000	0.00665204	280.000000	1.94554e-06	
290.000000	0.00592764	290.000000	0.00652368	290.000000	0.00647439	290.000000	0.00645796	290.000000	0.00644607	290.000000	0.0065218 	290.000000	1.88325e-06	
300.000000	0.00581678	300.000000	0.00640192	300.000000	0.00635173	300.000000	0.00633583	300.000000	0.00632439	300.000000	0.0064001 	300.000000	1.82496e-06	
310.000000	0.00571277	310.000000	0.00628791	310.000000	0.00623722	310.000000	0.00622151	310.000000	0.00621051	310.000000	0.00628614	310.000000	1.77028e-06	
320.000000	0.00561503	320.000000	0.00618094	320.000000	0.00613021	320.000000	0.0061143 	320.000000	0.0061037 	320.000000	0.00617922	320.000000	1.71889e-06	
330.000000	0.00552299	330.000000	0.00608039	330.000000	0.00602939	330.000000	0.00601357	330.000000	0.00600335	330.000000	0.00607872	330.000000	1.6705e-06	
340.000000	0.00543618	340.000000	0.00598572	340.000000	0.00593419	340.000000	0.00591876	340.000000	0.0059089 	340.000000	0.00598409	340.000000	1.62484e-06	
350.000000	0.00535417	350.000000	0.00589642	350.000000	0.00584447	350.000000	0.00582939	350.000000	0.00581985	350.000000	0.00589484	350.000000	1.5817e-06	
360.000000	0.00527658	360.000000	0.00581207	360.000000	0.0057601 	360.000000	0.00574502	360.000000	0.00573579	360.000000	0.00581053	360.000000	1.54087e-06	
370.000000	0.00520308	370.000000	0.00573227	370.000000	0.00567977	370.000000	0.00566453	370.000000	0.00565559	370.000000	0.00573077	370.000000	1.50216e-06	
380.000000	0.00513335	380.000000	0.00565669	380.000000	0.00560339	380.000000	0.00558831	380.000000	0.00557964	380.000000	0.00565522	380.000000	1.46541e-06	
390.000000	0.00506711	390.000000	0.005585  	390.000000	0.00553087	390.000000	0.00551605	390.000000	0.00550764	390.000000	0.00558357	390.000000	1.43047e-06	
400.000000	0.00500412	400.000000	0.00551692	400.000000	0.00546233	400.000000	0.00544746	400.000000	0.00543929	400.000000	0.00551552	400.000000	1.39722e-06	
410.000000	0.00494416	410.000000	0.00545219	410.000000	0.00539727	410.000000	0.00538227	410.000000	0.00537433	410.000000	0.00545082	410.000000	1.36553e-06	
420.000000	0.00488701	420.000000	0.00539058	420.000000	0.00533515	420.000000	0.00532026	420.000000	0.00531253	420.000000	0.00538925	420.000000	1.33529e-06	
430.000000	0.00483248	430.000000	0.00533188	430.000000	0.00527583	430.000000	0.00526119	430.000000	0.00525368	430.000000	0.00533058	430.000000	1.30641e-06	
440.000000	0.00478042	440.000000	0.0052759 	440.000000	0.00521926	440.000000	0.00520489	440.000000	0.00519757	440.000000	0.00527462	440.000000	1.27879e-06	
450.000000	0.00473066	450.000000	0.00522246	450.000000	0.00516537	450.000000	0.00515116	450.000000	0.00514402	450.000000	0.00522121	450.000000	1.25235e-06	
460.000000	0.00468306	460.000000	0.0051714 	460.000000	0.00511408	460.000000	0.00509984	460.000000	0.00509289	460.000000	0.00517017	460.000000	1.22702e-06	
470.000000	0.00463749	470.000000	0.00512257	470.000000	0.00506513	470.000000	0.00505079	470.000000	0.005044  	470.000000	0.00512137	470.000000	1.20272e-06	
480.000000	0.00459382	480.000000	0.00507584	480.000000	0.00501823	480.000000	0.00500386	480.000000	0.00499723	480.000000	0.00507466	480.000000	1.1794e-06	
490.000000	0.00455196	490.000000	0.00503108	490.000000	0.00497317	490.000000	0.00495893	490.000000	0.00495245	490.000000	0.00502992	490.000000	1.157e-06 	
500.000000	0.00451178	500.000000	0.00498817	500.000000	0.00492991	500.000000	0.00491587	500.000000	0.00490954	500.000000	0.00498704	500.000000	1.13546e-06	
520.000000	0.00443615	520.000000	0.00490752	520.000000	0.00484865	520.000000	0.00483497	520.000000	0.00482892	520.000000	0.00490642	520.000000	1.09478e-06	
540.000000	0.00436626	540.000000	0.00483311	540.000000	0.0047741 	540.000000	0.00476039	540.000000	0.00475458	540.000000	0.00483205	540.000000	1.057e-06 	
560.000000	0.00430151	560.000000	0.0047643 	560.000000	0.00470523	560.000000	0.00469145	560.000000	0.00468588	560.000000	0.00476328	560.000000	1.02183e-06	
580.000000	0.0042414 	580.000000	0.00470053	580.000000	0.0046411 	580.000000	0.00462758	580.000000	0.00462222	580.000000	0.00469954	580.000000	9.8899e-07	
600.000000	0.00418549	600.000000	0.0046413 	600.000000	0.00458177	600.000000	0.00456828	600.000000	0.00456312	600.000000	0.00464034	600.000000	9.58263e-07	
620.000000	0.0041334 	620.000000	0.00458619	620.000000	0.00452672	620.000000	0.00451311	620.000000	0.00450813	620.000000	0.00458526	620.000000	9.29447e-07	
640.000000	0.00408479	640.000000	0.00453482	640.000000	0.00447518	640.000000	0.0044617 	640.000000	0.00445688	640.000000	0.00453391	640.000000	9.02368e-07	
660.000000	0.00403935	660.000000	0.00448685	660.000000	0.00442692	660.000000	0.00441368	660.000000	0.00440903	660.000000	0.00448598	660.000000	8.76871e-07	
680.000000	0.00399682	680.000000	0.00444201	680.000000	0.0043818 	680.000000	0.00436878	680.000000	0.00436428	680.000000	0.00444115	680.000000	8.52821e-07	
700.000000	0.00395697	700.000000	0.00440001	700.000000	0.00433968	700.000000	0.00432672	700.000000	0.00432236	700.000000	0.00439918	700.000000	8.30096e-07	
720.000000	0.00391958	720.000000	0.00436064	720.000000	0.00430031	720.000000	0.00428727	720.000000	0.00428303	720.000000	0.00435983	720.000000	8.08588e-07	
740.000000	0.00388446	740.000000	0.00432369	740.000000	0.0042633 	740.000000	0.00425021	740.000000	0.00424609	740.000000	0.0043229 	740.000000	7.88202e-07	
760.000000	0.00385145	760.000000	0.00428896	760.000000	0.00422836	760.000000	0.00421535	760.000000	0.00421135	760.000000	0.00428819	760.000000	7.6885e-07	
780.000000	0.00382039	780.000000	0.0042563 	780.000000	0.00419537	780.000000	0.00418253	780.000000	0.00417864	780.000000	0.00425555	780.000000	7.50456e-07	
800.000000	0.00379115	800.000000	0.00422555	800.000000	0.00416425	800.000000	0.00415159	800.000000	0.0041478 	800.000000	0.00422481	800.000000	7.32949e-07	
820.000000	0.00376359	820.000000	0.00419657	820.000000	0.00413492	820.000000	0.00412239	820.000000	0.0041187 	820.000000	0.00419585	820.000000	7.16266e-07	
840.000000	0.00373761	840.000000	0.00416924	840.000000	0.0041073 	840.000000	0.00409481	840.000000	0.00409121	840.000000	0.00416854	840.000000	7.00349e-07	
860.000000	0.00371309	860.000000	0.00414345	860.000000	0.00408127	860.000000	0.00406873	860.000000	0.00406521	860.000000	0.00414277	860.000000	6.85146e-07	
880.000000	0.00368995	880.000000	0.0041191 	880.000000	0.00405665	880.000000	0.00404405	880.000000	0.00404061	880.000000	0.00411843	880.000000	6.7061e-07	
900.000000	0.0036681 	900.000000	0.00409609	900.000000	0.00403328	900.000000	0.00402066	900.000000	0.00401731	900.000000	0.00409543	900.000000	6.56697e-07	
920.000000	0.00364746	920.000000	0.00407433	920.000000	0.00401105	920.000000	0.0039985 	920.000000	0.00399521	920.000000	0.00407369	920.000000	6.43368e-07	
940.000000	0.00362796	940.000000	0.00405375	940.000000	0.00398991	940.000000	0.00397747	940.000000	0.00397425	940.000000	0.00405312	940.000000	6.30586e-07	
960.000000	0.00360953	960.000000	0.00403428	960.000000	0.00396982	960.000000	0.0039575 	960.000000	0.00395435	960.000000	0.00403367	960.000000	6.18318e-07	
980.000000	0.0035921 	980.000000	0.00401585	980.000000	0.00395073	980.000000	0.00393853	980.000000	0.00393545	980.000000	0.00401525	980.000000	6.06533e-07	
1000.000000	0.00357563	1000.000000	0.0039984 	1000.000000	0.0039326 	1000.000000	0.0039205 	1000.000000	0.00391747	1000.000000	0.00399781	1000.000000	5.95203e-07	
1020.000000	0.00356006	1020.000000	0.00398187	1020.000000	0.0039154 	1020.000000	0.00390335	1020.000000	0.00390037	1020.000000	0.00398129	1020.000000	5.84302e-07	
1040.000000	0.00354534	1040.000000	0.00396621	1040.000000	0.00389907	1040.000000	0.00388702	1040.000000	0.0038841 	1040.000000	0.00396564	1040.000000	5.73805e-07	
1060.000000	0.00353142	1060.000000	0.00395137	1060.000000	0.00388357	1060.000000	0.00387146	1060.000000	0.0038686 	1060.000000	0.00395081	1060.000000	5.63691e-07	
1080.000000	0.00351826	1080.000000	0.00393731	1080.000000	0.0038688 	1080.000000	0.00385665	1080.000000	0.00385383	1080.000000	0.00393676	1080.000000	5.53938e-07	
1100.000000	0.00350583	1100.000000	0.00392399	1100.000000	0.00385469	1100.000000	0.00384252	1100.000000	0.00383975	1100.000000	0.00392345	1100.000000	5.44527e-07	
1120.000000	0.00349409	1120.000000	0.00391136	1120.000000	0.0038412 	1120.000000	0.00382904	1120.000000	0.00382632	1120.000000	0.00391083	1120.000000	5.35441e-07	
1140.000000	0.003483  	1140.000000	0.0038994 	1140.000000	0.00382828	1140.000000	0.00381618	1140.000000	0.00381351	1140.000000	0.00389887	1140.000000	5.26663e-07	
1160.000000	0.00347253	1160.000000	0.00388806	1160.000000	0.00381593	1160.000000	0.00380391	1160.000000	0.00380128	1160.000000	0.00388754	1160.000000	5.18177e-07	
1180.000000	0.00346266	1180.000000	0.00387732	1180.000000	0.00380414	1180.000000	0.00379218	1180.000000	0.00378959	1180.000000	0.00387681	1180.000000	5.09968e-07	
1200.000000	0.00345335	1200.000000	0.00386714	1200.000000	0.00379289	1200.000000	0.00378098	1200.000000	0.00377843	1200.000000	0.00386664	1200.000000	5.02024e-07	
1220.000000	0.00344458	1220.000000	0.00385751	1220.000000	0.00378218	1220.000000	0.00377028	1220.000000	0.00376776	1220.000000	0.00385701	1220.000000	4.94331e-07	
1240.000000	0.00343632	1240.000000	0.00384839	1240.000000	0.00377196	1240.000000	0.00376004	1240.000000	0.00375757	1240.000000	0.0038479 	1240.000000	4.86878e-07	
1260.000000	0.00342856	1260.000000	0.00383975	1260.000000	0.00376221	1260.000000	0.00375025	1260.000000	0.00374781	1260.000000	0.00383927	1260.000000	4.79653e-07	
1280.000000	0.00342126	1280.000000	0.00383159	1280.000000	0.00375287	1280.000000	0.00374089	1280.000000	0.00373848	1280.000000	0.00383112	1280.000000	4.72646e-07	
1300.000000	0.00341442	1300.000000	0.00382387	1300.000000	0.00374394	1300.000000	0.00373193	1300.000000	0.00372955	1300.000000	0.00382341	1300.000000	4.65847e-07	
1320.000000	0.003408  	1320.000000	0.00381658	1320.000000	0.00373537	1320.000000	0.00372335	1320.000000	0.00372101	1320.000000	0.00381612	1320.000000	4.59247e-07	
1340.000000	0.003402  	1340.000000	0.0038097 	1340.000000	0.00372714	1340.000000	0.00371514	1340.000000	0.00371282	1340.000000	0.00380924	1340.000000	4.52837e-07	
1360.000000	0.0033964 	1360.000000	0.0038032 	1360.000000	0.00371925	1360.000000	0.00370727	1360.000000	0.00370499	1360.000000	0.00380275	1360.000000	4.4661e-07	
1380.000000	0.00339117	1380.000000	0.00379708	1380.000000	0.00371167	1380.000000	0.00369974	1380.000000	0.00369748	1380.000000	0.00379664	1380.000000	4.40556e-07	
1400.000000	0.00338631	1400.000000	0.00379132	1400.000000	0.0037044 	1400.000000	0.00369252	1400.000000	0.00369029	1400.000000	0.00379088	1400.000000	4.3467e-07	
1420.000000	0.00338181	1420.000000	0.00378589	1420.000000	0.00369744	1420.000000	0.00368561	1420.000000	0.00368341	1420.000000	0.00378547	1420.000000	4.28944e-07	
1440.000000	0.00337763	1440.000000	0.0037808 	1440.000000	0.00369076	1440.000000	0.00367898	1440.000000	0.00367681	1440.000000	0.00378038	1440.000000	4.23371e-07	
1460.000000	0.00337379	1460.000000	0.00377602	1460.000000	0.00368435	1460.000000	0.00367263	1460.000000	0.00367048	1460.000000	0.00377561	1460.000000	4.17946e-07	
1480.000000	0.00337025	1480.000000	0.00377155	1480.000000	0.00367821	1480.000000	0.00366654	1480.000000	0.00366442	1480.000000	0.00377114	1480.000000	4.12662e-07	
1500.000000	0.00336702	1500.000000	0.00376736	1500.000000	0.00367233	1500.000000	0.00366071	1500.000000	0.0036586 	1500.000000	0.00376696	1500.000000	4.07515e-07	
1520.000000	0.00336407	1520.000000	0.00376346	1520.000000	0.0036667 	1520.000000	0.00365511	1520.000000	0.00365303	1520.000000	0.00376306	1520.000000	4.02498e-07	
1540.000000	0.00336141	1540.000000	0.00375982	1540.000000	0.0036613 	1540.000000	0.00364974	1540.000000	0.00364768	1540.000000	0.00375942	1540.000000	3.97607e-07	
1560.000000	0.00335901	1560.000000	0.00375644	1560.000000	0.00365613	1560.000000	0.0036446 	1560.000000	0.00364256	1560.000000	0.00375605	1560.000000	3.92838e-07	
1580.000000	0.00335688	1580.000000	0.00375331	1580.000000	0.00365118	1580.000000	0.00363966	1580.000000	0.00363765	1580.000000	0.00375292	1580.000000	3.88185e-07	
1600.000000	0.00335499	1600.000000	0.00375042	1600.000000	0.00364644	1600.000000	0.00363493	1600.000000	0.00363293	1600.000000	0.00375004	1600.000000	3.83644e-07	
1620.000000	0.00335335	1620.000000	0.00374776	1620.000000	0.00364191	1620.000000	0.0036304 	1620.000000	0.00362842	1620.000000	0.00374738	1620.000000	3.79211e-07	
1640.000000	0.00335195	1640.000000	0.00374532	1640.000000	0.00363756	1640.000000	0.00362604	1640.000000	0.00362408	1640.000000	0.00374495	1640.000000	3.74883e-07	
1660.000000	0.00335076	1660.000000	0.0037431 	1660.000000	0.00363341	1660.000000	0.00362187	1660.000000	0.00361993	1660.000000	0.00374273	1660.000000	3.70656e-07	
1680.000000	0.0033498 	1680.000000	0.00374109	1680.000000	0.00362942	1680.000000	0.00361787	1680.000000	0.00361594	1680.000000	0.00374072	1680.000000	3.66526e-07	
1700.000000	0.00334905	1700.000000	0.00373927	1700.000000	0.0036256 	1700.000000	0.00361403	1700.000000	0.00361213	1700.000000	0.00373891	1700.000000	3.6249e-07	
1750.000000	0.00334807	1750.000000	0.00373556	1750.000000	0.00361673	1750.000000	0.00360512	1750.000000	0.00360325	1750.000000	0.0037352 	1750.000000	3.52789e-07	
1800.000000	0.00334827	1800.000000	0.00373295	1800.000000	0.00360872	1800.000000	0.00359711	1800.000000	0.00359527	1800.000000	0.00373261	1800.000000	3.4361e-07	
1850.000000	0.00334957	1850.000000	0.00373136	1850.000000	0.0036015 	1850.000000	0.0035899 	1850.000000	0.00358811	1850.000000	0.00373102	1850.000000	3.3491e-07	
1900.000000	0.00335189	1900.000000	0.00373071	1900.000000	0.00359499	1900.000000	0.00358344	1900.000000	0.00358168	1900.000000	0.00373038	1900.000000	3.26653e-07	
1950.000000	0.00335517	1950.000000	0.00373092	1950.000000	0.00358915	1950.000000	0.00357765	1950.000000	0.00357592	1950.000000	0.0037306 	1950.000000	3.18805e-07	
2000.000000	0.00335933	2000.000000	0.00373193	2000.000000	0.00358391	2000.000000	0.00357248	2000.000000	0.00357077	2000.000000	0.00373162	2000.000000	3.11337e-07	
2100.000000	0.00337009	2100.000000	0.00373613	2100.000000	0.00357508	2100.000000	0.00356377	2100.000000	0.00356211	2100.000000	0.00373583	2100.000000	2.97432e-07	
2200.000000	0.00338376	2200.000000	0.0037429 	2200.000000	0.00356817	2200.000000	0.00355695	2200.000000	0.00355534	2200.000000	0.00374262	2200.000000	2.8475e-07	
2300.000000	0.00340002	2300.000000	0.00375191	2300.000000	0.00356288	2300.000000	0.00355172	2300.000000	0.00355016	2300.000000	0.00375163	2300.000000	2.73136e-07	
2400.000000	0.00341857	2400.000000	0.00376287	2400.000000	0.00355899	2400.000000	0.00354785	2400.000000	0.00354633	2400.000000	0.00376261	2400.000000	2.62458e-07	
2500.000000	0.00343919	2500.000000	0.00377555	2500.000000	0.00355629	2500.000000	0.00354513	2500.000000	0.00354364	2500.000000	0.0037753 	2500.000000	2.52607e-07	
2600.000000	0.00346166	2600.000000	0.00378975	2600.000000	0.00355458	2600.000000	0.0035434 	2600.000000	0.00354194	2600.000000	0.00378951	2600.000000	2.43489e-07	
2700.000000	0.00348582	2700.000000	0.0038053 	2700.000000	0.00355372	2700.000000	0.00354251	2700.000000	0.00354107	2700.000000	0.00380507	2700.000000	2.35025e-07	
2800.000000	0.00351151	2800.000000	0.00382206	2800.000000	0.00355357	2800.000000	0.00354234	2800.000000	0.00354093	2800.000000	0.00382183	2800.000000	2.27146e-07	
2900.000000	0.0035386 	2900.000000	0.00383989	2900.000000	0.00355403	2900.000000	0.00354279	2900.000000	0.0035414 	2900.000000	0.00383967	2900.000000	2.19793e-07	
3000.000000	0.00356699	3000.000000	0.00385869	3000.000000	0.00355501	3000.000000	0.00354379	3000.000000	0.00354242	3000.000000	0.00385848	3000.000000	2.12914e-07	
3200.000000	0.00362723	3200.000000	0.00389882	3200.000000	0.00355828	3200.000000	0.00354711	3200.000000	0.00354577	3200.000000	0.00389862	3200.000000	2.00407e-07	
3400.000000	0.00369159	3400.000000	0.00394181	3400.000000	0.00356294	3400.000000	0.00355183	3400.000000	0.00355052	3400.000000	0.00394162	3400.000000	1.89325e-07	
3600.000000	0.00375954	3600.000000	0.00398718	3600.000000	0.00356866	3600.000000	0.00355761	3600.000000	0.00355632	3600.000000	0.00398701	3600.000000	1.79436e-07	
3800.000000	0.00383067	3800.000000	0.00403454	3800.000000	0.00357517	3800.000000	0.00356417	3800.000000	0.0035629 	3800.000000	0.00403437	3800.000000	1.70556e-07	
4000.000000	0.00390465	4000.000000	0.00408357	4000.000000	0.00358228	4000.000000	0.00357132	4000.000000	0.00357007	4000.000000	0.00408341	4000.000000	1.62536e-07	
4200.000000	0.00398119	4200.000000	0.00413402	4200.000000	0.00358983	4200.000000	0.0035789 	4200.000000	0.00357767	4200.000000	0.00413387	4200.000000	1.55257e-07	
4400.000000	0.00406008	4400.000000	0.00418569	4400.000000	0.0035977 	4400.000000	0.0035868 	4400.000000	0.00358557	4400.000000	0.00418555	4400.000000	1.48619e-07	
4600.000000	0.00414114	4600.000000	0.00423841	4600.000000	0.00360579	4600.000000	0.00359491	4600.000000	0.00359369	4600.000000	0.00423827	4600.000000	1.4254e-07	
4800.000000	0.0042242 	4800.000000	0.00429203	4800.000000	0.00361402	4800.000000	0.00360317	4800.000000	0.00360195	4800.000000	0.0042919 	4800.000000	1.36952e-07	
5000.000000	0.00430913	5000.000000	0.00434644	5000.000000	0.00362235	5000.000000	0.00361151	5000.000000	0.0036103 	5000.000000	0.00434631	5000.000000	1.31798e-07	
5250.000000	0.00441776	5250.000000	0.00441541	5250.000000	0.00363282	5250.000000	0.003622  	5250.000000	0.00362079	5250.000000	0.00441528	5250.000000	1.2589e-07	
5500.000000	0.00452896	5500.000000	0.00448529	5500.000000	0.00364328	5500.000000	0.00363248	5500.000000	0.00363128	5500.000000	0.00448517	5500.000000	1.20503e-07	
6000.000000	0.00475846	6000.000000	0.00462727	6000.000000	0.00366402	6000.000000	0.00365325	6000.000000	0.00365205	6000.000000	0.00462716	6000.000000	1.11036e-07	
6500.000000	0.00499668	6500.000000	0.00477155	6500.000000	0.0036843 	6500.000000	0.00367356	6500.000000	0.00367235	6500.000000	0.00477145	6500.000000	1.02983e-07	
7000.000000	0.00524293	7000.000000	0.00491756	7000.000000	0.00370398	7000.000000	0.00369326	7000.000000	0.00369204	7000.000000	0.00491746	7000.000000	9.60462e-08	
7500.000000	0.00549669	7500.000000	0.00506486	7500.000000	0.00372299	7500.000000	0.00371229	7500.000000	0.00371105	7500.000000	0.00506477	7500.000000	9.00077e-08	
8000.000000	0.00575758	8000.000000	0.00521316	8000.000000	0.00374134	8000.000000	0.00373062	8000.000000	0.00372937	8000.000000	0.00521307	8000.000000	8.47019e-08	
8500.000000	0.00602531	8500.000000	0.0053622 	8500.000000	0.00375892	8500.000000	0.00374826	8500.000000	0.00374698	8500.000000	0.00536212	8500.000000	8.00021e-08	
9000.000000	0.00629964	9000.000000	0.00551181	9000.000000	0.00377573	9000.000000	0.00376522	9000.000000	0.00376392	9000.000000	0.00551173	9000.000000	7.58093e-08	
9500.000000	0.00658039	9500.000000	0.00566186	9500.000000	0.00379193	9500.000000	0.00378153	9500.000000	0.0037802 	9500.000000	0.00566178	9500.000000	7.20449e-08	
10000.000000	0.00686741	10000.000000	0.00581222	10000.000000	0.00380759	10000.000000	0.00379721	10000.000000	0.00379585	10000.000000	0.00581216	10000.000000	6.86459e-08	
11000.000000	0.00745985	11000.000000	0.0061136 	11000.000000	0.00383721	11000.000000	0.00382682	11000.000000	0.0038254 	11000.000000	0.00611354	11000.000000	6.27488e-08	
12000.000000	0.00807625	12000.000000	0.00641545	12000.000000	0.00386464	12000.000000	0.00385432	12000.000000	0.00385282	12000.000000	0.00641539	12000.000000	5.78071e-08	
13000.000000	0.00871616	13000.000000	0.00671744	13000.000000	0.0038901 	13000.000000	0.00387992	13000.000000	0.00387834	13000.000000	0.00671739	13000.000000	5.36044e-08	
14000.000000	0.00937926	14000.000000	0.00701935	14000.000000	0.00391385	14000.000000	0.00390383	14000.000000	0.00390217	14000.000000	0.0070193 	14000.000000	4.99853e-08	
15000.000000	0.0100654 	15000.000000	0.00732105	15000.000000	0.0039361 	15000.000000	0.00392624	15000.000000	0.00392449	15000.000000	0.007321  	15000.000000	4.68352e-08	
16000.000000	0.0107743 	16000.000000	0.00762243	16000.000000	0.00395703	16000.000000	0.00394731	16000.000000	0.00394546	16000.000000	0.00762238	16000.000000	4.40679e-08	
17000.000000	0.011506  	17000.000000	0.00792342	17000.000000	0.00397679	17000.000000	0.00396718	17000.000000	0.00396522	17000.000000	0.00792338	17000.000000	4.1617e-08	
18000.000000	0.0122605 	18000.000000	0.00822399	18000.000000	0.00399549	18000.000000	0.00398595	18000.000000	0.00398388	18000.000000	0.00822395	18000.000000	3.94308e-08	
19000.000000	0.0130377 	19000.000000	0.00852411	19000.000000	0.00401324	19000.000000	0.00400375	19000.000000	0.00400155	19000.000000	0.00852407	19000.000000	3.74683e-08	
20000.000000	0.0138376 	20000.000000	0.00882375	20000.000000	0.00403012	20000.000000	0.00402065	20000.000000	0.00401833	20000.000000	0.00882372	20000.000000	3.56965e-08	
21000.000000	0.0146604 	21000.000000	0.00912291	21000.000000	0.00404615	21000.000000	0.00403674	21000.000000	0.00403428	21000.000000	0.00912288	21000.000000	3.40888e-08	
22000.000000	0.0155059 	22000.000000	0.00942159	22000.000000	0.00406131	22000.000000	0.00405208	22000.000000	0.00404949	22000.000000	0.00942156	22000.000000	3.26231e-08	
23000.000000	0.0163743 	23000.000000	0.00971978	23000.000000	0.00407579	23000.000000	0.00406675	23000.000000	0.00406401	23000.000000	0.00971975	23000.000000	3.12813e-08	
24000.000000	0.0172657 	24000.000000	0.0100175 	24000.000000	0.00408968	24000.000000	0.00408078	24000.000000	0.00407789	24000.000000	0.0100175 	24000.000000	3.00482e-08	
25000.000000	0.0181801 	25000.000000	0.0103147 	25000.000000	0.004103  	25000.000000	0.00409424	25000.000000	0.00409119	25000.000000	0.0103147 	25000.000000	2.8911e-08	
26000.000000	0.0191176 	26000.000000	0.0106115 	26000.000000	0.00411575	26000.000000	0.00410717	26000.000000	0.00410395	26000.000000	0.0106115 	26000.000000	2.78588e-08	
27000.000000	0.0200784 	27000.000000	0.0109078 	27000.000000	0.00412796	27000.000000	0.0041196 	27000.000000	0.00411621	27000.000000	0.0109078 	27000.000000	2.68824e-08	
28000.000000	0.0210624 	28000.000000	0.0112036 	28000.000000	0.0041397 	28000.000000	0.00413156	28000.000000	0.004128  	28000.000000	0.0112036 	28000.000000	2.59738e-08	
29000.000000	0.0220698 	29000.000000	0.011499  	29000.000000	0.00415104	29000.000000	0.0041431 	29000.000000	0.00413936	29000.000000	0.011499  	29000.000000	2.51261e-08	
30000.000000	0.0231007 	30000.000000	0.011794  	30000.000000	0.004162  	30000.000000	0.00415424	30000.000000	0.0041503 	30000.000000	0.011794  	30000.000000	2.43333e-08	
32000.000000	0.0252336 	32000.000000	0.0123826 	32000.000000	0.00418281	32000.000000	0.00417541	32000.000000	0.00417108	32000.000000	0.0123826 	32000.000000	2.28924e-08	
34000.000000	0.0274617 	34000.000000	0.0129696 	34000.000000	0.00420224	34000.000000	0.00419526	34000.000000	0.0041905 	34000.000000	0.0129696 	34000.000000	2.16165e-08	
36000.000000	0.0297861 	36000.000000	0.0135551 	36000.000000	0.00422046	36000.000000	0.00421393	36000.000000	0.00420873	36000.000000	0.013555  	36000.000000	2.04785e-08	
38000.000000	0.0322078 	38000.000000	0.014139  	38000.000000	0.00423763	38000.000000	0.00423156	38000.000000	0.00422589	38000.000000	0.014139  	38000.000000	1.94571e-08	
40000.000000	0.0347277 	40000.000000	0.0147215 	40000.000000	0.00425384	40000.000000	0.00424824	40000.000000	0.00424209	40000.000000	0.0147215 	40000.000000	1.8535e-08	
42000.000000	0.0373468 	42000.000000	0.0153026 	42000.000000	0.0042692 	42000.000000	0.00426409	42000.000000	0.00425741	42000.000000	0.0153026 	42000.000000	1.76984e-08	
44000.000000	0.0400662 	44000.000000	0.0158824 	44000.000000	0.00428378	44000.000000	0.00427916	44000.000000	0.00427195	44000.000000	0.0158824 	44000.000000	1.69359e-08	
46000.000000	0.042887  	46000.000000	0.0164609 	46000.000000	0.00429767	46000.000000	0.00429353	46000.000000	0.00428575	46000.000000	0.0164609 	46000.000000	1.62378e-08	
48000.000000	0.04581   	48000.000000	0.0170383 	48000.000000	0.00431089	48000.000000	0.00430727	48000.000000	0.00429891	48000.000000	0.0170382 	48000.000000	1.55964e-08	
50000.000000	0.0488366 	50000.000000	0.0176144 	50000.000000	0.00432349	50000.000000	0.00432042	50000.000000	0.00431145	50000.000000	0.0176144 	50000.000000	1.50049e-08	
