*Energy (MeV/u)1	0 - [He-base] F.Hubert et al. AD&ND Tables 46(1990)1	Energy (MeV/u)2	1 - [H -base] J.F.Ziegler et al.Pergamon Press.NY(low energy)	Energy (MeV/u)3	2 - ATIMA 1.2 LS-theory (recommended for high energy)	Energy (MeV/u)4	3 - ATIMA 1.2 without LS-correction	Energy (MeV/u)5	4 - ATIMA 1.4 H.Weick. improved mean charge formula for HI	Energy (MeV/u)6	5 - electrical component of [1] - J.F.Ziegler et al	Energy (MeV/u)7	6 - nuclear component of [1] - J.F.Ziegler et al	
0.001000	0.96673   	0.001000	0.102606  	0.001000	0.116193  	0.001000	0.116193  	0.001000	0.116083  	0.001000	0.0594852 	0.001000	0.043121  	
0.002000	1.11535   	0.002000	0.128513  	0.002000	0.14476   	0.002000	0.14476   	0.002000	0.144668  	0.002000	0.0870914 	0.002000	0.0414212 	
0.005000	1.55627   	0.005000	0.178218  	0.005000	0.197451  	0.005000	0.197451  	0.005000	0.197391  	0.005000	0.144159  	0.005000	0.0340589 	
0.008000	1.93007   	0.008000	0.215552  	0.008000	0.235544  	0.008000	0.235544  	0.008000	0.2355    	0.008000	0.186685  	0.008000	0.0288677 	
0.010000	2.15291   	0.010000	0.229243  	0.010000	0.253621  	0.010000	0.253621  	0.010000	0.253584  	0.010000	0.20294   	0.010000	0.0263027 	
0.015000	2.52691   	0.015000	0.269975  	0.015000	0.305988  	0.015000	0.305988  	0.015000	0.305961  	0.015000	0.248247  	0.015000	0.021728  	
0.020000	2.8204    	0.020000	0.311125  	0.020000	0.355227  	0.020000	0.355227  	0.020000	0.355205  	0.020000	0.292447  	0.020000	0.0186777 	
0.025000	3.13983   	0.025000	0.352146  	0.025000	0.40282   	0.025000	0.40282   	0.025000	0.402803  	0.025000	0.33567   	0.025000	0.0164761 	
0.030000	3.39885   	0.030000	0.391789  	0.030000	0.444313  	0.030000	0.444313  	0.030000	0.444298  	0.030000	0.376989  	0.030000	0.0148    	
0.035000	3.60605   	0.035000	0.430659  	0.035000	0.484684  	0.035000	0.484684  	0.035000	0.484672  	0.035000	0.417184  	0.035000	0.0134743 	
0.040000	3.765     	0.040000	0.468491  	0.040000	0.523677  	0.040000	0.523677  	0.040000	0.523666  	0.040000	0.456095  	0.040000	0.0123952 	
0.045000	3.87827   	0.045000	0.505074  	0.045000	0.561093  	0.045000	0.561093  	0.045000	0.561083  	0.045000	0.493577  	0.045000	0.011497  	
0.050000	3.94906   	0.050000	0.540246  	0.050000	0.596787  	0.050000	0.596787  	0.050000	0.596779  	0.050000	0.52951   	0.050000	0.0107359 	
0.055000	4.10614   	0.055000	0.573884  	0.055000	0.630662  	0.055000	0.630662  	0.055000	0.630654  	0.055000	0.563802  	0.055000	0.0100814 	
0.060000	4.23675   	0.060000	0.605901  	0.060000	0.662655  	0.060000	0.662655  	0.060000	0.662647  	0.060000	0.596389  	0.060000	0.00951171	
0.070000	4.42702   	0.070000	0.664879  	0.070000	0.720913  	0.070000	0.720913  	0.070000	0.720907  	0.070000	0.656313  	0.070000	0.00856598	
0.080000	4.63101   	0.080000	0.717054  	0.080000	0.771657  	0.080000	0.771657  	0.080000	0.771652  	0.080000	0.709244  	0.080000	0.00781028	
0.090000	4.77802   	0.090000	0.762628  	0.090000	0.815302  	0.090000	0.815302  	0.090000	0.815297  	0.090000	0.755437  	0.090000	0.00719065	
0.100000	4.88655   	0.100000	0.803155  	0.100000	0.8524    	0.100000	0.8524    	0.100000	0.852396  	0.100000	0.796545  	0.100000	0.00661031	
0.120000	4.95545   	0.120000	0.875707  	0.120000	0.910161  	0.120000	0.910161  	0.120000	0.910157  	0.120000	0.869909  	0.120000	0.00579797	
0.140000	4.96741   	0.140000	0.930349  	0.140000	0.950603  	0.140000	0.950603  	0.140000	0.9506    	0.140000	0.925169  	0.140000	0.0051794 	
0.160000	4.96781   	0.160000	0.972022  	0.160000	0.978684  	0.160000	0.978684  	0.160000	0.978682  	0.160000	0.967332  	0.160000	0.00469093	
0.180000	4.96173   	0.180000	1.00272   	0.180000	0.998183  	0.180000	0.998183  	0.180000	0.998181  	0.180000	0.998421  	0.180000	0.00429434	
0.200000	4.97485   	0.200000	1.02849   	0.200000	1.01178   	0.200000	1.01178   	0.200000	1.01178   	0.200000	1.02452   	0.200000	0.00396524	
0.250000	4.87303   	0.250000	1.07351   	0.250000	1.0305    	0.250000	1.0305    	0.250000	1.0305    	0.250000	1.07016   	0.250000	0.00334219	
0.300000	4.85711   	0.300000	1.11417   	0.300000	1.04473   	0.300000	1.04473   	0.300000	1.04473   	0.300000	1.11127   	0.300000	0.00290091	
0.350000	4.80064   	0.350000	1.13522   	0.350000	1.05226   	0.350000	1.05226   	0.350000	1.05226   	0.350000	1.13265   	0.350000	0.00257038	
0.400000	4.71959   	0.400000	1.14441   	0.400000	1.05326   	0.400000	1.05326   	0.400000	1.05326   	0.400000	1.1421    	0.400000	0.00231266	
0.450000	4.61292   	0.450000	1.14369   	0.450000	1.04916   	0.450000	1.04916   	0.450000	1.04916   	0.450000	1.14158   	0.450000	0.00210555	
0.500000	4.50922   	0.500000	1.14089   	0.500000	1.04294   	0.500000	1.04294   	0.500000	1.04294   	0.500000	1.13895   	0.500000	0.00193513	
0.600000	4.13823   	0.600000	1.12356   	0.600000	1.02651   	0.600000	1.02651   	0.600000	1.02651   	0.600000	1.12188   	0.600000	0.00167048	
0.700000	3.7668    	0.700000	1.09522   	0.700000	1.00699   	0.700000	1.00699   	0.700000	1.00699   	0.700000	1.09375   	0.700000	0.00147379	
0.800000	3.60266   	0.800000	1.0757    	0.800000	0.985927  	0.800000	0.985927  	0.800000	0.985928  	0.800000	1.07438   	0.800000	0.00132135	
0.900000	3.42779   	0.900000	1.04869   	0.900000	0.964156  	0.900000	0.964156  	0.900000	0.964156  	0.900000	1.04749   	0.900000	0.00119946	
1.000000	3.25423   	1.000000	1.01821   	1.000000	0.939806  	1.000000	0.939806  	1.000000	0.939806  	1.000000	1.01711   	1.000000	0.00109958	
1.250000	2.85615   	1.250000	0.940616  	1.250000	0.883189  	1.250000	0.883189  	1.250000	0.883189  	1.250000	0.939702  	1.250000	0.000913666	
1.500000	2.47977   	1.500000	0.853592  	1.500000	0.831581  	1.500000	0.831581  	1.500000	0.831581  	1.500000	0.852808  	1.500000	0.000784538	
1.750000	2.20392   	1.750000	0.78704   	1.750000	0.784137  	1.750000	0.784137  	1.750000	0.784137  	1.750000	0.786351  	1.750000	0.000689238	
2.000000	1.99062   	2.000000	0.733458  	2.000000	0.740699  	2.000000	0.740699  	2.000000	0.7407    	2.000000	0.732843  	2.000000	0.0006158 	
2.250000	1.82222   	2.250000	0.688785  	2.250000	0.700926  	2.250000	0.700926  	2.250000	0.700927  	2.250000	0.688227  	2.250000	0.000557348	
2.500000	1.62631   	2.500000	0.650606  	2.500000	0.664713  	2.500000	0.664713  	2.500000	0.664713  	2.500000	0.650096  	2.500000	0.00050964	
3.000000	1.42898   	3.000000	0.588069  	3.000000	0.60201   	3.000000	0.60201   	3.000000	0.60201   	3.000000	0.587633  	3.000000	0.000436275	
3.500000	1.27691   	3.500000	0.53844   	3.500000	0.550341  	3.500000	0.550341  	3.500000	0.550341  	3.500000	0.538058  	3.500000	0.000382338	
4.000000	1.15594   	4.000000	0.497827  	4.000000	0.507483  	4.000000	0.507483  	4.000000	0.507483  	4.000000	0.497486  	4.000000	0.000340904	
4.500000	1.05728   	4.500000	0.463894  	4.500000	0.471574  	4.500000	0.471574  	4.500000	0.471574  	4.500000	0.463586  	4.500000	0.000308011	
5.000000	0.975177  	5.000000	0.43509   	5.000000	0.441146  	5.000000	0.441146  	5.000000	0.441146  	5.000000	0.434809  	5.000000	0.000281223	
5.500000	0.905732  	5.500000	0.410319  	5.500000	0.415071  	5.500000	0.415071  	5.500000	0.415071  	5.500000	0.41006   	5.500000	0.000258958	
6.000000	0.846179  	6.000000	0.388775  	6.000000	0.392485  	6.000000	0.392485  	6.000000	0.392486  	6.000000	0.388535  	6.000000	0.00024014	
6.500000	0.794512  	6.500000	0.369851  	6.500000	0.372727  	6.500000	0.372727  	6.500000	0.372727  	6.500000	0.369627  	6.500000	0.000224013	
7.000000	0.749237  	7.000000	0.35308   	7.000000	0.355284  	7.000000	0.355284  	7.000000	0.355285  	7.000000	0.35287   	7.000000	0.000210029	
7.500000	0.709217  	7.500000	0.338102  	7.500000	0.33976   	7.500000	0.33976   	7.500000	0.33976   	7.500000	0.337904  	7.500000	0.000197779	
8.000000	0.673572  	8.000000	0.324629  	8.000000	0.325841  	8.000000	0.325841  	8.000000	0.325841  	8.000000	0.324442  	8.000000	0.000186954	
8.500000	0.641611  	8.500000	0.312435  	8.500000	0.313278  	8.500000	0.313278  	8.500000	0.313278  	8.500000	0.312257  	8.500000	0.000177315	
9.000000	0.61278   	9.000000	0.301335  	9.000000	0.301871  	9.000000	0.301871  	9.000000	0.301871  	9.000000	0.301166  	9.000000	0.000168674	
9.500000	0.586634  	9.500000	0.291179  	9.500000	0.291458  	9.500000	0.291458  	9.500000	0.291458  	9.500000	0.291019  	9.500000	0.000160881	
10.000000	0.562808  	10.000000	0.282743  	10.000000	0.281907  	10.000000	0.281907  	10.000000	0.281907  	10.000000	0.282589  	10.000000	0.000153813	
11.000000	0.520962  	11.000000	0.267434  	11.000000	0.265111  	11.000000	0.265184  	11.000000	0.265111  	11.000000	0.267292  	11.000000	0.000141481	
12.000000	0.48538   	12.000000	0.253612  	12.000000	0.250447  	12.000000	0.250566  	12.000000	0.25045   	12.000000	0.253481  	12.000000	0.000131072	
13.000000	0.454733  	13.000000	0.24113   	13.000000	0.237493  	13.000000	0.237639  	13.000000	0.237498  	13.000000	0.241008  	13.000000	0.000122162	
14.000000	0.428044  	14.000000	0.229834  	14.000000	0.225946  	14.000000	0.226103  	14.000000	0.225948  	14.000000	0.22972   	14.000000	0.000114444	
15.000000	0.404582  	15.000000	0.219582  	15.000000	0.215573  	15.000000	0.21573   	15.000000	0.215569  	15.000000	0.219475  	15.000000	0.000107691	
16.000000	0.383785  	16.000000	0.210248  	16.000000	0.206186  	16.000000	0.206341  	16.000000	0.206181  	16.000000	0.210146  	16.000000	0.000101728	
17.000000	0.365216  	17.000000	0.201719  	17.000000	0.197646  	17.000000	0.197798  	17.000000	0.197642  	17.000000	0.201623  	17.000000	9.64234e-05	
18.000000	0.348529  	18.000000	0.193901  	18.000000	0.189839  	18.000000	0.189981  	18.000000	0.189833  	18.000000	0.193809  	18.000000	9.16714e-05	
19.000000	0.333448  	19.000000	0.186711  	19.000000	0.182665  	19.000000	0.182794  	19.000000	0.182656  	19.000000	0.186624  	19.000000	8.73885e-05	
20.000000	0.319747  	20.000000	0.180078  	20.000000	0.176035  	20.000000	0.176159  	20.000000	0.176032  	20.000000	0.179994  	20.000000	8.35076e-05	
21.000000	0.307243  	21.000000	0.173941  	21.000000	0.169889  	21.000000	0.170009  	21.000000	0.169894  	21.000000	0.173861  	21.000000	7.99735e-05	
22.000000	0.295781  	22.000000	0.168247  	22.000000	0.164183  	22.000000	0.164288  	22.000000	0.164186  	22.000000	0.16817   	22.000000	7.67411e-05	
23.000000	0.285234  	23.000000	0.16295   	23.000000	0.158865  	23.000000	0.15895   	23.000000	0.158861  	23.000000	0.162876  	23.000000	7.37726e-05	
24.000000	0.275496  	24.000000	0.15801   	24.000000	0.153884  	24.000000	0.153952  	24.000000	0.153877  	24.000000	0.157939  	24.000000	7.10365e-05	
25.000000	0.266475  	25.000000	0.153393  	25.000000	0.149202  	25.000000	0.149262  	25.000000	0.1492    	25.000000	0.153325  	25.000000	6.85061e-05	
27.000000	0.250284  	27.000000	0.145008  	27.000000	0.140642  	27.000000	0.140684  	27.000000	0.140649  	27.000000	0.144944  	27.000000	6.39744e-05	
29.000000	0.236158  	29.000000	0.137591  	29.000000	0.132974  	29.000000	0.132992  	29.000000	0.132984  	29.000000	0.137531  	29.000000	6.00317e-05	
31.000000	0.22372   	31.000000	0.130984  	31.000000	0.12646   	31.000000	0.126455  	31.000000	0.126472  	31.000000	0.130927  	31.000000	5.65684e-05	
33.000000	0.212679  	33.000000	0.125059  	33.000000	0.120953  	33.000000	0.120928  	33.000000	0.120966  	33.000000	0.125006  	33.000000	5.35009e-05	
35.000000	0.202808  	35.000000	0.119717  	35.000000	0.115992  	35.000000	0.115948  	35.000000	0.116003  	35.000000	0.119666  	35.000000	5.07639e-05	
38.000000	0.189812  	38.000000	0.112618  	38.000000	0.109398  	38.000000	0.109333  	38.000000	0.109406  	38.000000	0.112571  	38.000000	4.71684e-05	
41.000000	0.178586  	41.000000	0.106428  	41.000000	0.103642  	41.000000	0.103558  	41.000000	0.103646  	41.000000	0.106384  	41.000000	4.407e-05 	
44.000000	0.168785  	44.000000	0.100981  	44.000000	0.0985655 	44.000000	0.0984676 	44.000000	0.0985659 	44.000000	0.10094   	44.000000	4.13709e-05	
47.000000	0.160148  	47.000000	0.0961501 	47.000000	0.0940554 	47.000000	0.0939424 	47.000000	0.0940488 	47.000000	0.0961111 	47.000000	3.89975e-05	
50.000000	0.152477  	50.000000	0.0918353 	50.000000	0.090002  	50.000000	0.0898901 	50.000000	0.0900026 	50.000000	0.0917985 	50.000000	3.68934e-05	
55.000000	0.141427  	55.000000	0.0855826 	55.000000	0.084114  	55.000000	0.0839962 	55.000000	0.0841158 	55.000000	0.0855488 	55.000000	3.38695e-05	
60.000000	0.132097  	60.000000	0.0802708 	60.000000	0.0790921 	60.000000	0.0789655 	60.000000	0.0790896 	60.000000	0.0802395 	60.000000	3.13232e-05	
65.000000	0.124107  	65.000000	0.0757004 	65.000000	0.07474   	65.000000	0.0746168 	65.000000	0.0747436 	65.000000	0.0756713 	65.000000	2.91483e-05	
70.000000	0.117183  	70.000000	0.071725  	70.000000	0.0709524 	70.000000	0.0708172 	70.000000	0.0709455 	70.000000	0.0716977 	70.000000	2.72679e-05	
75.000000	0.11112   	75.000000	0.0682343 	75.000000	0.067595  	75.000000	0.0674667 	75.000000	0.0675957 	75.000000	0.0682086 	75.000000	2.56252e-05	
80.000000	0.105764  	80.000000	0.0651439 	80.000000	0.0646224 	80.000000	0.0644885 	80.000000	0.0646178 	80.000000	0.0651197 	80.000000	2.41773e-05	
85.000000	0.100996  	85.000000	0.062388  	85.000000	0.0619501 	85.000000	0.0618229 	85.000000	0.0619519 	85.000000	0.0623651 	85.000000	2.2891e-05	
90.000000	0.0967222 	90.000000	0.0599147 	90.000000	0.0595542 	90.000000	0.0594221 	90.000000	0.0595505 	90.000000	0.059893  	90.000000	2.17402e-05	
95.000000	0.0928674 	95.000000	0.0576822 	95.000000	0.057374  	95.000000	0.0572481 	95.000000	0.0573757 	95.000000	0.0576615 	95.000000	2.07044e-05	
100.000000	0.0893717 	100.000000	0.0556566 	100.000000	0.0553997 	100.000000	0.0552695 	100.000000	0.0553964 	100.000000	0.0556368 	100.000000	1.97669e-05	
105.000000	0.086186  	105.000000	0.0538102 	105.000000	0.0535856 	105.000000	0.053461  	105.000000	0.0535868 	105.000000	0.0537913 	105.000000	1.89141e-05	
110.000000	0.0832699 	110.000000	0.0521201 	110.000000	0.0519285 	110.000000	0.051801  	110.000000	0.0519259 	110.000000	0.0521019 	110.000000	1.81349e-05	
115.000000	0.0805898 	115.000000	0.0505669 	115.000000	0.0503967 	115.000000	0.050272  	115.000000	0.0503957 	115.000000	0.0505495 	115.000000	1.742e-05 	
120.000000	0.0781174 	120.000000	0.0491347 	120.000000	0.048982  	120.000000	0.0488588 	120.000000	0.0489814 	120.000000	0.0491179 	120.000000	1.67618e-05	
125.000000	0.0758289 	125.000000	0.0478097 	125.000000	0.0476741 	125.000000	0.0475485 	125.000000	0.0476701 	125.000000	0.0477935 	125.000000	1.61535e-05	
130.000000	0.073704  	130.000000	0.0465801 	130.000000	0.0464512 	130.000000	0.0463303 	130.000000	0.0464509 	130.000000	0.0465645 	130.000000	1.55897e-05	
135.000000	0.0717253 	135.000000	0.0454361 	135.000000	0.0453108 	135.000000	0.0451948 	135.000000	0.0453142 	135.000000	0.045421  	135.000000	1.50655e-05	
140.000000	0.0698779 	140.000000	0.0443688 	140.000000	0.0442506 	140.000000	0.0441336 	140.000000	0.044252  	140.000000	0.0443543 	140.000000	1.45769e-05	
145.000000	0.0681488 	145.000000	0.0433709 	145.000000	0.0432579 	145.000000	0.0431398 	145.000000	0.0432571 	145.000000	0.0433568 	145.000000	1.41204e-05	
150.000000	0.0665267 	150.000000	0.0424356 	150.000000	0.0423213 	150.000000	0.042207  	150.000000	0.0423233 	150.000000	0.0424219 	150.000000	1.36927e-05	
155.000000	0.0642427 	155.000000	0.0415573 	155.000000	0.0414449 	155.000000	0.0413298 	155.000000	0.0414451 	155.000000	0.041544  	155.000000	1.32913e-05	
160.000000	0.0629039 	160.000000	0.0407309 	160.000000	0.0406195 	160.000000	0.0405034 	160.000000	0.0406177 	160.000000	0.040718  	160.000000	1.29138e-05	
165.000000	0.0616415 	165.000000	0.0399519 	165.000000	0.0398362 	165.000000	0.0397234 	165.000000	0.0398369 	165.000000	0.0399393 	165.000000	1.2558e-05	
170.000000	0.0604489 	170.000000	0.0392162 	170.000000	0.0390986 	170.000000	0.0389861 	170.000000	0.0390986 	170.000000	0.039204  	170.000000	1.22221e-05	
175.000000	0.0593205 	175.000000	0.0385205 	175.000000	0.0384023 	175.000000	0.0382881 	175.000000	0.0383997 	175.000000	0.0385086 	175.000000	1.19044e-05	
180.000000	0.0582512 	180.000000	0.0378615 	180.000000	0.037739  	180.000000	0.0376263 	180.000000	0.037737  	180.000000	0.0378499 	180.000000	1.16035e-05	
185.000000	0.0572362 	185.000000	0.0372363 	185.000000	0.0371073 	185.000000	0.0369979 	185.000000	0.0371078 	185.000000	0.037225  	185.000000	1.13181e-05	
190.000000	0.0562717 	190.000000	0.0366425 	190.000000	0.0365072 	190.000000	0.0364006 	190.000000	0.0365096 	190.000000	0.0366315 	190.000000	1.1047e-05	
195.000000	0.0553538 	195.000000	0.0360777 	195.000000	0.0359387 	195.000000	0.035832  	195.000000	0.0359403 	195.000000	0.0360669 	195.000000	1.07891e-05	
200.000000	0.0544792 	200.000000	0.0355399 	200.000000	0.0353984 	200.000000	0.0352902 	200.000000	0.0353977 	200.000000	0.0355294 	200.000000	1.05435e-05	
210.000000	0.0528481 	210.000000	0.0345377 	210.000000	0.0343848 	210.000000	0.0342798 	210.000000	0.0343858 	210.000000	0.0345276 	210.000000	1.00857e-05	
220.000000	0.0513573 	220.000000	0.0336229 	220.000000	0.0334625 	220.000000	0.0333564 	220.000000	0.0334609 	220.000000	0.0336133 	220.000000	9.66753e-06	
230.000000	0.0499894 	230.000000	0.0327845 	230.000000	0.0326137 	230.000000	0.0325095 	230.000000	0.0326127 	230.000000	0.0327753 	230.000000	9.28401e-06	
240.000000	0.0487296 	240.000000	0.0320135 	240.000000	0.0318299 	240.000000	0.03173   	240.000000	0.0318319 	240.000000	0.0320045 	240.000000	8.93095e-06	
250.000000	0.0475656 	250.000000	0.0313019 	250.000000	0.0311108 	250.000000	0.0310103 	250.000000	0.0311111 	250.000000	0.0312933 	250.000000	8.60481e-06	
260.000000	0.0464868 	260.000000	0.0306434 	260.000000	0.030444  	260.000000	0.0303439 	260.000000	0.0304436 	260.000000	0.0306351 	260.000000	8.30259e-06	
270.000000	0.0454842 	270.000000	0.0300321 	270.000000	0.0298232 	270.000000	0.0297253 	270.000000	0.0298238 	270.000000	0.0300241 	270.000000	8.02171e-06	
280.000000	0.0445499 	280.000000	0.0294633 	280.000000	0.0292489 	280.000000	0.0291495 	280.000000	0.029247  	280.000000	0.0294555 	280.000000	7.75996e-06	
290.000000	0.0436772 	290.000000	0.0289327 	290.000000	0.0287101 	290.000000	0.0286124 	290.000000	0.028709  	290.000000	0.0289252 	290.000000	7.51542e-06	
300.000000	0.0428603 	300.000000	0.0284366 	300.000000	0.0282049 	300.000000	0.0281103 	300.000000	0.0282059 	300.000000	0.0284294 	300.000000	7.28643e-06	
310.000000	0.042094  	310.000000	0.0279719 	310.000000	0.0277335 	310.000000	0.02764   	310.000000	0.0277348 	310.000000	0.0279649 	310.000000	7.07153e-06	
320.000000	0.0413737 	320.000000	0.0275357 	320.000000	0.0272933 	320.000000	0.0271986 	320.000000	0.0272926 	320.000000	0.0275289 	320.000000	6.86944e-06	
330.000000	0.0406956 	330.000000	0.0271256 	330.000000	0.0268779 	330.000000	0.0267837 	330.000000	0.0268769 	330.000000	0.0271189 	330.000000	6.67903e-06	
340.000000	0.0400559 	340.000000	0.0267392 	340.000000	0.0264849 	340.000000	0.0263931 	340.000000	0.0264855 	340.000000	0.0267327 	340.000000	6.49931e-06	
350.000000	0.0394517 	350.000000	0.0263747 	350.000000	0.0261144 	350.000000	0.0260247 	350.000000	0.0261163 	350.000000	0.0263684 	350.000000	6.32939e-06	
360.000000	0.03888   	360.000000	0.0260303 	360.000000	0.0257665 	360.000000	0.0256768 	360.000000	0.0257677 	360.000000	0.0260241 	360.000000	6.16848e-06	
370.000000	0.0383384 	370.000000	0.0257043 	370.000000	0.0254384 	370.000000	0.0253477 	370.000000	0.025438  	370.000000	0.0256983 	370.000000	6.01587e-06	
380.000000	0.0378245 	380.000000	0.0253955 	380.000000	0.0251259 	380.000000	0.0250361 	380.000000	0.0251258 	380.000000	0.0253897 	380.000000	5.87092e-06	
390.000000	0.0373365 	390.000000	0.0251026 	390.000000	0.024829  	390.000000	0.0247408 	390.000000	0.0248298 	390.000000	0.0250969 	390.000000	5.73307e-06	
400.000000	0.0368724 	400.000000	0.0248243 	400.000000	0.0245489 	400.000000	0.0244604 	400.000000	0.0245489 	400.000000	0.0248187 	400.000000	5.6018e-06	
410.000000	0.0364305 	410.000000	0.0245597 	410.000000	0.0242832 	410.000000	0.024194  	410.000000	0.0242819 	410.000000	0.0245542 	410.000000	5.47664e-06	
420.000000	0.0360094 	420.000000	0.0243078 	420.000000	0.0240292 	420.000000	0.0239405 	420.000000	0.0240279 	420.000000	0.0243025 	420.000000	5.35717e-06	
430.000000	0.0356077 	430.000000	0.0240678 	430.000000	0.0237863 	430.000000	0.0236993 	430.000000	0.0237861 	430.000000	0.0240625 	430.000000	5.24301e-06	
440.000000	0.035224  	440.000000	0.0238388 	440.000000	0.0235548 	440.000000	0.0234693 	440.000000	0.0235556 	440.000000	0.0238337 	440.000000	5.1338e-06	
450.000000	0.0348574 	450.000000	0.0236203 	450.000000	0.0233345 	450.000000	0.0232499 	450.000000	0.0233358 	450.000000	0.0236152 	450.000000	5.02923e-06	
460.000000	0.0345066 	460.000000	0.0234114 	460.000000	0.0231252 	460.000000	0.0230405 	460.000000	0.0231259 	460.000000	0.0234065 	460.000000	4.929e-06 	
470.000000	0.0341708 	470.000000	0.0232116 	470.000000	0.0229257 	470.000000	0.0228404 	470.000000	0.0229253 	470.000000	0.0232068 	470.000000	4.83284e-06	
480.000000	0.0338491 	480.000000	0.0230204 	480.000000	0.0227345 	480.000000	0.022649  	480.000000	0.0227335 	480.000000	0.0230157 	480.000000	4.74051e-06	
490.000000	0.0335406 	490.000000	0.0228373 	490.000000	0.0225506 	490.000000	0.0224659 	490.000000	0.02255   	490.000000	0.0228326 	490.000000	4.65178e-06	
500.000000	0.0332446 	500.000000	0.0226617 	500.000000	0.0223741 	500.000000	0.0222905 	500.000000	0.0223742 	500.000000	0.0226572 	500.000000	4.56644e-06	
520.000000	0.0326874 	520.000000	0.0223317 	520.000000	0.0220427 	520.000000	0.0219613 	520.000000	0.0220442 	520.000000	0.0223273 	520.000000	4.40517e-06	
540.000000	0.0321723 	540.000000	0.0220272 	540.000000	0.0217398 	540.000000	0.0216582 	540.000000	0.0217404 	540.000000	0.022023  	540.000000	4.25533e-06	
560.000000	0.0316952 	560.000000	0.0217457 	560.000000	0.0214605 	560.000000	0.0213785 	560.000000	0.02146   	560.000000	0.0217416 	560.000000	4.11572e-06	
580.000000	0.0312523 	580.000000	0.0214848 	580.000000	0.0212002 	580.000000	0.0211197 	580.000000	0.0212006 	580.000000	0.0214808 	580.000000	3.98532e-06	
600.000000	0.0308404 	600.000000	0.0212425 	600.000000	0.0209602 	600.000000	0.02088   	600.000000	0.0209602 	600.000000	0.0212386 	600.000000	3.86324e-06	
620.000000	0.0304565 	620.000000	0.0210171 	620.000000	0.0207383 	620.000000	0.0206573 	620.000000	0.020737  	620.000000	0.0210133 	620.000000	3.74869e-06	
640.000000	0.0300983 	640.000000	0.020807  	640.000000	0.0205305 	640.000000	0.0204502 	640.000000	0.0205294 	640.000000	0.0208034 	640.000000	3.641e-06 	
660.000000	0.0297635 	660.000000	0.0206109 	660.000000	0.020336  	660.000000	0.0202572 	660.000000	0.0203359 	660.000000	0.0206074 	660.000000	3.53954e-06	
680.000000	0.0294502 	680.000000	0.0204276 	680.000000	0.0201547 	680.000000	0.0200772 	680.000000	0.0201554 	680.000000	0.0204242 	680.000000	3.4438e-06	
700.000000	0.0291565 	700.000000	0.0202561 	700.000000	0.0199861 	700.000000	0.019909  	700.000000	0.0199867 	700.000000	0.0202527 	700.000000	3.35329e-06	
720.000000	0.028881  	720.000000	0.0200953 	720.000000	0.0198291 	720.000000	0.0197515 	720.000000	0.0198289 	720.000000	0.020092  	720.000000	3.2676e-06	
740.000000	0.0286223 	740.000000	0.0199444 	740.000000	0.019682  	740.000000	0.0196041 	740.000000	0.019681  	740.000000	0.0199412 	740.000000	3.18634e-06	
760.000000	0.028379  	760.000000	0.0198027 	760.000000	0.0195431 	760.000000	0.0194658 	760.000000	0.0195423 	760.000000	0.0197995 	760.000000	3.10917e-06	
780.000000	0.0281502 	780.000000	0.0196694 	780.000000	0.0194123 	780.000000	0.0193359 	780.000000	0.0194121 	780.000000	0.0196664 	780.000000	3.03579e-06	
800.000000	0.0279347 	800.000000	0.019544  	800.000000	0.0192891 	800.000000	0.0192138 	800.000000	0.0192896 	800.000000	0.0195411 	800.000000	2.96592e-06	
820.000000	0.0277316 	820.000000	0.019426  	820.000000	0.0191735 	820.000000	0.019099  	820.000000	0.0191745 	820.000000	0.0194231 	820.000000	2.89932e-06	
840.000000	0.0275402 	840.000000	0.0193147 	840.000000	0.0190652 	840.000000	0.0189909 	840.000000	0.019066  	840.000000	0.0193118 	840.000000	2.83575e-06	
860.000000	0.0273595 	860.000000	0.0192097 	860.000000	0.0189639 	860.000000	0.0188893 	860.000000	0.0189642 	860.000000	0.0192069 	860.000000	2.77501e-06	
880.000000	0.027189  	880.000000	0.0191107 	880.000000	0.0188683 	880.000000	0.0187933 	880.000000	0.0188678 	880.000000	0.0191079 	880.000000	2.71692e-06	
900.000000	0.027028  	900.000000	0.0190171 	900.000000	0.0187777 	900.000000	0.0187027 	900.000000	0.018777  	900.000000	0.0190145 	900.000000	2.6613e-06	
920.000000	0.026876  	920.000000	0.0189288 	920.000000	0.0186918 	920.000000	0.0186172 	920.000000	0.0186912 	920.000000	0.0189262 	920.000000	2.608e-06 	
940.000000	0.0267323 	940.000000	0.0188453 	940.000000	0.0186104 	940.000000	0.0185364 	940.000000	0.0186101 	940.000000	0.0188427 	940.000000	2.55686e-06	
960.000000	0.0265964 	960.000000	0.0187664 	960.000000	0.0185333 	960.000000	0.0184601 	960.000000	0.0185336 	960.000000	0.0187639 	960.000000	2.50777e-06	
980.000000	0.0264681 	980.000000	0.0186917 	980.000000	0.0184605 	980.000000	0.0183879 	980.000000	0.0184612 	980.000000	0.0186892 	980.000000	2.4606e-06	
1000.000000	0.0263467 	1000.000000	0.0186211 	1000.000000	0.0183916 	1000.000000	0.0183196 	1000.000000	0.0183927 	1000.000000	0.0186187 	1000.000000	2.41524e-06	
1020.000000	0.0262319 	1020.000000	0.0185543 	1020.000000	0.0183268 	1020.000000	0.018255  	1020.000000	0.0183279 	1020.000000	0.0185519 	1020.000000	2.37158e-06	
1040.000000	0.0261234 	1040.000000	0.018491  	1040.000000	0.0182657 	1040.000000	0.0181939 	1040.000000	0.0182665 	1040.000000	0.0184887 	1040.000000	2.32953e-06	
1060.000000	0.0260209 	1060.000000	0.0184312 	1060.000000	0.018208  	1060.000000	0.018136  	1060.000000	0.0182084 	1060.000000	0.0184289 	1060.000000	2.289e-06 	
1080.000000	0.025924  	1080.000000	0.0183745 	1080.000000	0.0181535 	1080.000000	0.0180812 	1080.000000	0.0181534 	1080.000000	0.0183723 	1080.000000	2.2499e-06	
1100.000000	0.0258324 	1100.000000	0.0183209 	1100.000000	0.0181017 	1100.000000	0.0180292 	1100.000000	0.0181012 	1100.000000	0.0183187 	1100.000000	2.21217e-06	
1120.000000	0.0257458 	1120.000000	0.0182702 	1120.000000	0.0180523 	1120.000000	0.01798   	1120.000000	0.0180518 	1120.000000	0.018268  	1120.000000	2.17573e-06	
1140.000000	0.0256641 	1140.000000	0.0182222 	1140.000000	0.0180053 	1140.000000	0.0179333 	1140.000000	0.018005  	1140.000000	0.0182201 	1140.000000	2.14052e-06	
1160.000000	0.025587  	1160.000000	0.0181768 	1160.000000	0.0179606 	1160.000000	0.0178891 	1160.000000	0.0179606 	1160.000000	0.0181747 	1160.000000	2.10647e-06	
1180.000000	0.0255142 	1180.000000	0.0181338 	1180.000000	0.0179183 	1180.000000	0.0178471 	1180.000000	0.0179185 	1180.000000	0.0181318 	1180.000000	2.07353e-06	
1200.000000	0.0254456 	1200.000000	0.0180932 	1200.000000	0.0178782 	1200.000000	0.0178073 	1200.000000	0.0178786 	1200.000000	0.0180912 	1200.000000	2.04164e-06	
1220.000000	0.025381  	1220.000000	0.0180548 	1220.000000	0.0178405 	1220.000000	0.0177696 	1220.000000	0.0178407 	1220.000000	0.0180528 	1220.000000	2.01075e-06	
1240.000000	0.0253202 	1240.000000	0.0180186 	1240.000000	0.0178048 	1240.000000	0.0177339 	1240.000000	0.0178048 	1240.000000	0.0180166 	1240.000000	1.98081e-06	
1260.000000	0.025263  	1260.000000	0.0179843 	1260.000000	0.0177711 	1260.000000	0.0177    	1260.000000	0.0177708 	1260.000000	0.0179824 	1260.000000	1.95179e-06	
1280.000000	0.0252092 	1280.000000	0.017952  	1280.000000	0.0177392 	1280.000000	0.0176679 	1280.000000	0.0177385 	1280.000000	0.0179501 	1280.000000	1.92364e-06	
1300.000000	0.0251588 	1300.000000	0.0179215 	1300.000000	0.0177089 	1300.000000	0.0176374 	1300.000000	0.0177079 	1300.000000	0.0179196 	1300.000000	1.89631e-06	
1320.000000	0.0251115 	1320.000000	0.0178928 	1320.000000	0.01768   	1320.000000	0.0176085 	1320.000000	0.0176789 	1320.000000	0.0178909 	1320.000000	1.86978e-06	
1340.000000	0.0250673 	1340.000000	0.0178658 	1340.000000	0.0176526 	1340.000000	0.0175811 	1340.000000	0.0176514 	1340.000000	0.0178639 	1340.000000	1.84401e-06	
1360.000000	0.025026  	1360.000000	0.0178404 	1360.000000	0.0176265 	1360.000000	0.0175552 	1360.000000	0.0176254 	1360.000000	0.0178385 	1360.000000	1.81897e-06	
1380.000000	0.0249875 	1380.000000	0.0178165 	1380.000000	0.0176017 	1380.000000	0.0175307 	1380.000000	0.0176007 	1380.000000	0.0178147 	1380.000000	1.79462e-06	
1400.000000	0.0249517 	1400.000000	0.0177941 	1400.000000	0.0175781 	1400.000000	0.0175074 	1400.000000	0.0175773 	1400.000000	0.0177923 	1400.000000	1.77094e-06	
1420.000000	0.0249185 	1420.000000	0.0177731 	1420.000000	0.0175558 	1420.000000	0.0174854 	1420.000000	0.0175552 	1420.000000	0.0177713 	1420.000000	1.7479e-06	
1440.000000	0.0248877 	1440.000000	0.0177534 	1440.000000	0.0175346 	1440.000000	0.0174646 	1440.000000	0.0175343 	1440.000000	0.0177517 	1440.000000	1.72548e-06	
1460.000000	0.0248594 	1460.000000	0.0177351 	1460.000000	0.0175146 	1460.000000	0.0174449 	1460.000000	0.0175145 	1460.000000	0.0177334 	1460.000000	1.70364e-06	
1480.000000	0.0248334 	1480.000000	0.017718  	1480.000000	0.0174957 	1480.000000	0.0174263 	1480.000000	0.0174958 	1480.000000	0.0177163 	1480.000000	1.68237e-06	
1500.000000	0.0248095 	1500.000000	0.0177021 	1500.000000	0.0174779 	1500.000000	0.0174087 	1500.000000	0.0174781 	1500.000000	0.0177005 	1500.000000	1.66164e-06	
1520.000000	0.0247878 	1520.000000	0.0176874 	1520.000000	0.0174611 	1520.000000	0.0173921 	1520.000000	0.0174614 	1520.000000	0.0176858 	1520.000000	1.64144e-06	
1540.000000	0.0247682 	1540.000000	0.0176738 	1540.000000	0.0174452 	1540.000000	0.0173765 	1540.000000	0.0174457 	1540.000000	0.0176722 	1540.000000	1.62174e-06	
1560.000000	0.0247505 	1560.000000	0.0176612 	1560.000000	0.0174303 	1560.000000	0.0173617 	1560.000000	0.0174308 	1560.000000	0.0176596 	1560.000000	1.60252e-06	
1580.000000	0.0247348 	1580.000000	0.0176497 	1580.000000	0.0174164 	1580.000000	0.0173479 	1580.000000	0.0174169 	1580.000000	0.0176481 	1580.000000	1.58377e-06	
1600.000000	0.0247209 	1600.000000	0.0176392 	1600.000000	0.0174033 	1600.000000	0.0173348 	1600.000000	0.0174037 	1600.000000	0.0176376 	1600.000000	1.56547e-06	
1620.000000	0.0247088 	1620.000000	0.0176296 	1620.000000	0.017391  	1620.000000	0.0173225 	1620.000000	0.0173914 	1620.000000	0.017628  	1620.000000	1.54761e-06	
1640.000000	0.0246985 	1640.000000	0.0176209 	1640.000000	0.0173796 	1640.000000	0.017311  	1640.000000	0.0173798 	1640.000000	0.0176194 	1640.000000	1.53016e-06	
1660.000000	0.0246898 	1660.000000	0.0176131 	1660.000000	0.0173689 	1660.000000	0.0173002 	1660.000000	0.0173689 	1660.000000	0.0176116 	1660.000000	1.51311e-06	
1680.000000	0.0246827 	1680.000000	0.0176062 	1680.000000	0.0173589 	1680.000000	0.0172901 	1680.000000	0.0173587 	1680.000000	0.0176047 	1680.000000	1.49646e-06	
1700.000000	0.0246772 	1700.000000	0.0176001 	1700.000000	0.0173496 	1700.000000	0.0172807 	1700.000000	0.0173492 	1700.000000	0.0175986 	1700.000000	1.48018e-06	
1750.000000	0.0246699 	1750.000000	0.0175883 	1750.000000	0.017329  	1750.000000	0.0172599 	1750.000000	0.0173282 	1750.000000	0.0175869 	1750.000000	1.44104e-06	
1800.000000	0.0246714 	1800.000000	0.017581  	1800.000000	0.0173118 	1800.000000	0.0172427 	1800.000000	0.0173109 	1800.000000	0.0175796 	1800.000000	1.40399e-06	
1850.000000	0.024681  	1850.000000	0.017578  	1850.000000	0.0172977 	1850.000000	0.0172287 	1850.000000	0.0172967 	1850.000000	0.0175766 	1850.000000	1.36887e-06	
1900.000000	0.0246981 	1900.000000	0.0175788 	1900.000000	0.0172865 	1900.000000	0.0172177 	1900.000000	0.0172856 	1900.000000	0.0175775 	1900.000000	1.33552e-06	
1950.000000	0.0247222 	1950.000000	0.0175832 	1950.000000	0.0172778 	1950.000000	0.0172094 	1950.000000	0.0172771 	1950.000000	0.0175819 	1950.000000	1.30381e-06	
2000.000000	0.0247529 	2000.000000	0.0175909 	2000.000000	0.0172715 	2000.000000	0.0172034 	2000.000000	0.017271  	2000.000000	0.0175896 	2000.000000	1.27363e-06	
2100.000000	0.0248321 	2100.000000	0.0176153 	2100.000000	0.0172654 	2100.000000	0.017198  	2100.000000	0.0172653 	2100.000000	0.0176141 	2100.000000	1.2174e-06	
2200.000000	0.0249329 	2200.000000	0.0176504 	2200.000000	0.0172667 	2200.000000	0.0171999 	2200.000000	0.017267  	2200.000000	0.0176492 	2200.000000	1.16609e-06	
2300.000000	0.0250527 	2300.000000	0.0176946 	2300.000000	0.0172743 	2300.000000	0.0172079 	2300.000000	0.0172748 	2300.000000	0.0176935 	2300.000000	1.11908e-06	
2400.000000	0.0251894 	2400.000000	0.017747  	2400.000000	0.0172872 	2400.000000	0.0172209 	2400.000000	0.0172876 	2400.000000	0.0177459 	2400.000000	1.07582e-06	
2500.000000	0.0253413 	2500.000000	0.0178065 	2500.000000	0.0173046 	2500.000000	0.0172382 	2500.000000	0.0173048 	2500.000000	0.0178054 	2500.000000	1.0359e-06	
2600.000000	0.0255069 	2600.000000	0.0178722 	2600.000000	0.0173256 	2600.000000	0.0172591 	2600.000000	0.0173255 	2600.000000	0.0178712 	2600.000000	9.98933e-07	
2700.000000	0.0256849 	2700.000000	0.0179436 	2700.000000	0.0173496 	2700.000000	0.0172829 	2700.000000	0.0173491 	2700.000000	0.0179426 	2700.000000	9.64597e-07	
2800.000000	0.0258742 	2800.000000	0.0180199 	2800.000000	0.0173761 	2800.000000	0.0173092 	2800.000000	0.0173753 	2800.000000	0.0180189 	2800.000000	9.32621e-07	
2900.000000	0.0260738 	2900.000000	0.0181006 	2900.000000	0.0174045 	2900.000000	0.0173376 	2900.000000	0.0174036 	2900.000000	0.0180997 	2900.000000	9.02766e-07	
3000.000000	0.026283  	3000.000000	0.0181854 	3000.000000	0.0174346 	3000.000000	0.0173678 	3000.000000	0.0174336 	3000.000000	0.0181845 	3000.000000	8.74827e-07	
3200.000000	0.0267269 	3200.000000	0.0183653 	3200.000000	0.0174987 	3200.000000	0.0174322 	3200.000000	0.0174978 	3200.000000	0.0183645 	3200.000000	8.23991e-07	
3400.000000	0.0272011 	3400.000000	0.0185571 	3400.000000	0.0175667 	3400.000000	0.0175006 	3400.000000	0.017566  	3400.000000	0.0185564 	3400.000000	7.78917e-07	
3600.000000	0.0277018 	3600.000000	0.0187587 	3600.000000	0.0176374 	3600.000000	0.0175716 	3600.000000	0.0176369 	3600.000000	0.018758  	3600.000000	7.38668e-07	
3800.000000	0.0282259 	3800.000000	0.0189685 	3800.000000	0.0177098 	3800.000000	0.0176443 	3800.000000	0.0177095 	3800.000000	0.0189678 	3800.000000	7.02501e-07	
4000.000000	0.028771  	4000.000000	0.0191853 	4000.000000	0.0177831 	4000.000000	0.0177179 	4000.000000	0.0177829 	4000.000000	0.0191846 	4000.000000	6.69818e-07	
4200.000000	0.029335  	4200.000000	0.0194078 	4200.000000	0.0178568 	4200.000000	0.0177918 	4200.000000	0.0178567 	4200.000000	0.0194072 	4200.000000	6.40134e-07	
4400.000000	0.0299163 	4400.000000	0.0196354 	4400.000000	0.0179305 	4400.000000	0.0178656 	4400.000000	0.0179303 	4400.000000	0.0196348 	4400.000000	6.13051e-07	
4600.000000	0.0305136 	4600.000000	0.0198673 	4600.000000	0.0180037 	4600.000000	0.017939  	4600.000000	0.0180036 	4600.000000	0.0198667 	4600.000000	5.88237e-07	
4800.000000	0.0311256 	4800.000000	0.020103  	4800.000000	0.0180764 	4800.000000	0.0180118 	4800.000000	0.0180763 	4800.000000	0.0201024 	4800.000000	5.65416e-07	
5000.000000	0.0317514 	5000.000000	0.0203418 	5000.000000	0.0181482 	5000.000000	0.0180837 	5000.000000	0.0181482 	5000.000000	0.0203413 	5000.000000	5.44354e-07	
5250.000000	0.0325518 	5250.000000	0.0206443 	5250.000000	0.0182367 	5250.000000	0.0181723 	5250.000000	0.0182367 	5250.000000	0.0206438 	5250.000000	5.20203e-07	
5500.000000	0.0333712 	5500.000000	0.0209506 	5500.000000	0.0183236 	5500.000000	0.0182593 	5500.000000	0.0183235 	5500.000000	0.0209501 	5500.000000	4.98168e-07	
6000.000000	0.0350622 	6000.000000	0.0215721 	6000.000000	0.0184921 	6000.000000	0.018428  	6000.000000	0.018492  	6000.000000	0.0215717 	6000.000000	4.59416e-07	
6500.000000	0.0368175 	6500.000000	0.0222031 	6500.000000	0.0186533 	6500.000000	0.0185894 	6500.000000	0.0186532 	6500.000000	0.0222027 	6500.000000	4.26422e-07	
7000.000000	0.038632  	7000.000000	0.0228412 	7000.000000	0.0188073 	7000.000000	0.0187435 	7000.000000	0.0188071 	7000.000000	0.0228408 	7000.000000	3.9798e-07	
7500.000000	0.0405018 	7500.000000	0.0234844 	7500.000000	0.0189542 	7500.000000	0.0188905 	7500.000000	0.0189539 	7500.000000	0.0234841 	7500.000000	3.732e-07 	
8000.000000	0.0424242 	8000.000000	0.0241317 	8000.000000	0.0190947 	8000.000000	0.0190309 	8000.000000	0.019094  	8000.000000	0.0241313 	8000.000000	3.51411e-07	
8500.000000	0.0443969 	8500.000000	0.0247819 	8500.000000	0.0192283 	8500.000000	0.0191649 	8500.000000	0.0192278 	8500.000000	0.0247816 	8500.000000	3.32098e-07	
9000.000000	0.0464182 	9000.000000	0.0254345 	9000.000000	0.0193555 	9000.000000	0.019293  	9000.000000	0.0193557 	9000.000000	0.0254342 	9000.000000	3.14858e-07	
9500.000000	0.0484869 	9500.000000	0.0260887 	9500.000000	0.0194774 	9500.000000	0.0194155 	9500.000000	0.019478  	9500.000000	0.0260884 	9500.000000	2.9937e-07	
10000.000000	0.0506018 	10000.000000	0.0267442 	10000.000000	0.0195947 	10000.000000	0.0195329 	10000.000000	0.0195952 	10000.000000	0.0267439 	10000.000000	2.85379e-07	
11000.000000	0.0549671 	11000.000000	0.0280575 	11000.000000	0.0198153 	11000.000000	0.0197535 	11000.000000	0.0198153 	11000.000000	0.0280573 	11000.000000	2.61086e-07	
12000.000000	0.059509  	12000.000000	0.0293725 	12000.000000	0.0200187 	12000.000000	0.0199572 	12000.000000	0.0200186 	12000.000000	0.0293723 	12000.000000	2.4071e-07	
13000.000000	0.0642241 	13000.000000	0.0306878 	13000.000000	0.0202069 	13000.000000	0.0201463 	13000.000000	0.0202071 	13000.000000	0.0306876 	13000.000000	2.23366e-07	
14000.000000	0.0691101 	14000.000000	0.0320025 	14000.000000	0.020382  	14000.000000	0.0203224 	14000.000000	0.0203827 	14000.000000	0.0320023 	14000.000000	2.0842e-07	
15000.000000	0.0741655 	15000.000000	0.0333161 	15000.000000	0.0205457 	15000.000000	0.0204871 	15000.000000	0.0205468 	15000.000000	0.0333159 	15000.000000	1.95401e-07	
16000.000000	0.0793893 	16000.000000	0.0346281 	16000.000000	0.0206995 	16000.000000	0.0206417 	16000.000000	0.0207007 	16000.000000	0.0346279 	16000.000000	1.83957e-07	
17000.000000	0.084781  	17000.000000	0.0359384 	17000.000000	0.0208443 	17000.000000	0.0207871 	17000.000000	0.0208455 	17000.000000	0.0359382 	17000.000000	1.73815e-07	
18000.000000	0.0903402 	18000.000000	0.0372466 	18000.000000	0.0209813 	18000.000000	0.0209245 	18000.000000	0.0209822 	18000.000000	0.0372465 	18000.000000	1.64763e-07	
19000.000000	0.0960669 	19000.000000	0.0385528 	19000.000000	0.0211111 	19000.000000	0.0210546 	19000.000000	0.0211115 	19000.000000	0.0385527 	19000.000000	1.56634e-07	
20000.000000	0.101961  	20000.000000	0.0398569 	20000.000000	0.0212343 	20000.000000	0.021178  	20000.000000	0.0212342 	20000.000000	0.0398567 	20000.000000	1.4929e-07	
21000.000000	0.108023  	21000.000000	0.0411588 	21000.000000	0.0213514 	21000.000000	0.0212954 	21000.000000	0.0213508 	21000.000000	0.0411586 	21000.000000	1.42624e-07	
22000.000000	0.114254  	22000.000000	0.0424585 	22000.000000	0.0214622 	22000.000000	0.0214073 	22000.000000	0.0214618 	22000.000000	0.0424584 	22000.000000	1.36544e-07	
23000.000000	0.120653  	23000.000000	0.0437561 	23000.000000	0.021568  	23000.000000	0.0215142 	23000.000000	0.0215678 	23000.000000	0.043756  	23000.000000	1.30975e-07	
24000.000000	0.127221  	24000.000000	0.0450515 	24000.000000	0.0216694 	24000.000000	0.0216164 	24000.000000	0.0216691 	24000.000000	0.0450514 	24000.000000	1.25855e-07	
25000.000000	0.133958  	25000.000000	0.0463448 	25000.000000	0.0217665 	25000.000000	0.0217144 	25000.000000	0.0217662 	25000.000000	0.0463447 	25000.000000	1.21132e-07	
26000.000000	0.140866  	26000.000000	0.047636  	26000.000000	0.0218595 	26000.000000	0.0218084 	26000.000000	0.0218592 	26000.000000	0.0476359 	26000.000000	1.16761e-07	
27000.000000	0.147945  	27000.000000	0.0489252 	27000.000000	0.0219486 	27000.000000	0.0218988 	27000.000000	0.0219486 	27000.000000	0.0489251 	27000.000000	1.12702e-07	
28000.000000	0.155196  	28000.000000	0.0502124 	28000.000000	0.0220342 	28000.000000	0.0219858 	28000.000000	0.0220345 	28000.000000	0.0502123 	28000.000000	1.08925e-07	
29000.000000	0.162619  	29000.000000	0.0514976 	29000.000000	0.0221169 	29000.000000	0.0220697 	29000.000000	0.0221173 	29000.000000	0.0514975 	29000.000000	1.05399e-07	
30000.000000	0.170215  	30000.000000	0.0527809 	30000.000000	0.0221967 	30000.000000	0.0221505 	30000.000000	0.022197  	30000.000000	0.0527808 	30000.000000	1.02101e-07	
32000.000000	0.185931  	32000.000000	0.0553418 	32000.000000	0.0223483 	32000.000000	0.0223042 	32000.000000	0.0223484 	32000.000000	0.0553417 	32000.000000	9.61039e-08	
34000.000000	0.202349  	34000.000000	0.0578956 	34000.000000	0.0224897 	34000.000000	0.0224482 	34000.000000	0.0224898 	34000.000000	0.0578955 	34000.000000	9.07903e-08	
36000.000000	0.219476  	36000.000000	0.0604424 	36000.000000	0.0226224 	36000.000000	0.0225835 	36000.000000	0.0226224 	36000.000000	0.0604423 	36000.000000	8.60488e-08	
38000.000000	0.23732   	38000.000000	0.0629827 	38000.000000	0.0227472 	38000.000000	0.0227111 	38000.000000	0.0227473 	38000.000000	0.0629826 	38000.000000	8.17909e-08	
40000.000000	0.255888  	40000.000000	0.0655167 	40000.000000	0.0228652 	40000.000000	0.0228319 	40000.000000	0.0228651 	40000.000000	0.0655166 	40000.000000	7.79456e-08	
42000.000000	0.275186  	42000.000000	0.0680446 	42000.000000	0.0229768 	42000.000000	0.0229464 	42000.000000	0.0229765 	42000.000000	0.0680445 	42000.000000	7.44551e-08	
44000.000000	0.295224  	44000.000000	0.0705668 	44000.000000	0.0230828 	44000.000000	0.0230553 	44000.000000	0.0230823 	44000.000000	0.0705667 	44000.000000	7.12722e-08	
46000.000000	0.316008  	46000.000000	0.0730834 	46000.000000	0.0231836 	46000.000000	0.023159  	46000.000000	0.0231826 	46000.000000	0.0730834 	46000.000000	6.83574e-08	
48000.000000	0.337547  	48000.000000	0.0755948 	48000.000000	0.0232797 	48000.000000	0.0232581 	48000.000000	0.0232782 	48000.000000	0.0755947 	48000.000000	6.56781e-08	
50000.000000	0.359847  	50000.000000	0.078101  	50000.000000	0.0233711 	50000.000000	0.0233529 	50000.000000	0.0233693 	50000.000000	0.0781009 	50000.000000	6.32065e-08	
