*Energy (MeV/u)1	0 - [He-base] F.Hubert et al. AD&ND Tables 46(1990)1	Energy (MeV/u)2	1 - [H -base] J.F.Ziegler et al.Pergamon Press.NY(low energy)	Energy (MeV/u)3	2 - ATIMA 1.2 LS-theory (recommended for high energy)	Energy (MeV/u)4	3 - ATIMA 1.2 without LS-correction	Energy (MeV/u)5	4 - ATIMA 1.4 H.Weick. improved mean charge formula for HI	Energy (MeV/u)6	5 - electrical component of [1] - J.F.Ziegler et al	Energy (MeV/u)7	6 - nuclear component of [1] - J.F.Ziegler et al	
0.001000	0.150459  	0.001000	0.0793947 	0.001000	0.0937308 	0.001000	0.0937308 	0.001000	0.0936853 	0.001000	0.0449264 	0.001000	0.0344682 	
0.002000	0.177693  	0.002000	0.0930853 	0.002000	0.111119  	0.002000	0.111119  	0.002000	0.111089  	0.002000	0.0657762 	0.002000	0.0273091 	
0.005000	0.251651  	0.005000	0.126465  	0.005000	0.150102  	0.005000	0.150102  	0.005000	0.150087  	0.005000	0.108877  	0.005000	0.0175877 	
0.008000	0.313245  	0.008000	0.154373  	0.008000	0.180997  	0.008000	0.180997  	0.008000	0.180988  	0.008000	0.140994  	0.008000	0.0133789 	
0.010000	0.349573  	0.010000	0.171046  	0.010000	0.199044  	0.010000	0.199044  	0.010000	0.199036  	0.010000	0.159405  	0.010000	0.0116411 	
0.015000	0.410725  	0.015000	0.208151  	0.015000	0.238442  	0.015000	0.238442  	0.015000	0.238437  	0.015000	0.199229  	0.015000	0.00892204	
0.020000	0.458632  	0.020000	0.23927   	0.020000	0.276547  	0.020000	0.276547  	0.020000	0.276543  	0.020000	0.231949  	0.020000	0.00732055	
0.025000	0.510707  	0.025000	0.269904  	0.025000	0.313615  	0.025000	0.313615  	0.025000	0.313612  	0.025000	0.263711  	0.025000	0.00619298	
0.030000	0.552922  	0.030000	0.297943  	0.030000	0.33825   	0.030000	0.33825   	0.030000	0.338247  	0.030000	0.292513  	0.030000	0.00542953	
0.035000	0.586686  	0.035000	0.322418  	0.035000	0.36006   	0.035000	0.36006   	0.035000	0.360058  	0.035000	0.317569  	0.035000	0.00484862	
0.040000	0.612587  	0.040000	0.344652  	0.040000	0.379337  	0.040000	0.379337  	0.040000	0.379335  	0.040000	0.340262  	0.040000	0.00439014	
0.045000	0.631045  	0.045000	0.364842  	0.045000	0.396326  	0.045000	0.396326  	0.045000	0.396325  	0.045000	0.360824  	0.045000	0.00401807	
0.050000	0.642586  	0.050000	0.383191  	0.050000	0.411251  	0.050000	0.411251  	0.050000	0.41125   	0.050000	0.379481  	0.050000	0.00370944	
0.055000	0.668168  	0.055000	0.398148  	0.055000	0.424321  	0.055000	0.424321  	0.055000	0.42432   	0.055000	0.394699  	0.055000	0.00344883	
0.060000	0.689439  	0.060000	0.411574  	0.060000	0.435733  	0.060000	0.435733  	0.060000	0.435732  	0.060000	0.408349  	0.060000	0.00322555	
0.070000	0.720428  	0.070000	0.434644  	0.070000	0.454311  	0.070000	0.454311  	0.070000	0.45431   	0.070000	0.431782  	0.070000	0.00286213	
0.080000	0.753644  	0.080000	0.453051  	0.080000	0.468301  	0.080000	0.468301  	0.080000	0.4683    	0.080000	0.450473  	0.080000	0.00257816	
0.090000	0.777584  	0.090000	0.468624  	0.090000	0.47879   	0.090000	0.47879   	0.090000	0.478789  	0.090000	0.466274  	0.090000	0.00234956	
0.100000	0.795257  	0.100000	0.482166  	0.100000	0.48664   	0.100000	0.48664   	0.100000	0.486639  	0.100000	0.480005  	0.100000	0.00216119	
0.120000	0.806485  	0.120000	0.499004  	0.120000	0.496902  	0.120000	0.496902  	0.120000	0.496901  	0.120000	0.497136  	0.120000	0.00186817	
0.140000	0.808443  	0.140000	0.511526  	0.140000	0.502596  	0.140000	0.502596  	0.140000	0.502595  	0.140000	0.509876  	0.140000	0.00164997	
0.160000	0.808515  	0.160000	0.522285  	0.160000	0.505608  	0.160000	0.505608  	0.160000	0.505608  	0.160000	0.520804  	0.160000	0.00148063	
0.180000	0.807531  	0.180000	0.529611  	0.180000	0.506938  	0.180000	0.506938  	0.180000	0.506938  	0.180000	0.528265  	0.180000	0.00134504	
0.200000	0.809672  	0.200000	0.537186  	0.200000	0.507127  	0.200000	0.507127  	0.200000	0.507127  	0.200000	0.535952  	0.200000	0.00123383	
0.250000	0.793108  	0.250000	0.541289  	0.250000	0.50437   	0.250000	0.50437   	0.250000	0.50437   	0.250000	0.540262  	0.250000	0.00102653	
0.300000	0.790522  	0.300000	0.549027  	0.300000	0.501898  	0.300000	0.501898  	0.300000	0.501898  	0.300000	0.548145  	0.300000	0.000882313	
0.350000	0.781334  	0.350000	0.546517  	0.350000	0.497586  	0.350000	0.497586  	0.350000	0.497586  	0.350000	0.545741  	0.350000	0.000775741	
0.400000	0.768146  	0.400000	0.538385  	0.400000	0.490587  	0.400000	0.490587  	0.400000	0.490588  	0.400000	0.537692  	0.400000	0.000693534	
0.450000	0.750787  	0.450000	0.525302  	0.450000	0.481414  	0.450000	0.481414  	0.450000	0.481414  	0.450000	0.524674  	0.450000	0.000628047	
0.500000	0.73391   	0.500000	0.511613  	0.500000	0.471727  	0.500000	0.471727  	0.500000	0.471727  	0.500000	0.511039  	0.500000	0.00057456	
0.600000	0.673529  	0.600000	0.488625  	0.600000	0.451982  	0.600000	0.451982  	0.600000	0.451982  	0.600000	0.488132  	0.600000	0.000492235	
0.700000	0.613077  	0.700000	0.461958  	0.700000	0.432728  	0.700000	0.432728  	0.700000	0.432729  	0.700000	0.461526  	0.700000	0.000431653	
0.800000	0.586363  	0.800000	0.449453  	0.800000	0.414474  	0.800000	0.414474  	0.800000	0.414474  	0.800000	0.449068  	0.800000	0.000385076	
0.900000	0.557902  	0.900000	0.43432   	0.900000	0.397363  	0.900000	0.397363  	0.900000	0.397363  	0.900000	0.433972  	0.900000	0.000348076	
1.000000	0.529654  	1.000000	0.418062  	1.000000	0.380407  	1.000000	0.380407  	1.000000	0.380408  	1.000000	0.417744  	1.000000	0.000317927	
1.250000	0.464863  	1.250000	0.37284   	1.250000	0.344068  	1.250000	0.344068  	1.250000	0.344068  	1.250000	0.372578  	1.250000	0.000262235	
1.500000	0.403604  	1.500000	0.325907  	1.500000	0.314237  	1.500000	0.314237  	1.500000	0.314237  	1.500000	0.325684  	1.500000	0.000223903	
1.750000	0.358708  	1.750000	0.292827  	1.750000	0.289019  	1.750000	0.289019  	1.750000	0.289019  	1.750000	0.292632  	1.750000	0.000195812	
2.000000	0.323992  	2.000000	0.267987  	2.000000	0.267392  	2.000000	0.267392  	2.000000	0.267392  	2.000000	0.267812  	2.000000	0.000174287	
2.250000	0.296584  	2.250000	0.246573  	2.250000	0.248593  	2.250000	0.248593  	2.250000	0.248593  	2.250000	0.246416  	2.250000	0.000157236	
2.500000	0.2647    	2.500000	0.229013  	2.500000	0.232158  	2.500000	0.232158  	2.500000	0.232159  	2.500000	0.22887   	2.500000	0.000143376	
3.000000	0.232582  	3.000000	0.201515  	3.000000	0.204943  	3.000000	0.204943  	3.000000	0.204943  	3.000000	0.201393  	3.000000	0.000122167	
3.500000	0.207832  	3.500000	0.18063   	3.500000	0.183472  	3.500000	0.183472  	3.500000	0.183473  	3.500000	0.180523  	3.500000	0.000106662	
4.000000	0.188143  	4.000000	0.164055  	4.000000	0.166197  	4.000000	0.166197  	4.000000	0.166198  	4.000000	0.16396   	4.000000	9.48054e-05	
4.500000	0.172084  	4.500000	0.150522  	4.500000	0.152045  	4.500000	0.152045  	4.500000	0.152045  	4.500000	0.150436  	4.500000	8.54287e-05	
5.000000	0.158721  	5.000000	0.139241  	5.000000	0.140261  	5.000000	0.140261  	5.000000	0.140261  	5.000000	0.139163  	5.000000	7.78175e-05	
5.500000	0.147418  	5.500000	0.129683  	5.500000	0.130304  	5.500000	0.130304  	5.500000	0.130304  	5.500000	0.129611  	5.500000	7.15094e-05	
6.000000	0.137725  	6.000000	0.121475  	6.000000	0.121783  	6.000000	0.121783  	6.000000	0.121784  	6.000000	0.121409  	6.000000	6.61915e-05	
6.500000	0.129316  	6.500000	0.114346  	6.500000	0.114408  	6.500000	0.114408  	6.500000	0.114408  	6.500000	0.114284  	6.500000	6.16443e-05	
7.000000	0.121947  	7.000000	0.108091  	7.000000	0.107958  	7.000000	0.107958  	7.000000	0.107958  	7.000000	0.108034  	7.000000	5.77092e-05	
7.500000	0.115433  	7.500000	0.102557  	7.500000	0.102268  	7.500000	0.102268  	7.500000	0.102268  	7.500000	0.102502  	7.500000	5.42687e-05	
8.000000	0.109631  	8.000000	0.0976207 	8.000000	0.0972085 	8.000000	0.0972085 	8.000000	0.0972086 	8.000000	0.0975695 	8.000000	5.12336e-05	
8.500000	0.104429  	8.500000	0.0931892 	8.500000	0.0926769 	8.500000	0.0926769 	8.500000	0.092677  	8.500000	0.0931406 	8.500000	4.85352e-05	
9.000000	0.0997369 	9.000000	0.0891861 	9.000000	0.0885927 	9.000000	0.0885927 	9.000000	0.0885928 	9.000000	0.08914   	9.000000	4.61196e-05	
9.500000	0.0954813 	9.500000	0.0855505 	9.500000	0.0848908 	9.500000	0.0848908 	9.500000	0.0848909 	9.500000	0.0855065 	9.500000	4.39439e-05	
10.000000	0.0916034 	10.000000	0.0826255 	10.000000	0.0815182 	10.000000	0.0815182 	10.000000	0.0815183 	10.000000	0.0825835 	10.000000	4.19735e-05	
11.000000	0.0847925 	11.000000	0.0769738 	11.000000	0.0756152 	11.000000	0.0756293 	11.000000	0.0756155 	11.000000	0.0769353 	11.000000	3.85408e-05	
12.000000	0.0790011 	12.000000	0.0720923 	12.000000	0.0706034 	12.000000	0.0706266 	12.000000	0.0706043 	12.000000	0.0720567 	12.000000	3.56497e-05	
13.000000	0.0740129 	13.000000	0.0678337 	13.000000	0.0662906 	13.000000	0.0663191 	13.000000	0.0662917 	13.000000	0.0678005 	13.000000	3.31796e-05	
14.000000	0.069669  	14.000000	0.0640854 	14.000000	0.0625368 	14.000000	0.0625675 	14.000000	0.0625375 	14.000000	0.0640544 	14.000000	3.10437e-05	
15.000000	0.0658502 	15.000000	0.0607605 	15.000000	0.0592377 	15.000000	0.0592683 	15.000000	0.0592372 	15.000000	0.0607313 	15.000000	2.91775e-05	
16.000000	0.0624653 	16.000000	0.0577904 	16.000000	0.0563123 	16.000000	0.0563424 	16.000000	0.0563114 	16.000000	0.0577629 	16.000000	2.75322e-05	
17.000000	0.059443  	17.000000	0.0551208 	17.000000	0.0536991 	17.000000	0.0537286 	17.000000	0.0536984 	17.000000	0.0550948 	17.000000	2.60704e-05	
18.000000	0.0567271 	18.000000	0.0527078 	18.000000	0.051351  	18.000000	0.0513785 	18.000000	0.0513497 	18.000000	0.052683  	18.000000	2.47624e-05	
19.000000	0.0542725 	19.000000	0.0505156 	19.000000	0.0492283 	19.000000	0.0492535 	19.000000	0.0492267 	19.000000	0.050492  	19.000000	2.3585e-05	
20.000000	0.0520425 	20.000000	0.048515  	20.000000	0.0472983 	20.000000	0.0473225 	20.000000	0.0472978 	20.000000	0.0484925 	20.000000	2.25191e-05	
21.000000	0.0500072 	21.000000	0.0466815 	21.000000	0.0455363 	21.000000	0.0455597 	21.000000	0.0455373 	21.000000	0.04666   	21.000000	2.15495e-05	
22.000000	0.0481416 	22.000000	0.0449949 	22.000000	0.0439235 	22.000000	0.043944  	22.000000	0.0439242 	22.000000	0.0449742 	22.000000	2.06635e-05	
23.000000	0.0464251 	23.000000	0.0434379 	23.000000	0.0424414 	23.000000	0.0424577 	23.000000	0.0424405 	23.000000	0.0434181 	23.000000	1.98505e-05	
24.000000	0.0448401 	24.000000	0.041996  	24.000000	0.0410726 	24.000000	0.0410859 	24.000000	0.0410713 	24.000000	0.0419769 	24.000000	1.91018e-05	
25.000000	0.0433718 	25.000000	0.0406566 	25.000000	0.0398044 	25.000000	0.039816  	25.000000	0.039804  	25.000000	0.0406382 	25.000000	1.84099e-05	
27.000000	0.0407365 	27.000000	0.0382442 	27.000000	0.0375318 	27.000000	0.0375398 	27.000000	0.0375331 	27.000000	0.038227  	27.000000	1.71723e-05	
29.000000	0.0384373 	29.000000	0.0361311 	29.000000	0.035556  	29.000000	0.0355595 	29.000000	0.035558  	29.000000	0.036115  	29.000000	1.60969e-05	
31.000000	0.0364129 	31.000000	0.0342641 	31.000000	0.0337792 	31.000000	0.0337782 	31.000000	0.0337816 	31.000000	0.0342489 	31.000000	1.51535e-05	
33.000000	0.0346159 	33.000000	0.032602  	33.000000	0.032159  	33.000000	0.032154  	33.000000	0.0321614 	33.000000	0.0325877 	33.000000	1.43189e-05	
35.000000	0.0330093 	35.000000	0.0311125 	35.000000	0.0307068 	35.000000	0.0306983 	35.000000	0.0307089 	35.000000	0.031099  	35.000000	1.3575e-05	
38.000000	0.0308941 	38.000000	0.0291466 	38.000000	0.0287891 	38.000000	0.0287764 	38.000000	0.0287907 	38.000000	0.029134  	38.000000	1.2599e-05	
41.000000	0.0290669 	41.000000	0.0274443 	41.000000	0.0271275 	41.000000	0.0271112 	41.000000	0.0271283 	41.000000	0.0274325 	41.000000	1.17591e-05	
44.000000	0.0274716 	44.000000	0.0259552 	44.000000	0.0256726 	44.000000	0.0256536 	44.000000	0.0256727 	44.000000	0.0259441 	44.000000	1.10283e-05	
47.000000	0.0260659 	47.000000	0.0246411 	47.000000	0.0243884 	47.000000	0.0243664 	47.000000	0.0243871 	47.000000	0.0246308 	47.000000	1.03864e-05	
50.000000	0.0248174 	50.000000	0.0234727 	50.000000	0.0232426 	50.000000	0.0232208 	50.000000	0.0232427 	50.000000	0.0234629 	50.000000	9.81791e-06	
55.000000	0.0230188 	55.000000	0.0217879 	55.000000	0.0215901 	55.000000	0.0215672 	55.000000	0.0215905 	55.000000	0.0217789 	55.000000	9.002e-06 	
60.000000	0.0215003 	60.000000	0.0203642 	60.000000	0.0201926 	60.000000	0.0201679 	60.000000	0.0201921 	60.000000	0.0203559 	60.000000	8.31595e-06	
65.000000	0.0201998 	65.000000	0.0191447 	65.000000	0.0189917 	65.000000	0.0189677 	65.000000	0.0189924 	65.000000	0.019137  	65.000000	7.73071e-06	
70.000000	0.0190728 	70.000000	0.018088  	70.000000	0.0179526 	70.000000	0.0179263 	70.000000	0.0179513 	70.000000	0.0180807 	70.000000	7.22532e-06	
75.000000	0.018086  	75.000000	0.0171631 	75.000000	0.0170387 	75.000000	0.0170137 	75.000000	0.0170388 	75.000000	0.0171563 	75.000000	6.78431e-06	
80.000000	0.0172143 	80.000000	0.0163466 	80.000000	0.0162332 	80.000000	0.0162071 	80.000000	0.0162323 	80.000000	0.0163402 	80.000000	6.39596e-06	
85.000000	0.0164383 	85.000000	0.0156203 	85.000000	0.0155136 	85.000000	0.0154889 	85.000000	0.015514  	85.000000	0.0156142 	85.000000	6.05126e-06	
90.000000	0.0157426 	90.000000	0.0149698 	90.000000	0.0148707 	90.000000	0.014845  	90.000000	0.01487   	90.000000	0.0149641 	90.000000	5.74316e-06	
95.000000	0.0151152 	95.000000	0.0143839 	95.000000	0.0142889 	95.000000	0.0142644 	95.000000	0.0142893 	95.000000	0.0143784 	95.000000	5.46605e-06	
100.000000	0.0145463 	100.000000	0.0138532 	100.000000	0.0137635 	100.000000	0.0137382 	100.000000	0.0137628 	100.000000	0.0138479 	100.000000	5.21543e-06	
105.000000	0.0140277 	105.000000	0.0133701 	105.000000	0.013283  	105.000000	0.0132588 	105.000000	0.0132833 	105.000000	0.0133652 	105.000000	4.98762e-06	
110.000000	0.0135531 	110.000000	0.0129286 	110.000000	0.0128451 	110.000000	0.0128203 	110.000000	0.0128446 	110.000000	0.0129239 	110.000000	4.77961e-06	
115.000000	0.0131169 	115.000000	0.0125235 	115.000000	0.0124419 	115.000000	0.0124177 	115.000000	0.0124417 	115.000000	0.0125189 	115.000000	4.58889e-06	
120.000000	0.0127145 	120.000000	0.0121503 	120.000000	0.0120705 	120.000000	0.0120466 	120.000000	0.0120704 	120.000000	0.0121458 	120.000000	4.41337e-06	
125.000000	0.012342  	125.000000	0.0118054 	125.000000	0.0117278 	125.000000	0.0117034 	125.000000	0.0117271 	125.000000	0.0118011 	125.000000	4.25127e-06	
130.000000	0.0119962 	130.000000	0.0114857 	130.000000	0.0114087 	130.000000	0.0113852 	130.000000	0.0114086 	130.000000	0.0114816 	130.000000	4.1011e-06	
135.000000	0.0116741 	135.000000	0.0111885 	135.000000	0.0111118 	135.000000	0.0110892 	135.000000	0.0111124 	135.000000	0.0111845 	135.000000	3.96157e-06	
140.000000	0.0113734 	140.000000	0.0109115 	140.000000	0.010836  	140.000000	0.0108133 	140.000000	0.0108363 	140.000000	0.0109076 	140.000000	3.83157e-06	
145.000000	0.011092  	145.000000	0.0106526 	145.000000	0.0105783 	145.000000	0.0105553 	145.000000	0.0105781 	145.000000	0.0106489 	145.000000	3.71015e-06	
150.000000	0.010828  	150.000000	0.0104103 	150.000000	0.0103359 	150.000000	0.0103137 	150.000000	0.0103363 	150.000000	0.0104067 	150.000000	3.59647e-06	
155.000000	0.0104562 	155.000000	0.0101828 	155.000000	0.0101093 	155.000000	0.0100869 	155.000000	0.0101093 	155.000000	0.0101793 	155.000000	3.48981e-06	
160.000000	0.0102383 	160.000000	0.00996892	160.000000	0.00989615	160.000000	0.00987358	160.000000	0.00989581	160.000000	0.00996553	160.000000	3.38952e-06	
165.000000	0.0100329 	165.000000	0.00976743	165.000000	0.0096945 	165.000000	0.00967258	165.000000	0.00969463	165.000000	0.00976414	165.000000	3.29506e-06	
170.000000	0.00983875	170.000000	0.00957728	170.000000	0.00950472	170.000000	0.00948285	170.000000	0.00950472	170.000000	0.00957407	170.000000	3.20591e-06	
175.000000	0.00965509	175.000000	0.00939754	175.000000	0.0093257 	175.000000	0.00930349	175.000000	0.00932518	175.000000	0.00939442	175.000000	3.12163e-06	
180.000000	0.00948103	180.000000	0.00922737	180.000000	0.00915558	180.000000	0.00913366	180.000000	0.00915519	180.000000	0.00922432	180.000000	3.04184e-06	
185.000000	0.00931584	185.000000	0.00906602	185.000000	0.00899388	185.000000	0.00897263	185.000000	0.00899399	185.000000	0.00906306	185.000000	2.96618e-06	
190.000000	0.00915885	190.000000	0.00891283	190.000000	0.00884046	190.000000	0.00881973	190.000000	0.00884093	190.000000	0.00890994	190.000000	2.89433e-06	
195.000000	0.00900945	195.000000	0.0087672 	195.000000	0.00869509	195.000000	0.00867436	195.000000	0.00869541	195.000000	0.00876437	195.000000	2.826e-06 	
200.000000	0.0088671 	200.000000	0.00862857	200.000000	0.00855702	200.000000	0.00853599	200.000000	0.00855688	200.000000	0.00862581	200.000000	2.76095e-06	
210.000000	0.00860162	210.000000	0.00837041	210.000000	0.00829874	210.000000	0.00827832	210.000000	0.00829893	210.000000	0.00836777	210.000000	2.63975e-06	
220.000000	0.00835898	220.000000	0.00813492	220.000000	0.00806393	220.000000	0.00804331	220.000000	0.00806363	220.000000	0.00813239	220.000000	2.52911e-06	
230.000000	0.00813633	230.000000	0.00791925	230.000000	0.00784837	230.000000	0.00782812	230.000000	0.00784819	230.000000	0.00791682	230.000000	2.42769e-06	
240.000000	0.00793129	240.000000	0.00772101	240.000000	0.0076498 	240.000000	0.00763037	240.000000	0.00765019	240.000000	0.00771868	240.000000	2.33438e-06	
250.000000	0.00774184	250.000000	0.00753818	250.000000	0.00746759	250.000000	0.00744805	250.000000	0.00746764	250.000000	0.00753593	250.000000	2.24823e-06	
260.000000	0.00756625	260.000000	0.00736904	260.000000	0.00729891	260.000000	0.00727945	260.000000	0.00729882	260.000000	0.00736687	260.000000	2.16842e-06	
270.000000	0.00740306	270.000000	0.00721213	270.000000	0.00714214	270.000000	0.0071231 	270.000000	0.00714227	270.000000	0.00721003	270.000000	2.09429e-06	
280.000000	0.007251  	280.000000	0.00706617	280.000000	0.00699706	280.000000	0.00697774	280.000000	0.00699671	280.000000	0.00706415	280.000000	2.02524e-06	
290.000000	0.00710896	290.000000	0.00693008	290.000000	0.00686128	290.000000	0.00684228	290.000000	0.00686106	290.000000	0.00692812	290.000000	1.96075e-06	
300.000000	0.006976  	300.000000	0.0068029 	300.000000	0.00673415	300.000000	0.00671575	300.000000	0.00673435	300.000000	0.006801  	300.000000	1.90039e-06	
310.000000	0.00685127	310.000000	0.0066838 	310.000000	0.00661551	310.000000	0.00659733	310.000000	0.00661575	310.000000	0.00668196	310.000000	1.84377e-06	
320.000000	0.00673404	320.000000	0.00657204	320.000000	0.00650468	320.000000	0.00648627	320.000000	0.00650454	320.000000	0.00657025	320.000000	1.79053e-06	
330.000000	0.00662366	330.000000	0.00646698	330.000000	0.00640024	330.000000	0.00638194	330.000000	0.00640005	330.000000	0.00646524	330.000000	1.7404e-06	
340.000000	0.00651955	340.000000	0.00636805	340.000000	0.0063016 	340.000000	0.00628376	340.000000	0.00630173	340.000000	0.00636636	340.000000	1.69309e-06	
350.000000	0.0064212 	350.000000	0.00627473	350.000000	0.00620866	350.000000	0.00619122	350.000000	0.00620904	350.000000	0.00627308	350.000000	1.64838e-06	
360.000000	0.00632815	360.000000	0.00618658	360.000000	0.00612129	360.000000	0.00610385	360.000000	0.00612154	360.000000	0.00618498	360.000000	1.60605e-06	
370.000000	0.00624   	370.000000	0.00610319	370.000000	0.00603889	370.000000	0.00602127	370.000000	0.00603883	370.000000	0.00610163	370.000000	1.56592e-06	
380.000000	0.00615637	380.000000	0.0060242 	380.000000	0.00596053	380.000000	0.00594309	380.000000	0.00596052	380.000000	0.00602267	380.000000	1.52781e-06	
390.000000	0.00607694	390.000000	0.00594928	390.000000	0.00588614	390.000000	0.005869  	390.000000	0.00588631	390.000000	0.00594778	390.000000	1.49158e-06	
400.000000	0.00600139	400.000000	0.00587812	400.000000	0.00581588	400.000000	0.00579868	400.000000	0.00581588	400.000000	0.00587667	400.000000	1.45709e-06	
410.000000	0.00592948	410.000000	0.00581048	410.000000	0.00574923	410.000000	0.00573188	410.000000	0.00574897	410.000000	0.00580905	410.000000	1.42422e-06	
420.000000	0.00586094	420.000000	0.00574609	420.000000	0.00568557	420.000000	0.00566835	420.000000	0.00568533	420.000000	0.0057447 	420.000000	1.39284e-06	
430.000000	0.00579555	430.000000	0.00568475	430.000000	0.00562479	430.000000	0.00560786	430.000000	0.00562474	430.000000	0.00568339	430.000000	1.36287e-06	
440.000000	0.00573311	440.000000	0.00562625	440.000000	0.00556684	440.000000	0.00555022	440.000000	0.005567  	440.000000	0.00562492	440.000000	1.33421e-06	
450.000000	0.00567343	450.000000	0.00557041	450.000000	0.00551167	450.000000	0.00549523	450.000000	0.00551192	450.000000	0.0055691 	450.000000	1.30677e-06	
460.000000	0.00561634	460.000000	0.00551706	460.000000	0.00545921	460.000000	0.00544274	460.000000	0.00545934	460.000000	0.00551578	460.000000	1.28047e-06	
470.000000	0.00556169	470.000000	0.00546604	470.000000	0.00540917	470.000000	0.00539258	470.000000	0.00540909	470.000000	0.00546478	470.000000	1.25525e-06	
480.000000	0.00550932	480.000000	0.00541721	480.000000	0.00536122	480.000000	0.00534461	480.000000	0.00536103	480.000000	0.00541598	480.000000	1.23104e-06	
490.000000	0.00545911	490.000000	0.00537045	490.000000	0.00531517	490.000000	0.00529869	490.000000	0.00531504	490.000000	0.00536924	490.000000	1.20778e-06	
500.000000	0.00541094	500.000000	0.00532563	500.000000	0.00527096	500.000000	0.00525472	500.000000	0.00527099	500.000000	0.00532445	500.000000	1.18541e-06	
520.000000	0.00532024	520.000000	0.00524139	520.000000	0.00518797	520.000000	0.00517215	520.000000	0.00518827	520.000000	0.00524025	520.000000	1.14315e-06	
540.000000	0.00523641	540.000000	0.0051637 	540.000000	0.00511196	540.000000	0.00509609	540.000000	0.00511206	540.000000	0.00516259	540.000000	1.1039e-06	
560.000000	0.00515875	560.000000	0.00509187	560.000000	0.0050418 	560.000000	0.00502585	560.000000	0.0050417 	560.000000	0.0050908 	560.000000	1.06735e-06	
580.000000	0.00508667	580.000000	0.00502531	580.000000	0.00497649	580.000000	0.00496085	580.000000	0.00497657	580.000000	0.00502428	580.000000	1.03322e-06	
600.000000	0.00501962	600.000000	0.00496351	600.000000	0.00491616	600.000000	0.00490056	600.000000	0.00491616	600.000000	0.00496251	600.000000	1.00127e-06	
620.000000	0.00495715	620.000000	0.00490603	620.000000	0.00486026	620.000000	0.00484452	620.000000	0.00486002	620.000000	0.00490506	620.000000	9.71314e-07	
640.000000	0.00489884	640.000000	0.00485247	640.000000	0.00480795	640.000000	0.00479235	640.000000	0.00480774	640.000000	0.00485152	640.000000	9.43154e-07	
660.000000	0.00484435	660.000000	0.00480247	660.000000	0.004759  	660.000000	0.00474369	660.000000	0.00475899	660.000000	0.00480156	660.000000	9.16635e-07	
680.000000	0.00479335	680.000000	0.00475575	680.000000	0.00471329	680.000000	0.00469823	680.000000	0.00471343	680.000000	0.00475486	680.000000	8.91616e-07	
700.000000	0.00474555	700.000000	0.00471202	700.000000	0.00467069	700.000000	0.0046557 	700.000000	0.00467082	700.000000	0.00471115	700.000000	8.67972e-07	
720.000000	0.00470071	720.000000	0.00467104	720.000000	0.00463094	720.000000	0.00461586	720.000000	0.00463089	720.000000	0.00467019	720.000000	8.45592e-07	
740.000000	0.0046586 	740.000000	0.00463259	740.000000	0.00459392	740.000000	0.00457878	740.000000	0.00459373	740.000000	0.00463176	740.000000	8.24375e-07	
760.000000	0.00461901	760.000000	0.00459648	760.000000	0.00455967	760.000000	0.00454463	760.000000	0.00455951	760.000000	0.00459567	760.000000	8.04233e-07	
780.000000	0.00458176	780.000000	0.00456253	780.000000	0.00452736	780.000000	0.00451252	780.000000	0.00452733	780.000000	0.00456175	780.000000	7.85084e-07	
800.000000	0.00454669	800.000000	0.00453059	800.000000	0.00449692	800.000000	0.00448228	800.000000	0.00449702	800.000000	0.00452982	800.000000	7.66856e-07	
820.000000	0.00451363	820.000000	0.00450051	820.000000	0.00446828	820.000000	0.00445379	820.000000	0.00446847	820.000000	0.00449976	820.000000	7.49483e-07	
840.000000	0.00448247	840.000000	0.00447216	840.000000	0.00444135	840.000000	0.00442691	840.000000	0.00444152	840.000000	0.00447143	840.000000	7.32907e-07	
860.000000	0.00445307	860.000000	0.00444543	860.000000	0.00441602	860.000000	0.00440152	860.000000	0.00441608	860.000000	0.00444471	860.000000	7.17072e-07	
880.000000	0.00442532	880.000000	0.0044202 	880.000000	0.00439211	880.000000	0.00437754	880.000000	0.00439204	880.000000	0.0044195 	880.000000	7.0193e-07	
900.000000	0.00439912	900.000000	0.00439638	900.000000	0.00436944	900.000000	0.00435486	900.000000	0.0043693 	900.000000	0.00439569	900.000000	6.87436e-07	
920.000000	0.00437437	920.000000	0.00437388	920.000000	0.0043479 	920.000000	0.00433339	920.000000	0.00434778	920.000000	0.0043732 	920.000000	6.73548e-07	
940.000000	0.00435098	940.000000	0.00435261	940.000000	0.00432745	940.000000	0.00431306	940.000000	0.0043274 	940.000000	0.00435195	940.000000	6.60229e-07	
960.000000	0.00432887	960.000000	0.00433251	960.000000	0.00430804	960.000000	0.00429379	960.000000	0.00430809	960.000000	0.00433186	960.000000	6.47444e-07	
980.000000	0.00430797	980.000000	0.0043135 	980.000000	0.00428963	980.000000	0.00427552	980.000000	0.00428977	980.000000	0.00431286	980.000000	6.35161e-07	
1000.000000	0.00428822	1000.000000	0.00429551	1000.000000	0.00427219	1000.000000	0.00425819	1000.000000	0.0042724 	1000.000000	0.00429489	1000.000000	6.23351e-07	
1020.000000	0.00426954	1020.000000	0.0042785 	1020.000000	0.00425568	1020.000000	0.00424174	1020.000000	0.0042559 	1020.000000	0.00427788	1020.000000	6.11987e-07	
1040.000000	0.00425189	1040.000000	0.00426239	1040.000000	0.00424006	1040.000000	0.00422611	1040.000000	0.00424023	1040.000000	0.00426179	1040.000000	6.01043e-07	
1060.000000	0.00423519	1060.000000	0.00424715	1060.000000	0.00422526	1060.000000	0.00421126	1060.000000	0.00422534	1060.000000	0.00424656	1060.000000	5.90497e-07	
1080.000000	0.00421942	1080.000000	0.00423273	1080.000000	0.0042112 	1080.000000	0.00419714	1080.000000	0.00421119	1080.000000	0.00423215	1080.000000	5.80327e-07	
1100.000000	0.00420451	1100.000000	0.00421908	1100.000000	0.0041978 	1100.000000	0.00418372	1100.000000	0.00419773	1100.000000	0.00421851	1100.000000	5.70514e-07	
1120.000000	0.00419043	1120.000000	0.00420616	1120.000000	0.00418501	1120.000000	0.00417094	1120.000000	0.00418492	1120.000000	0.0042056 	1120.000000	5.61037e-07	
1140.000000	0.00417713	1140.000000	0.00419394	1140.000000	0.00417278	1140.000000	0.00415879	1140.000000	0.00417273	1140.000000	0.00419338	1140.000000	5.51881e-07	
1160.000000	0.00416457	1160.000000	0.00418237	1160.000000	0.00416112	1160.000000	0.00414721	1160.000000	0.00416112	1160.000000	0.00418183	1160.000000	5.43029e-07	
1180.000000	0.00415273	1180.000000	0.00417143	1180.000000	0.00415002	1180.000000	0.00413619	1180.000000	0.00415007	1180.000000	0.0041709 	1180.000000	5.34465e-07	
1200.000000	0.00414156	1200.000000	0.00416109	1200.000000	0.00413947	1200.000000	0.00412569	1200.000000	0.00413954	1200.000000	0.00416056	1200.000000	5.26177e-07	
1220.000000	0.00413105	1220.000000	0.00415131	1220.000000	0.00412946	1220.000000	0.00411569	1220.000000	0.00412951	1220.000000	0.00415079	1220.000000	5.1815e-07	
1240.000000	0.00412114	1240.000000	0.00414207	1240.000000	0.00411995	1240.000000	0.00410616	1240.000000	0.00411995	1240.000000	0.00414156	1240.000000	5.10373e-07	
1260.000000	0.00411183	1260.000000	0.00413335	1260.000000	0.0041109 	1260.000000	0.00409707	1260.000000	0.00411083	1260.000000	0.00413285	1260.000000	5.02833e-07	
1280.000000	0.00410308	1280.000000	0.00412512	1280.000000	0.00410227	1280.000000	0.00408841	1280.000000	0.00410214	1280.000000	0.00412462	1280.000000	4.9552e-07	
1300.000000	0.00409487	1300.000000	0.00411735	1300.000000	0.00409404	1300.000000	0.00408014	1300.000000	0.00409385	1300.000000	0.00411687	1300.000000	4.88424e-07	
1320.000000	0.00408718	1320.000000	0.00411004	1320.000000	0.00408617	1320.000000	0.00407227	1320.000000	0.00408595	1320.000000	0.00410956	1320.000000	4.81535e-07	
1340.000000	0.00407999	1340.000000	0.00410315	1340.000000	0.00407864	1340.000000	0.00406475	1340.000000	0.00407841	1340.000000	0.00410268	1340.000000	4.74844e-07	
1360.000000	0.00407326	1360.000000	0.00409667	1360.000000	0.00407144	1360.000000	0.00405758	1360.000000	0.00407122	1360.000000	0.0040962 	1360.000000	4.68343e-07	
1380.000000	0.004067  	1380.000000	0.00409058	1380.000000	0.00406455	1380.000000	0.00405075	1380.000000	0.00406436	1380.000000	0.00409012	1380.000000	4.62023e-07	
1400.000000	0.00406117	1400.000000	0.00408487	1400.000000	0.00405797	1400.000000	0.00404423	1400.000000	0.00405782	1400.000000	0.00408442	1400.000000	4.55877e-07	
1420.000000	0.00405576	1420.000000	0.00407952	1420.000000	0.00405169	1420.000000	0.00403801	1420.000000	0.00405158	1420.000000	0.00407907	1420.000000	4.49898e-07	
1440.000000	0.00405076	1440.000000	0.00407451	1440.000000	0.00404569	1440.000000	0.00403207	1440.000000	0.00404562	1440.000000	0.00407407	1440.000000	4.44079e-07	
1460.000000	0.00404615	1460.000000	0.00406984	1460.000000	0.00403997	1460.000000	0.00402641	1460.000000	0.00403994	1460.000000	0.0040694 	1460.000000	4.38413e-07	
1480.000000	0.00404191	1480.000000	0.00406548	1480.000000	0.00403451	1480.000000	0.00402101	1480.000000	0.00403452	1480.000000	0.00406505	1480.000000	4.32895e-07	
1500.000000	0.00403803	1500.000000	0.00406143	1500.000000	0.00402931	1500.000000	0.00401586	1500.000000	0.00402935	1500.000000	0.004061  	1500.000000	4.27519e-07	
1520.000000	0.0040345 	1520.000000	0.00405767	1520.000000	0.00402435	1520.000000	0.00401095	1520.000000	0.00402442	1520.000000	0.00405725	1520.000000	4.22279e-07	
1540.000000	0.0040313 	1540.000000	0.00405419	1540.000000	0.00401963	1540.000000	0.00400627	1540.000000	0.00401972	1540.000000	0.00405377	1540.000000	4.1717e-07	
1560.000000	0.00402843	1560.000000	0.00405099	1560.000000	0.00401514	1560.000000	0.00400181	1560.000000	0.00401524	1560.000000	0.00405057	1560.000000	4.12187e-07	
1580.000000	0.00402587	1580.000000	0.00404804	1580.000000	0.00401087	1580.000000	0.00399755	1580.000000	0.00401097	1580.000000	0.00404763	1580.000000	4.07326e-07	
1600.000000	0.00402361	1600.000000	0.00404535	1600.000000	0.00400681	1600.000000	0.0039935 	1600.000000	0.0040069 	1600.000000	0.00404495	1600.000000	4.02582e-07	
1620.000000	0.00402164	1620.000000	0.0040429 	1620.000000	0.00400295	1620.000000	0.00398964	1620.000000	0.00400302	1620.000000	0.0040425 	1620.000000	3.97951e-07	
1640.000000	0.00401995	1640.000000	0.00404068	1640.000000	0.00399929	1640.000000	0.00398596	1640.000000	0.00399933	1640.000000	0.00404029	1640.000000	3.93429e-07	
1660.000000	0.00401854	1660.000000	0.00403869	1660.000000	0.0039958 	1660.000000	0.00398246	1660.000000	0.00399582	1660.000000	0.0040383 	1660.000000	3.89012e-07	
1680.000000	0.00401739	1680.000000	0.00403691	1680.000000	0.00399249	1680.000000	0.00397913	1680.000000	0.00399247	1680.000000	0.00403653	1680.000000	3.84696e-07	
1700.000000	0.00401649	1700.000000	0.00403535	1700.000000	0.00398934	1700.000000	0.00397596	1700.000000	0.00398929	1700.000000	0.00403497	1700.000000	3.80478e-07	
1750.000000	0.0040153 	1750.000000	0.00403231	1750.000000	0.00398213	1750.000000	0.00396871	1750.000000	0.003982  	1750.000000	0.00403193	1750.000000	3.70339e-07	
1800.000000	0.00401555	1800.000000	0.00403042	1800.000000	0.00397577	1800.000000	0.00396234	1800.000000	0.0039756 	1800.000000	0.00403006	1800.000000	3.60744e-07	
1850.000000	0.00401711	1850.000000	0.00402961	1850.000000	0.00397018	1850.000000	0.00395677	1850.000000	0.00396999	1850.000000	0.00402926	1850.000000	3.51649e-07	
1900.000000	0.00401989	1900.000000	0.00402978	1900.000000	0.00396528	1900.000000	0.00395192	1900.000000	0.00396512	1900.000000	0.00402944	1900.000000	3.43016e-07	
1950.000000	0.00402382	1950.000000	0.00403086	1950.000000	0.00396103	1950.000000	0.00394773	1950.000000	0.0039609 	1950.000000	0.00403053	1950.000000	3.3481e-07	
2000.000000	0.00402881	2000.000000	0.00403278	2000.000000	0.00395737	2000.000000	0.00394414	2000.000000	0.00395728	2000.000000	0.00403245	2000.000000	3.26999e-07	
2100.000000	0.00404171	2100.000000	0.00403891	2100.000000	0.00395164	2100.000000	0.00393855	2100.000000	0.00395165	2100.000000	0.00403859	2100.000000	3.12455e-07	
2200.000000	0.00405811	2200.000000	0.00404773	2200.000000	0.00394777	2200.000000	0.00393479	2200.000000	0.00394785	2200.000000	0.00404743	2200.000000	2.99187e-07	
2300.000000	0.00407761	2300.000000	0.0040589 	2300.000000	0.00394547	2300.000000	0.00393256	2300.000000	0.00394558	2300.000000	0.00405862	2300.000000	2.87034e-07	
2400.000000	0.00409986	2400.000000	0.00407213	2400.000000	0.0039445 	2400.000000	0.00393162	2400.000000	0.0039446 	2400.000000	0.00407185	2400.000000	2.75858e-07	
2500.000000	0.00412458	2500.000000	0.00408716	2500.000000	0.00394467	2500.000000	0.00393177	2500.000000	0.00394471	2500.000000	0.00408689	2500.000000	2.65546e-07	
2600.000000	0.00415154	2600.000000	0.00410379	2600.000000	0.00394578	2600.000000	0.00393284	2600.000000	0.00394575	2600.000000	0.00410353	2600.000000	2.55999e-07	
2700.000000	0.00418051	2700.000000	0.00412183	2700.000000	0.00394766	2700.000000	0.00393469	2700.000000	0.00394757	2700.000000	0.00412158	2700.000000	2.47136e-07	
2800.000000	0.00421132	2800.000000	0.00414113	2800.000000	0.0039502 	2800.000000	0.0039372 	2800.000000	0.00395006	2800.000000	0.00414089	2800.000000	2.38884e-07	
2900.000000	0.00424381	2900.000000	0.00416157	2900.000000	0.00395328	2900.000000	0.00394028	2900.000000	0.00395312	2900.000000	0.00416134	2900.000000	2.31182e-07	
3000.000000	0.00427785	3000.000000	0.00418302	3000.000000	0.00395683	3000.000000	0.00394384	3000.000000	0.00395666	3000.000000	0.00418279	3000.000000	2.23975e-07	
3200.000000	0.0043501 	3200.000000	0.00422857	3200.000000	0.00396506	3200.000000	0.00395213	3200.000000	0.00396491	3200.000000	0.00422836	3200.000000	2.10868e-07	
3400.000000	0.00442729	3400.000000	0.00427713	3400.000000	0.00397446	3400.000000	0.00396161	3400.000000	0.00397435	3400.000000	0.00427693	3400.000000	1.99253e-07	
3600.000000	0.00450878	3600.000000	0.00432817	3600.000000	0.00398473	3600.000000	0.00397195	3600.000000	0.00398466	3600.000000	0.00432798	3600.000000	1.88885e-07	
3800.000000	0.00459409	3800.000000	0.0043813 	3800.000000	0.00399561	3800.000000	0.00398288	3800.000000	0.00399557	3800.000000	0.00438112	3800.000000	1.79573e-07	
4000.000000	0.0046828 	4000.000000	0.00443618	4000.000000	0.00400691	4000.000000	0.00399423	4000.000000	0.00400689	4000.000000	0.004436  	4000.000000	1.71161e-07	
4200.000000	0.0047746 	4200.000000	0.00449254	4200.000000	0.00401849	4200.000000	0.00400585	4200.000000	0.00401848	4200.000000	0.00449238	4200.000000	1.63524e-07	
4400.000000	0.00486922	4400.000000	0.00455018	4400.000000	0.00403023	4400.000000	0.00401762	4400.000000	0.00403023	4400.000000	0.00455002	4400.000000	1.56559e-07	
4600.000000	0.00496643	4600.000000	0.00460891	4600.000000	0.00404205	4600.000000	0.00402947	4600.000000	0.00404206	4600.000000	0.00460876	4600.000000	1.50179e-07	
4800.000000	0.00506604	4800.000000	0.00466859	4800.000000	0.00405388	4800.000000	0.00404132	4800.000000	0.0040539 	4800.000000	0.00466844	4800.000000	1.44314e-07	
5000.000000	0.0051679 	5000.000000	0.00472908	5000.000000	0.00406567	5000.000000	0.00405314	5000.000000	0.00406569	5000.000000	0.00472895	5000.000000	1.38902e-07	
5250.000000	0.00529818	5250.000000	0.0048057 	5250.000000	0.0040803 	5250.000000	0.00406779	5250.000000	0.00408032	5250.000000	0.00480557	5250.000000	1.32699e-07	
5500.000000	0.00543153	5500.000000	0.00488327	5500.000000	0.00409476	5500.000000	0.00408226	5500.000000	0.00409478	5500.000000	0.00488314	5500.000000	1.27041e-07	
6000.000000	0.00570677	6000.000000	0.00504071	6000.000000	0.00412299	6000.000000	0.00411054	6000.000000	0.00412302	6000.000000	0.00504059	6000.000000	1.17095e-07	
6500.000000	0.00599247	6500.000000	0.00520054	6500.000000	0.0041502 	6500.000000	0.00413778	6500.000000	0.00415022	6500.000000	0.00520043	6500.000000	1.08633e-07	
7000.000000	0.00628779	7000.000000	0.00536214	7000.000000	0.00417631	7000.000000	0.00416391	7000.000000	0.00417632	7000.000000	0.00536204	7000.000000	1.01341e-07	
7500.000000	0.00659213	7500.000000	0.00552508	7500.000000	0.00420132	7500.000000	0.00418893	7500.000000	0.00420131	7500.000000	0.00552499	7500.000000	9.49919e-08	
8000.000000	0.00690501	8000.000000	0.00568903	8000.000000	0.00422525	8000.000000	0.00421287	8000.000000	0.00422522	8000.000000	0.00568894	8000.000000	8.94116e-08	
8500.000000	0.00722609	8500.000000	0.00585374	8500.000000	0.00424811	8500.000000	0.00423577	8500.000000	0.00424808	8500.000000	0.00585366	8500.000000	8.44674e-08	
9000.000000	0.00755509	9000.000000	0.00601903	9000.000000	0.00426995	9000.000000	0.00425767	9000.000000	0.00426996	9000.000000	0.00601895	9000.000000	8.00556e-08	
9500.000000	0.00789179	9500.000000	0.00618475	9500.000000	0.0042909 	9500.000000	0.00427865	9500.000000	0.0042909 	9500.000000	0.00618467	9500.000000	7.60938e-08	
10000.000000	0.00823602	10000.000000	0.00635078	10000.000000	0.00431103	10000.000000	0.00429874	10000.000000	0.00431096	10000.000000	0.00635071	10000.000000	7.25159e-08	
11000.000000	0.00894652	11000.000000	0.00668347	11000.000000	0.00434878	11000.000000	0.00433652	11000.000000	0.00434867	11000.000000	0.0066834 	11000.000000	6.63066e-08	
12000.000000	0.00968576	12000.000000	0.00701656	12000.000000	0.00438344	12000.000000	0.00437142	12000.000000	0.00438349	12000.000000	0.0070165 	12000.000000	6.11017e-08	
13000.000000	0.0104532 	13000.000000	0.00734973	13000.000000	0.00441563	13000.000000	0.00440378	13000.000000	0.00441577	13000.000000	0.00734968	13000.000000	5.66738e-08	
14000.000000	0.0112485 	14000.000000	0.00768276	14000.000000	0.00444577	14000.000000	0.0044339 	14000.000000	0.00444581	14000.000000	0.00768271	14000.000000	5.28597e-08	
15000.000000	0.0120713 	15000.000000	0.0080155 	15000.000000	0.00447403	15000.000000	0.00446205	15000.000000	0.00447387	15000.000000	0.00801545	15000.000000	4.95391e-08	
16000.000000	0.0129215 	16000.000000	0.00834785	16000.000000	0.00450049	16000.000000	0.00448845	16000.000000	0.00450017	16000.000000	0.0083478 	16000.000000	4.66212e-08	
17000.000000	0.0137991 	17000.000000	0.00867974	17000.000000	0.00452529	17000.000000	0.00451328	17000.000000	0.00452491	17000.000000	0.00867969	17000.000000	4.40365e-08	
18000.000000	0.0147039 	18000.000000	0.00901113	18000.000000	0.00454857	18000.000000	0.00453671	18000.000000	0.00454823	18000.000000	0.00901109	18000.000000	4.17304e-08	
19000.000000	0.015636  	19000.000000	0.009342  	19000.000000	0.00457051	19000.000000	0.00455887	19000.000000	0.00457028	19000.000000	0.00934196	19000.000000	3.96599e-08	
20000.000000	0.0165953 	20000.000000	0.00967233	20000.000000	0.00459125	20000.000000	0.00457989	20000.000000	0.00459119	20000.000000	0.0096723 	20000.000000	3.77903e-08	
21000.000000	0.017582  	21000.000000	0.0100021 	21000.000000	0.00461097	21000.000000	0.00459987	21000.000000	0.00461105	21000.000000	0.0100021 	21000.000000	3.60935e-08	
22000.000000	0.0185961 	22000.000000	0.0103313 	22000.000000	0.00462993	22000.000000	0.0046189 	22000.000000	0.00462995	22000.000000	0.0103313 	22000.000000	3.45464e-08	
23000.000000	0.0196376 	23000.000000	0.01066   	23000.000000	0.00464808	23000.000000	0.00463706	23000.000000	0.00464799	23000.000000	0.01066   	23000.000000	3.31298e-08	
24000.000000	0.0207066 	24000.000000	0.0109882 	24000.000000	0.00466538	24000.000000	0.00465443	24000.000000	0.00466522	24000.000000	0.0109881 	24000.000000	3.18278e-08	
25000.000000	0.0218032 	25000.000000	0.0113158 	25000.000000	0.00468184	25000.000000	0.00467107	25000.000000	0.00468172	25000.000000	0.0113158 	25000.000000	3.06269e-08	
26000.000000	0.0229276 	26000.000000	0.0116429 	26000.000000	0.00469761	26000.000000	0.00468703	26000.000000	0.00469753	26000.000000	0.0116428 	26000.000000	2.95156e-08	
27000.000000	0.0240798 	27000.000000	0.0119694 	27000.000000	0.00471279	27000.000000	0.00470237	27000.000000	0.00471272	27000.000000	0.0119694 	27000.000000	2.84843e-08	
28000.000000	0.0252599 	28000.000000	0.0122955 	28000.000000	0.00472737	28000.000000	0.00471712	28000.000000	0.00472731	28000.000000	0.0122954 	28000.000000	2.75244e-08	
29000.000000	0.0264681 	29000.000000	0.012621  	29000.000000	0.00474139	29000.000000	0.00473134	29000.000000	0.00474137	29000.000000	0.012621  	29000.000000	2.66288e-08	
30000.000000	0.0277045 	30000.000000	0.0129461 	30000.000000	0.00475488	30000.000000	0.00474505	30000.000000	0.00475491	30000.000000	0.0129461 	30000.000000	2.57911e-08	
32000.000000	0.0302623 	32000.000000	0.0135948 	32000.000000	0.00478051	32000.000000	0.00477108	32000.000000	0.00478059	32000.000000	0.0135948 	32000.000000	2.42683e-08	
34000.000000	0.0329346 	34000.000000	0.0142417 	34000.000000	0.00480456	34000.000000	0.00479546	34000.000000	0.0048046 	34000.000000	0.0142417 	34000.000000	2.29196e-08	
36000.000000	0.0357222 	36000.000000	0.0148868 	36000.000000	0.00482714	36000.000000	0.00481837	36000.000000	0.00482711	36000.000000	0.0148868 	36000.000000	2.17165e-08	
38000.000000	0.0386265 	38000.000000	0.0155303 	38000.000000	0.00484835	38000.000000	0.00483997	38000.000000	0.0048483 	38000.000000	0.0155303 	38000.000000	2.06365e-08	
40000.000000	0.0416486 	40000.000000	0.0161722 	40000.000000	0.00486833	40000.000000	0.0048604 	40000.000000	0.00486829	40000.000000	0.0161722 	40000.000000	1.96613e-08	
42000.000000	0.0447897 	42000.000000	0.0168125 	42000.000000	0.00488725	42000.000000	0.00487978	42000.000000	0.00488721	42000.000000	0.0168125 	42000.000000	1.87764e-08	
44000.000000	0.048051  	44000.000000	0.0174514 	44000.000000	0.0049052 	44000.000000	0.0048982 	44000.000000	0.00490516	44000.000000	0.0174514 	44000.000000	1.79697e-08	
46000.000000	0.0514339 	46000.000000	0.0180889 	46000.000000	0.00492229	46000.000000	0.00491576	46000.000000	0.00492221	46000.000000	0.0180889 	46000.000000	1.72311e-08	
48000.000000	0.0549395 	48000.000000	0.018725  	48000.000000	0.00493859	48000.000000	0.00493252	48000.000000	0.00493846	48000.000000	0.018725  	48000.000000	1.65524e-08	
50000.000000	0.0585692 	50000.000000	0.0193599 	50000.000000	0.00495414	50000.000000	0.00494856	50000.000000	0.00495395	50000.000000	0.0193599 	50000.000000	1.59264e-08	
