*Energy (MeV/u)1	0 - [He-base] F.Hubert et al, AD&ND Tables 46(1990)1	Energy (MeV/u)2	1 - [H -base] J.F.Ziegler et al,Pergamon Press,NY(low energy)	Energy (MeV/u)3	2 - ATIMA 1.2 LS-theory (recommended for high energy)	Energy (MeV/u)4	3 - ATIMA 1.2 without LS-correction	Energy (MeV/u)5	4 - ATIMA 1.4 H.Weick, improved mean charge formula for HI	Energy (MeV/u)6	5 - electrical component of [1] - J.F.Ziegler et al	Energy (MeV/u)7	6 - nuclear component of [1] - J.F.Ziegler et al	
0.001000	3.06261e-06	0.001000	1.68039e-06	0.001000	1.99042e-06	0.001000	1.99042e-06	0.001000	1.99026e-06	0.001000	8.07641e-07	0.001000	8.72753e-07	
0.002000	3.91336e-06	0.002000	2.00952e-06	0.002000	2.49236e-06	0.002000	2.49236e-06	0.002000	2.49227e-06	0.002000	1.36338e-06	0.002000	6.46136e-07	
0.005000	6.05447e-06	0.005000	2.97635e-06	0.005000	3.81015e-06	0.005000	3.81015e-06	0.005000	3.81011e-06	0.005000	2.58892e-06	0.005000	3.87434e-07	
0.008000	7.65918e-06	0.008000	3.77891e-06	0.008000	4.85613e-06	0.008000	4.85613e-06	0.008000	4.8561e-06	0.008000	3.49238e-06	0.008000	2.86532e-07	
0.010000	8.54444e-06	0.010000	4.24068e-06	0.010000	5.44945e-06	0.010000	5.44945e-06	0.010000	5.44943e-06	0.010000	3.99462e-06	0.010000	2.46058e-07	
0.015000	1.09015e-05	0.015000	5.87998e-06	0.015000	6.70372e-06	0.015000	6.70372e-06	0.015000	6.70371e-06	0.015000	5.69627e-06	0.015000	1.83703e-07	
0.020000	1.28735e-05	0.020000	7.35977e-06	0.020000	7.75509e-06	0.020000	7.75509e-06	0.020000	7.75509e-06	0.020000	7.2107e-06	0.020000	1.49072e-07	
0.025000	1.45549e-05	0.025000	8.59838e-06	0.025000	8.68382e-06	0.025000	8.68382e-06	0.025000	8.68382e-06	0.025000	8.47212e-06	0.025000	1.26267e-07	
0.030000	1.59964e-05	0.030000	9.5841e-06	0.030000	9.26498e-06	0.030000	9.26498e-06	0.030000	9.26498e-06	0.030000	9.47411e-06	0.030000	1.09995e-07	
0.035000	1.72284e-05	0.035000	1.03578e-05	0.035000	9.78409e-06	0.035000	9.78409e-06	0.035000	9.78409e-06	0.035000	1.026e-05 	0.035000	9.77395e-08	
0.040000	1.82721e-05	0.040000	1.09782e-05	0.040000	1.02567e-05	0.040000	1.02567e-05	0.040000	1.02567e-05	0.040000	1.08901e-05	0.040000	8.81434e-08	
0.045000	1.91444e-05	0.045000	1.14968e-05	0.045000	1.06927e-05	0.045000	1.06927e-05	0.045000	1.06927e-05	0.045000	1.14164e-05	0.045000	8.0405e-08	
0.050000	1.98604e-05	0.050000	1.19492e-05	0.050000	1.10985e-05	0.050000	1.10985e-05	0.050000	1.10985e-05	0.050000	1.18752e-05	0.050000	7.40192e-08	
0.055000	2.0435e-05	0.055000	1.23568e-05	0.055000	1.14787e-05	0.055000	1.14787e-05	0.055000	1.14787e-05	0.055000	1.22882e-05	0.055000	6.86509e-08	
0.060000	2.08827e-05	0.060000	1.27316e-05	0.060000	1.18363e-05	0.060000	1.18363e-05	0.060000	1.18363e-05	0.060000	1.26675e-05	0.060000	6.40688e-08	
0.070000	2.14553e-05	0.070000	1.34047e-05	0.070000	1.24921e-05	0.070000	1.24921e-05	0.070000	1.24921e-05	0.070000	1.33481e-05	0.070000	5.66453e-08	
0.080000	2.16894e-05	0.080000	1.39907e-05	0.080000	1.30778e-05	0.080000	1.30778e-05	0.080000	1.30778e-05	0.080000	1.39399e-05	0.080000	5.08754e-08	
0.090000	2.16837e-05	0.090000	1.44972e-05	0.090000	1.36004e-05	0.090000	1.36004e-05	0.090000	1.36004e-05	0.090000	1.44509e-05	0.090000	4.62502e-08	
0.100000	2.15187e-05	0.100000	1.49293e-05	0.100000	1.40646e-05	0.100000	1.40646e-05	0.100000	1.40646e-05	0.100000	1.48869e-05	0.100000	4.24525e-08	
0.120000	2.09401e-05	0.120000	1.55937e-05	0.120000	1.48325e-05	0.120000	1.48325e-05	0.120000	1.48325e-05	0.120000	1.55571e-05	0.120000	3.65702e-08	
0.140000	2.02568e-05	0.140000	1.60322e-05	0.140000	1.54074e-05	0.140000	1.54074e-05	0.140000	1.54074e-05	0.140000	1.6e-05   	0.140000	3.22105e-08	
0.160000	1.95978e-05	0.160000	1.62918e-05	0.160000	1.58135e-05	0.160000	1.58135e-05	0.160000	1.58135e-05	0.160000	1.62629e-05	0.160000	2.88395e-08	
0.180000	1.9004e-05	0.180000	1.64124e-05	0.180000	1.6075e-05	0.180000	1.6075e-05	0.180000	1.6075e-05	0.180000	1.63862e-05	0.180000	2.61489e-08	
0.200000	1.84783e-05	0.200000	1.64267e-05	0.200000	1.62147e-05	0.200000	1.62147e-05	0.200000	1.62148e-05	0.200000	1.64027e-05	0.200000	2.39477e-08	
0.250000	1.73932e-05	0.250000	1.61541e-05	0.250000	1.61654e-05	0.250000	1.61654e-05	0.250000	1.61654e-05	0.250000	1.61342e-05	0.250000	1.98591e-08	
0.300000	1.6507e-05	0.300000	1.56366e-05	0.300000	1.57509e-05	0.300000	1.57509e-05	0.300000	1.57509e-05	0.300000	1.56195e-05	0.300000	1.70264e-08	
0.350000	1.57257e-05	0.350000	1.50178e-05	0.350000	1.51522e-05	0.350000	1.51522e-05	0.350000	1.51522e-05	0.350000	1.50029e-05	0.350000	1.49399e-08	
0.400000	1.50102e-05	0.400000	1.43726e-05	0.400000	1.44805e-05	0.400000	1.44805e-05	0.400000	1.44805e-05	0.400000	1.43592e-05	0.400000	1.33346e-08	
0.450000	1.43456e-05	0.450000	1.37386e-05	0.450000	1.37993e-05	0.450000	1.37993e-05	0.450000	1.37993e-05	0.450000	1.37266e-05	0.450000	1.20585e-08	
0.500000	1.37265e-05	0.500000	1.31345e-05	0.500000	1.31422e-05	0.500000	1.31422e-05	0.500000	1.31422e-05	0.500000	1.31235e-05	0.500000	1.10181e-08	
0.600000	1.26141e-05	0.600000	1.20413e-05	0.600000	1.19548e-05	0.600000	1.19548e-05	0.600000	1.19548e-05	0.600000	1.20319e-05	0.600000	9.42037e-09	
0.700000	1.16536e-05	0.700000	1.11038e-05	0.700000	1.09517e-05	0.700000	1.09517e-05	0.700000	1.09517e-05	0.700000	1.10955e-05	0.700000	8.24753e-09	
0.800000	1.08244e-05	0.800000	1.03036e-05	0.800000	1.01123e-05	0.800000	1.01123e-05	0.800000	1.01123e-05	0.800000	1.02962e-05	0.800000	7.34765e-09	
0.900000	1.01056e-05	0.900000	9.61761e-06	0.900000	9.40627e-06	0.900000	9.40627e-06	0.900000	9.40628e-06	0.900000	9.61098e-06	0.900000	6.63401e-09	
1.000000	9.47858e-06	1.000000	9.02492e-06	1.000000	8.80597e-06	1.000000	8.80597e-06	1.000000	8.80598e-06	1.000000	9.01887e-06	1.000000	6.05335e-09	
1.250000	8.2169e-06	1.250000	7.84647e-06	1.250000	7.63549e-06	1.250000	7.63549e-06	1.250000	7.6355e-06	1.250000	7.84149e-06	1.250000	4.98286e-09	
1.500000	7.26423e-06	1.500000	6.96673e-06	1.500000	6.77622e-06	1.500000	6.77622e-06	1.500000	6.77622e-06	1.500000	6.96248e-06	1.500000	4.24782e-09	
1.750000	6.51809e-06	1.750000	6.28181e-06	1.750000	6.11172e-06	1.750000	6.11172e-06	1.750000	6.11172e-06	1.750000	6.2781e-06	1.750000	3.71016e-09	
2.000000	5.91675e-06	2.000000	5.73129e-06	2.000000	5.57838e-06	2.000000	5.57838e-06	2.000000	5.57838e-06	2.000000	5.72799e-06	2.000000	3.29882e-09	
2.250000	5.42111e-06	2.250000	5.27786e-06	2.250000	5.13861e-06	2.250000	5.13861e-06	2.250000	5.13861e-06	2.250000	5.27489e-06	2.250000	2.97339e-09	
2.500000	4.92136e-06	2.500000	4.89716e-06	2.500000	4.76856e-06	2.500000	4.76856e-06	2.500000	4.76856e-06	2.500000	4.89446e-06	2.500000	2.70914e-09	
3.000000	4.2956e-06	3.000000	4.29223e-06	3.000000	4.17824e-06	3.000000	4.17824e-06	3.000000	4.17825e-06	3.000000	4.28993e-06	3.000000	2.30534e-09	
3.500000	3.82125e-06	3.500000	3.83189e-06	3.500000	3.72673e-06	3.500000	3.72673e-06	3.500000	3.72673e-06	3.500000	3.82988e-06	3.500000	2.01059e-09	
4.000000	3.44819e-06	4.000000	3.46902e-06	4.000000	3.36933e-06	4.000000	3.36933e-06	4.000000	3.36933e-06	4.000000	3.46724e-06	4.000000	1.78548e-09	
4.500000	3.14645e-06	4.500000	3.17514e-06	4.500000	3.07893e-06	4.500000	3.07893e-06	4.500000	3.07894e-06	4.500000	3.17353e-06	4.500000	1.60765e-09	
5.000000	2.89695e-06	5.000000	2.93192e-06	5.000000	2.83801e-06	5.000000	2.83801e-06	5.000000	2.83801e-06	5.000000	2.93045e-06	5.000000	1.46343e-09	
5.500000	2.68693e-06	5.500000	2.72701e-06	5.500000	2.63468e-06	5.500000	2.63468e-06	5.500000	2.63469e-06	5.500000	2.72567e-06	5.500000	1.344e-09 	
6.000000	2.50751e-06	6.000000	2.55182e-06	6.000000	2.46063e-06	6.000000	2.46063e-06	6.000000	2.46063e-06	6.000000	2.55057e-06	6.000000	1.24339e-09	
6.500000	2.35234e-06	6.500000	2.40014e-06	6.500000	2.30981e-06	6.500000	2.30981e-06	6.500000	2.30981e-06	6.500000	2.39898e-06	6.500000	1.15741e-09	
7.000000	2.2167e-06	7.000000	2.2674e-06	7.000000	2.17777e-06	7.000000	2.17777e-06	7.000000	2.17777e-06	7.000000	2.26632e-06	7.000000	1.08305e-09	
7.500000	2.09706e-06	7.500000	2.15015e-06	7.500000	2.06112e-06	7.500000	2.06112e-06	7.500000	2.06112e-06	7.500000	2.14914e-06	7.500000	1.01807e-09	
8.000000	1.99068e-06	8.000000	2.04575e-06	8.000000	1.95725e-06	8.000000	1.95725e-06	8.000000	1.95725e-06	8.000000	2.04479e-06	8.000000	9.60777e-10	
8.500000	1.89544e-06	8.500000	1.95212e-06	8.500000	1.86411e-06	8.500000	1.86411e-06	8.500000	1.86412e-06	8.500000	1.95121e-06	8.500000	9.09862e-10	
9.000000	1.80963e-06	9.000000	1.86762e-06	9.000000	1.78009e-06	9.000000	1.78009e-06	9.000000	1.78009e-06	9.000000	1.86676e-06	9.000000	8.64301e-10	
9.500000	1.7319e-06	9.500000	1.79093e-06	9.500000	1.70386e-06	9.500000	1.70386e-06	9.500000	1.70387e-06	9.500000	1.79011e-06	9.500000	8.2328e-10	
10.000000	1.66113e-06	10.000000	1.7463e-06	10.000000	1.63437e-06	10.000000	1.63437e-06	10.000000	1.63437e-06	10.000000	1.74551e-06	10.000000	7.86144e-10	
11.000000	1.53698e-06	11.000000	1.60691e-06	11.000000	1.51088e-06	11.000000	1.51097e-06	11.000000	1.51077e-06	11.000000	1.60619e-06	11.000000	7.2148e-10	
12.000000	1.43155e-06	12.000000	1.48966e-06	12.000000	1.40601e-06	12.000000	1.40617e-06	12.000000	1.40585e-06	12.000000	1.48899e-06	12.000000	6.67051e-10	
13.000000	1.34082e-06	13.000000	1.38959e-06	13.000000	1.31585e-06	13.000000	1.31602e-06	13.000000	1.31563e-06	13.000000	1.38897e-06	13.000000	6.20574e-10	
14.000000	1.26188e-06	14.000000	1.30312e-06	14.000000	1.23748e-06	14.000000	1.23765e-06	14.000000	1.2372e-06	14.000000	1.30254e-06	14.000000	5.80404e-10	
15.000000	1.19252e-06	15.000000	1.22761e-06	15.000000	1.16871e-06	15.000000	1.16887e-06	15.000000	1.16839e-06	15.000000	1.22706e-06	15.000000	5.45322e-10	
16.000000	1.13108e-06	16.000000	1.16107e-06	16.000000	1.10787e-06	16.000000	1.10803e-06	16.000000	1.10752e-06	16.000000	1.16055e-06	16.000000	5.14407e-10	
17.000000	1.07624e-06	17.000000	1.10197e-06	17.000000	1.05369e-06	17.000000	1.05382e-06	17.000000	1.05331e-06	17.000000	1.10148e-06	17.000000	4.86948e-10	
18.000000	1.02698e-06	18.000000	1.0491e-06	18.000000	1.00514e-06	18.000000	1.00524e-06	18.000000	1.00472e-06	18.000000	1.04864e-06	18.000000	4.62389e-10	
19.000000	9.8247e-07	19.000000	1.00152e-06	19.000000	9.61375e-07	19.000000	9.61452e-07	19.000000	9.6093e-07	19.000000	1.00108e-06	19.000000	4.40287e-10	
20.000000	9.42044e-07	20.000000	9.58451e-07	20.000000	9.21716e-07	20.000000	9.21793e-07	20.000000	9.21275e-07	20.000000	9.58031e-07	20.000000	4.20287e-10	
21.000000	9.05155e-07	21.000000	9.1928e-07	21.000000	8.85632e-07	21.000000	8.85715e-07	21.000000	8.85205e-07	21.000000	9.18878e-07	21.000000	4.02097e-10	
22.000000	8.7135e-07	22.000000	8.83489e-07	22.000000	8.52704e-07	22.000000	8.52767e-07	22.000000	8.52267e-07	22.000000	8.83103e-07	22.000000	3.85481e-10	
23.000000	8.40249e-07	23.000000	8.50652e-07	23.000000	8.22549e-07	23.000000	8.22568e-07	23.000000	8.22079e-07	23.000000	8.50282e-07	23.000000	3.70238e-10	
24.000000	8.11536e-07	24.000000	8.20413e-07	24.000000	7.94825e-07	24.000000	7.94799e-07	24.000000	7.94324e-07	24.000000	8.20057e-07	24.000000	3.56204e-10	
25.000000	7.8494e-07	25.000000	7.92471e-07	25.000000	7.69255e-07	25.000000	7.6919e-07	25.000000	7.68729e-07	25.000000	7.92128e-07	25.000000	3.43238e-10	
27.000000	7.37212e-07	27.000000	7.42489e-07	27.000000	7.23718e-07	27.000000	7.23553e-07	27.000000	7.23124e-07	27.000000	7.42169e-07	27.000000	3.20051e-10	
29.000000	6.9558e-07	29.000000	6.99065e-07	29.000000	6.84366e-07	29.000000	6.8416e-07	29.000000	6.83764e-07	29.000000	6.98765e-07	29.000000	2.99914e-10	
31.000000	6.58926e-07	31.000000	6.60971e-07	31.000000	6.49399e-07	31.000000	6.49182e-07	31.000000	6.48837e-07	31.000000	6.60689e-07	31.000000	2.82254e-10	
33.000000	6.26394e-07	33.000000	6.27271e-07	33.000000	6.17814e-07	33.000000	6.1753e-07	33.000000	6.17246e-07	33.000000	6.27004e-07	33.000000	2.66635e-10	
35.000000	5.97312e-07	35.000000	5.97234e-07	35.000000	5.89459e-07	35.000000	5.8919e-07	35.000000	5.88956e-07	35.000000	5.96982e-07	35.000000	2.52719e-10	
38.000000	5.59025e-07	38.000000	5.57827e-07	38.000000	5.52128e-07	38.000000	5.51815e-07	38.000000	5.51642e-07	38.000000	5.57592e-07	38.000000	2.34467e-10	
41.000000	5.25954e-07	41.000000	5.23915e-07	41.000000	5.19792e-07	41.000000	5.19472e-07	41.000000	5.19348e-07	41.000000	5.23696e-07	41.000000	2.18766e-10	
44.000000	4.97083e-07	44.000000	4.94411e-07	44.000000	4.91476e-07	44.000000	4.91193e-07	44.000000	4.91108e-07	44.000000	4.94206e-07	44.000000	2.05111e-10	
47.000000	4.71644e-07	47.000000	4.68497e-07	47.000000	4.66566e-07	47.000000	4.66244e-07	47.000000	4.66191e-07	47.000000	4.68304e-07	47.000000	1.9312e-10	
50.000000	4.49049e-07	50.000000	4.45549e-07	50.000000	4.44386e-07	50.000000	4.44061e-07	50.000000	4.44035e-07	50.000000	4.45366e-07	50.000000	1.82505e-10	
55.000000	4.16503e-07	55.000000	4.12613e-07	55.000000	4.12427e-07	55.000000	4.12074e-07	55.000000	4.12082e-07	55.000000	4.12446e-07	55.000000	1.67274e-10	
60.000000	3.89023e-07	60.000000	3.84923e-07	60.000000	3.85365e-07	60.000000	3.8504e-07	60.000000	3.85075e-07	60.000000	3.84768e-07	60.000000	1.54474e-10	
65.000000	3.65492e-07	65.000000	3.61304e-07	65.000000	3.62209e-07	65.000000	3.61876e-07	65.000000	3.61931e-07	65.000000	3.61161e-07	65.000000	1.43558e-10	
70.000000	3.45099e-07	70.000000	3.40912e-07	70.000000	3.42134e-07	70.000000	3.41796e-07	70.000000	3.41867e-07	70.000000	3.40778e-07	70.000000	1.34135e-10	
75.000000	3.27244e-07	75.000000	3.23119e-07	75.000000	3.24526e-07	75.000000	3.24215e-07	75.000000	3.24299e-07	75.000000	3.22994e-07	75.000000	1.25915e-10	
80.000000	3.11471e-07	80.000000	3.07455e-07	80.000000	3.09027e-07	80.000000	3.08688e-07	80.000000	3.08783e-07	80.000000	3.07336e-07	80.000000	1.18679e-10	
85.000000	2.97429e-07	85.000000	2.93554e-07	85.000000	2.95192e-07	85.000000	2.94871e-07	85.000000	2.94974e-07	85.000000	2.93442e-07	85.000000	1.12258e-10	
90.000000	2.84842e-07	90.000000	2.81132e-07	90.000000	2.828e-07 	90.000000	2.82493e-07	90.000000	2.82603e-07	90.000000	2.81026e-07	90.000000	1.0652e-10	
95.000000	2.73489e-07	95.000000	2.69963e-07	95.000000	2.71667e-07	95.000000	2.71338e-07	95.000000	2.71454e-07	95.000000	2.69861e-07	95.000000	1.01361e-10	
100.000000	2.63195e-07	100.000000	2.59863e-07	100.000000	2.61547e-07	100.000000	2.61232e-07	100.000000	2.61353e-07	100.000000	2.59767e-07	100.000000	9.66954e-11	
105.000000	2.53813e-07	105.000000	2.50686e-07	105.000000	2.52334e-07	105.000000	2.52032e-07	105.000000	2.52157e-07	105.000000	2.50594e-07	105.000000	9.24557e-11	
110.000000	2.45225e-07	110.000000	2.42309e-07	110.000000	2.43907e-07	110.000000	2.4362e-07	110.000000	2.43749e-07	110.000000	2.4222e-07	110.000000	8.85853e-11	
115.000000	2.37332e-07	115.000000	2.34631e-07	115.000000	2.36196e-07	115.000000	2.35899e-07	115.000000	2.3603e-07	115.000000	2.34546e-07	115.000000	8.50373e-11	
120.000000	2.30051e-07	120.000000	2.27567e-07	120.000000	2.29089e-07	120.000000	2.28786e-07	120.000000	2.28919e-07	120.000000	2.27485e-07	120.000000	8.17725e-11	
125.000000	2.23311e-07	125.000000	2.21046e-07	125.000000	2.22499e-07	125.000000	2.22211e-07	125.000000	2.22347e-07	125.000000	2.20967e-07	125.000000	7.87581e-11	
130.000000	2.17054e-07	130.000000	2.15006e-07	130.000000	2.16395e-07	130.000000	2.16116e-07	130.000000	2.16253e-07	130.000000	2.1493e-07	130.000000	7.59658e-11	
135.000000	2.11227e-07	135.000000	2.09397e-07	135.000000	2.10741e-07	135.000000	2.10449e-07	135.000000	2.10587e-07	135.000000	2.09324e-07	135.000000	7.33718e-11	
140.000000	2.05786e-07	140.000000	2.04174e-07	140.000000	2.0546e-07	140.000000	2.05167e-07	140.000000	2.05307e-07	140.000000	2.04103e-07	140.000000	7.09554e-11	
145.000000	2.00694e-07	145.000000	1.99297e-07	145.000000	2.00513e-07	145.000000	2.00231e-07	145.000000	2.00372e-07	145.000000	1.99228e-07	145.000000	6.86987e-11	
150.000000	1.95917e-07	150.000000	1.94733e-07	150.000000	1.95884e-07	150.000000	1.95609e-07	150.000000	1.95751e-07	150.000000	1.94666e-07	150.000000	6.65862e-11	
155.000000	1.89191e-07	155.000000	1.90453e-07	155.000000	1.91537e-07	155.000000	1.91272e-07	155.000000	1.91414e-07	155.000000	1.90388e-07	155.000000	6.46044e-11	
160.000000	1.85248e-07	160.000000	1.86431e-07	160.000000	1.87456e-07	160.000000	1.87193e-07	160.000000	1.87336e-07	160.000000	1.86368e-07	160.000000	6.27413e-11	
165.000000	1.8153e-07	165.000000	1.82644e-07	165.000000	1.83624e-07	165.000000	1.83351e-07	165.000000	1.83495e-07	165.000000	1.82583e-07	165.000000	6.09865e-11	
170.000000	1.78018e-07	170.000000	1.79072e-07	170.000000	1.8e-07   	170.000000	1.79726e-07	170.000000	1.79869e-07	170.000000	1.79012e-07	170.000000	5.93307e-11	
175.000000	1.74695e-07	175.000000	1.75697e-07	175.000000	1.76564e-07	175.000000	1.76299e-07	175.000000	1.76443e-07	175.000000	1.75639e-07	175.000000	5.77656e-11	
180.000000	1.71546e-07	180.000000	1.72503e-07	180.000000	1.73315e-07	180.000000	1.73055e-07	180.000000	1.73199e-07	180.000000	1.72447e-07	180.000000	5.62839e-11	
185.000000	1.68557e-07	185.000000	1.69476e-07	185.000000	1.70234e-07	185.000000	1.6998e-07	185.000000	1.70124e-07	185.000000	1.69422e-07	185.000000	5.4879e-11	
190.000000	1.65717e-07	190.000000	1.66604e-07	190.000000	1.67308e-07	190.000000	1.6706e-07	190.000000	1.67205e-07	190.000000	1.6655e-07	190.000000	5.3545e-11	
195.000000	1.63013e-07	195.000000	1.63874e-07	195.000000	1.64534e-07	195.000000	1.64285e-07	195.000000	1.6443e-07	195.000000	1.63822e-07	195.000000	5.22767e-11	
200.000000	1.60438e-07	200.000000	1.61277e-07	200.000000	1.61901e-07	200.000000	1.61644e-07	200.000000	1.61789e-07	200.000000	1.61226e-07	200.000000	5.10691e-11	
210.000000	1.55634e-07	210.000000	1.56442e-07	210.000000	1.56979e-07	210.000000	1.56728e-07	210.000000	1.56873e-07	210.000000	1.56393e-07	210.000000	4.88197e-11	
220.000000	1.51244e-07	220.000000	1.52034e-07	220.000000	1.52488e-07	220.000000	1.52245e-07	220.000000	1.5239e-07	220.000000	1.51987e-07	220.000000	4.67667e-11	
230.000000	1.47216e-07	230.000000	1.47999e-07	230.000000	1.48375e-07	230.000000	1.48141e-07	230.000000	1.48286e-07	230.000000	1.47954e-07	230.000000	4.48851e-11	
240.000000	1.43506e-07	240.000000	1.44292e-07	240.000000	1.44611e-07	240.000000	1.44372e-07	240.000000	1.44516e-07	240.000000	1.44249e-07	240.000000	4.31541e-11	
250.000000	1.40078e-07	250.000000	1.40875e-07	250.000000	1.41137e-07	250.000000	1.40897e-07	250.000000	1.41041e-07	250.000000	1.40833e-07	250.000000	4.15562e-11	
260.000000	1.36901e-07	260.000000	1.37714e-07	260.000000	1.37917e-07	260.000000	1.37685e-07	260.000000	1.37829e-07	260.000000	1.37674e-07	260.000000	4.00763e-11	
270.000000	1.33948e-07	270.000000	1.34783e-07	270.000000	1.34933e-07	270.000000	1.34707e-07	270.000000	1.3485e-07	270.000000	1.34744e-07	270.000000	3.87018e-11	
280.000000	1.31197e-07	280.000000	1.32057e-07	280.000000	1.32159e-07	280.000000	1.31939e-07	280.000000	1.32082e-07	280.000000	1.3202e-07	280.000000	3.74216e-11	
290.000000	1.28627e-07	290.000000	1.29516e-07	290.000000	1.29586e-07	290.000000	1.2936e-07	290.000000	1.29502e-07	290.000000	1.2948e-07	290.000000	3.62262e-11	
300.000000	1.26221e-07	300.000000	1.27142e-07	300.000000	1.27179e-07	300.000000	1.26951e-07	300.000000	1.27093e-07	300.000000	1.27107e-07	300.000000	3.51074e-11	
310.000000	1.23964e-07	310.000000	1.24919e-07	310.000000	1.24919e-07	310.000000	1.24698e-07	310.000000	1.24839e-07	310.000000	1.24885e-07	310.000000	3.4058e-11	
320.000000	1.21843e-07	320.000000	1.22833e-07	320.000000	1.22802e-07	320.000000	1.22585e-07	320.000000	1.22726e-07	320.000000	1.228e-07 	320.000000	3.30716e-11	
330.000000	1.19846e-07	330.000000	1.20873e-07	330.000000	1.20811e-07	330.000000	1.206e-07 	330.000000	1.2074e-07	330.000000	1.20841e-07	330.000000	3.21426e-11	
340.000000	1.17962e-07	340.000000	1.19027e-07	340.000000	1.18942e-07	340.000000	1.18732e-07	340.000000	1.18873e-07	340.000000	1.18996e-07	340.000000	3.12662e-11	
350.000000	1.16183e-07	350.000000	1.17286e-07	350.000000	1.17187e-07	350.000000	1.16973e-07	350.000000	1.17112e-07	350.000000	1.17255e-07	350.000000	3.04379e-11	
360.000000	1.14499e-07	360.000000	1.15641e-07	360.000000	1.15528e-07	360.000000	1.15312e-07	360.000000	1.15451e-07	360.000000	1.15611e-07	360.000000	2.96538e-11	
370.000000	1.12904e-07	370.000000	1.14085e-07	370.000000	1.13952e-07	370.000000	1.1374e-07	370.000000	1.13879e-07	370.000000	1.14056e-07	370.000000	2.89105e-11	
380.000000	1.11391e-07	380.000000	1.12611e-07	380.000000	1.1246e-07	380.000000	1.12252e-07	380.000000	1.1239e-07	380.000000	1.12583e-07	380.000000	2.82048e-11	
390.000000	1.09954e-07	390.000000	1.11213e-07	390.000000	1.11047e-07	390.000000	1.10842e-07	390.000000	1.1098e-07	390.000000	1.11185e-07	390.000000	2.75339e-11	
400.000000	1.08587e-07	400.000000	1.09885e-07	400.000000	1.09705e-07	400.000000	1.09504e-07	400.000000	1.09642e-07	400.000000	1.09858e-07	400.000000	2.68953e-11	
410.000000	1.07286e-07	410.000000	1.08622e-07	410.000000	1.08432e-07	410.000000	1.08234e-07	410.000000	1.08371e-07	410.000000	1.08596e-07	410.000000	2.62866e-11	
420.000000	1.06045e-07	420.000000	1.07421e-07	420.000000	1.07227e-07	420.000000	1.07025e-07	420.000000	1.07162e-07	420.000000	1.07395e-07	420.000000	2.57058e-11	
430.000000	1.04862e-07	430.000000	1.06276e-07	430.000000	1.06081e-07	430.000000	1.05875e-07	430.000000	1.06012e-07	430.000000	1.0625e-07	430.000000	2.5151e-11	
440.000000	1.03733e-07	440.000000	1.05183e-07	440.000000	1.04984e-07	440.000000	1.04779e-07	440.000000	1.04915e-07	440.000000	1.05159e-07	440.000000	2.46204e-11	
450.000000	1.02653e-07	450.000000	1.04141e-07	450.000000	1.03935e-07	450.000000	1.03734e-07	450.000000	1.0387e-07	450.000000	1.04116e-07	450.000000	2.41125e-11	
460.000000	1.0162e-07	460.000000	1.03144e-07	460.000000	1.02935e-07	460.000000	1.02736e-07	460.000000	1.02872e-07	460.000000	1.0312e-07	460.000000	2.36258e-11	
470.000000	1.00631e-07	470.000000	1.02191e-07	470.000000	1.0198e-07	470.000000	1.01783e-07	470.000000	1.01918e-07	470.000000	1.02168e-07	470.000000	2.31591e-11	
480.000000	9.96835e-08	480.000000	1.01279e-07	480.000000	1.01066e-07	480.000000	1.00872e-07	480.000000	1.01006e-07	480.000000	1.01256e-07	480.000000	2.2711e-11	
490.000000	9.8775e-08	490.000000	1.00405e-07	490.000000	1.00191e-07	490.000000	9.99997e-08	490.000000	1.00134e-07	490.000000	1.00383e-07	490.000000	2.22806e-11	
500.000000	9.79033e-08	500.000000	9.95673e-08	500.000000	9.93543e-08	500.000000	9.91646e-08	500.000000	9.92986e-08	500.000000	9.95454e-08	500.000000	2.18667e-11	
520.000000	9.62622e-08	520.000000	9.7992e-08	520.000000	9.77912e-08	520.000000	9.75969e-08	520.000000	9.77302e-08	520.000000	9.79709e-08	520.000000	2.10849e-11	
540.000000	9.47454e-08	540.000000	9.65384e-08	540.000000	9.63482e-08	540.000000	9.61534e-08	540.000000	9.62862e-08	540.000000	9.6518e-08	540.000000	2.03588e-11	
560.000000	9.33404e-08	560.000000	9.51936e-08	560.000000	9.50113e-08	560.000000	9.48211e-08	560.000000	9.49533e-08	560.000000	9.51739e-08	560.000000	1.96827e-11	
580.000000	9.20361e-08	580.000000	9.39468e-08	580.000000	9.37758e-08	580.000000	9.35886e-08	580.000000	9.37202e-08	580.000000	9.39277e-08	580.000000	1.90515e-11	
600.000000	9.08229e-08	600.000000	9.27883e-08	600.000000	9.26294e-08	600.000000	9.24459e-08	600.000000	9.2577e-08	600.000000	9.27698e-08	600.000000	1.84608e-11	
620.000000	8.96926e-08	620.000000	9.17099e-08	620.000000	9.15659e-08	620.000000	9.13846e-08	620.000000	9.15151e-08	620.000000	9.16919e-08	620.000000	1.79069e-11	
640.000000	8.86377e-08	640.000000	9.07041e-08	640.000000	9.05813e-08	640.000000	9.03969e-08	640.000000	9.0527e-08	640.000000	9.06867e-08	640.000000	1.73862e-11	
660.000000	8.76517e-08	660.000000	8.97646e-08	660.000000	8.96631e-08	660.000000	8.94763e-08	660.000000	8.96059e-08	660.000000	8.97477e-08	660.000000	1.6896e-11	
680.000000	8.67289e-08	680.000000	8.88856e-08	680.000000	8.88016e-08	680.000000	8.86168e-08	680.000000	8.8746e-08	680.000000	8.88692e-08	680.000000	1.64335e-11	
700.000000	8.58641e-08	700.000000	8.80622e-08	700.000000	8.79949e-08	700.000000	8.78133e-08	700.000000	8.7942e-08	700.000000	8.80462e-08	700.000000	1.59965e-11	
720.000000	8.50527e-08	720.000000	8.72897e-08	720.000000	8.72407e-08	720.000000	8.70609e-08	720.000000	8.71892e-08	720.000000	8.72741e-08	720.000000	1.55829e-11	
740.000000	8.42908e-08	740.000000	8.65641e-08	740.000000	8.65334e-08	740.000000	8.63557e-08	740.000000	8.64836e-08	740.000000	8.65489e-08	740.000000	1.51908e-11	
760.000000	8.35745e-08	760.000000	8.58819e-08	760.000000	8.58688e-08	760.000000	8.56938e-08	760.000000	8.58213e-08	760.000000	8.58671e-08	760.000000	1.48186e-11	
780.000000	8.29005e-08	780.000000	8.52397e-08	780.000000	8.52454e-08	780.000000	8.50719e-08	780.000000	8.5199e-08	780.000000	8.52252e-08	780.000000	1.44648e-11	
800.000000	8.22659e-08	800.000000	8.46347e-08	800.000000	8.46617e-08	800.000000	8.44869e-08	800.000000	8.46137e-08	800.000000	8.46205e-08	800.000000	1.4128e-11	
820.000000	8.16679e-08	820.000000	8.40641e-08	820.000000	8.41134e-08	820.000000	8.39361e-08	820.000000	8.40626e-08	820.000000	8.40503e-08	820.000000	1.38071e-11	
840.000000	8.1104e-08	840.000000	8.35256e-08	840.000000	8.35957e-08	840.000000	8.34171e-08	840.000000	8.35433e-08	840.000000	8.35121e-08	840.000000	1.35009e-11	
860.000000	8.05721e-08	860.000000	8.30169e-08	860.000000	8.31053e-08	860.000000	8.29276e-08	860.000000	8.30534e-08	860.000000	8.30037e-08	860.000000	1.32084e-11	
880.000000	8.007e-08 	880.000000	8.25362e-08	880.000000	8.26413e-08	880.000000	8.24655e-08	880.000000	8.25911e-08	880.000000	8.25232e-08	880.000000	1.29287e-11	
900.000000	7.95959e-08	900.000000	8.20815e-08	900.000000	8.22028e-08	900.000000	8.2029e-08	900.000000	8.21543e-08	900.000000	8.20688e-08	900.000000	1.2661e-11	
920.000000	7.9148e-08	920.000000	8.16512e-08	920.000000	8.17887e-08	920.000000	8.16163e-08	920.000000	8.17413e-08	920.000000	8.16388e-08	920.000000	1.24045e-11	
940.000000	7.87248e-08	940.000000	8.12438e-08	940.000000	8.13972e-08	940.000000	8.1226e-08	940.000000	8.13507e-08	940.000000	8.12317e-08	940.000000	1.21586e-11	
960.000000	7.83248e-08	960.000000	8.08579e-08	960.000000	8.10268e-08	960.000000	8.08565e-08	960.000000	8.0981e-08	960.000000	8.0846e-08	960.000000	1.19225e-11	
980.000000	7.79467e-08	980.000000	8.04922e-08	980.000000	8.06759e-08	980.000000	8.05065e-08	980.000000	8.06308e-08	980.000000	8.04805e-08	980.000000	1.16957e-11	
1000.000000	7.75893e-08	1000.000000	8.01455e-08	1000.000000	8.03433e-08	1000.000000	8.0175e-08	1000.000000	8.02989e-08	1000.000000	8.0134e-08	1000.000000	1.14776e-11	
1020.000000	7.72514e-08	1020.000000	7.98167e-08	1020.000000	8.00278e-08	1020.000000	7.98606e-08	1020.000000	7.99843e-08	1020.000000	7.98054e-08	1020.000000	1.12678e-11	
1040.000000	7.69319e-08	1040.000000	7.95048e-08	1040.000000	7.97282e-08	1040.000000	7.95624e-08	1040.000000	7.96859e-08	1040.000000	7.94937e-08	1040.000000	1.10658e-11	
1060.000000	7.66299e-08	1060.000000	7.92088e-08	1060.000000	7.94438e-08	1060.000000	7.92794e-08	1060.000000	7.94028e-08	1060.000000	7.9198e-08	1060.000000	1.08711e-11	
1080.000000	7.63444e-08	1080.000000	7.8928e-08	1080.000000	7.91741e-08	1080.000000	7.90108e-08	1080.000000	7.91339e-08	1080.000000	7.89173e-08	1080.000000	1.06834e-11	
1100.000000	7.60747e-08	1100.000000	7.86614e-08	1100.000000	7.89185e-08	1100.000000	7.87557e-08	1100.000000	7.88786e-08	1100.000000	7.86509e-08	1100.000000	1.05022e-11	
1120.000000	7.58198e-08	1120.000000	7.84084e-08	1120.000000	7.86765e-08	1120.000000	7.85134e-08	1120.000000	7.86361e-08	1120.000000	7.83981e-08	1120.000000	1.03273e-11	
1140.000000	7.55792e-08	1140.000000	7.81682e-08	1140.000000	7.84472e-08	1140.000000	7.82832e-08	1140.000000	7.84057e-08	1140.000000	7.81581e-08	1140.000000	1.01584e-11	
1160.000000	7.53521e-08	1160.000000	7.79402e-08	1160.000000	7.82296e-08	1160.000000	7.80643e-08	1160.000000	7.81867e-08	1160.000000	7.79302e-08	1160.000000	9.99498e-12	
1180.000000	7.51378e-08	1180.000000	7.77238e-08	1180.000000	7.80226e-08	1180.000000	7.78563e-08	1180.000000	7.79784e-08	1180.000000	7.7714e-08	1180.000000	9.83695e-12	
1200.000000	7.49358e-08	1200.000000	7.75184e-08	1200.000000	7.78255e-08	1200.000000	7.76584e-08	1200.000000	7.77804e-08	1200.000000	7.75087e-08	1200.000000	9.684e-12 	
1220.000000	7.47455e-08	1220.000000	7.73235e-08	1220.000000	7.76375e-08	1220.000000	7.74703e-08	1220.000000	7.75921e-08	1220.000000	7.73139e-08	1220.000000	9.53588e-12	
1240.000000	7.45663e-08	1240.000000	7.71385e-08	1240.000000	7.7458e-08	1240.000000	7.72913e-08	1240.000000	7.7413e-08	1240.000000	7.71291e-08	1240.000000	9.39238e-12	
1260.000000	7.43978e-08	1260.000000	7.69631e-08	1260.000000	7.7287e-08	1260.000000	7.7121e-08	1260.000000	7.72425e-08	1260.000000	7.69538e-08	1260.000000	9.25326e-12	
1280.000000	7.42395e-08	1280.000000	7.67967e-08	1280.000000	7.71241e-08	1280.000000	7.6959e-08	1280.000000	7.70804e-08	1280.000000	7.67876e-08	1280.000000	9.11834e-12	
1300.000000	7.4091e-08	1300.000000	7.6639e-08	1300.000000	7.6969e-08	1300.000000	7.68049e-08	1300.000000	7.69261e-08	1300.000000	7.663e-08 	1300.000000	8.98743e-12	
1320.000000	7.39518e-08	1320.000000	7.64896e-08	1320.000000	7.68216e-08	1320.000000	7.66582e-08	1320.000000	7.67793e-08	1320.000000	7.64807e-08	1320.000000	8.86033e-12	
1340.000000	7.38216e-08	1340.000000	7.63481e-08	1340.000000	7.66814e-08	1340.000000	7.65187e-08	1340.000000	7.66396e-08	1340.000000	7.63393e-08	1340.000000	8.7369e-12	
1360.000000	7.37e-08  	1360.000000	7.62141e-08	1360.000000	7.65481e-08	1360.000000	7.63859e-08	1360.000000	7.65067e-08	1360.000000	7.62055e-08	1360.000000	8.61697e-12	
1380.000000	7.35866e-08	1380.000000	7.60874e-08	1380.000000	7.64213e-08	1380.000000	7.62596e-08	1380.000000	7.63803e-08	1380.000000	7.60789e-08	1380.000000	8.5004e-12	
1400.000000	7.34812e-08	1400.000000	7.59676e-08	1400.000000	7.63007e-08	1400.000000	7.61395e-08	1400.000000	7.626e-08 	1400.000000	7.59593e-08	1400.000000	8.38703e-12	
1420.000000	7.33834e-08	1420.000000	7.58545e-08	1420.000000	7.61859e-08	1420.000000	7.60252e-08	1420.000000	7.61455e-08	1420.000000	7.58463e-08	1420.000000	8.27675e-12	
1440.000000	7.32928e-08	1440.000000	7.57478e-08	1440.000000	7.60766e-08	1440.000000	7.59165e-08	1440.000000	7.60367e-08	1440.000000	7.57396e-08	1440.000000	8.16942e-12	
1460.000000	7.32094e-08	1460.000000	7.56472e-08	1460.000000	7.59726e-08	1460.000000	7.58131e-08	1460.000000	7.59333e-08	1460.000000	7.56391e-08	1460.000000	8.06493e-12	
1480.000000	7.31327e-08	1480.000000	7.55524e-08	1480.000000	7.58737e-08	1480.000000	7.57148e-08	1480.000000	7.58349e-08	1480.000000	7.55445e-08	1480.000000	7.96316e-12	
1500.000000	7.30625e-08	1500.000000	7.54633e-08	1500.000000	7.57796e-08	1500.000000	7.56215e-08	1500.000000	7.57414e-08	1500.000000	7.54555e-08	1500.000000	7.86402e-12	
1520.000000	7.29986e-08	1520.000000	7.53797e-08	1520.000000	7.56903e-08	1520.000000	7.55327e-08	1520.000000	7.56526e-08	1520.000000	7.53719e-08	1520.000000	7.76738e-12	
1540.000000	7.29408e-08	1540.000000	7.53012e-08	1540.000000	7.56055e-08	1540.000000	7.54485e-08	1540.000000	7.55682e-08	1540.000000	7.52935e-08	1540.000000	7.67317e-12	
1560.000000	7.28888e-08	1560.000000	7.52277e-08	1560.000000	7.55252e-08	1560.000000	7.53685e-08	1560.000000	7.54881e-08	1560.000000	7.52202e-08	1560.000000	7.5813e-12	
1580.000000	7.28424e-08	1580.000000	7.51591e-08	1580.000000	7.54491e-08	1580.000000	7.52926e-08	1580.000000	7.54121e-08	1580.000000	7.51516e-08	1580.000000	7.49166e-12	
1600.000000	7.28016e-08	1600.000000	7.50952e-08	1600.000000	7.53771e-08	1600.000000	7.52206e-08	1600.000000	7.534e-08 	1600.000000	7.50878e-08	1600.000000	7.40419e-12	
1620.000000	7.27659e-08	1620.000000	7.50357e-08	1620.000000	7.53091e-08	1620.000000	7.51523e-08	1620.000000	7.52716e-08	1620.000000	7.50283e-08	1620.000000	7.3188e-12	
1640.000000	7.27354e-08	1640.000000	7.49805e-08	1640.000000	7.52448e-08	1640.000000	7.50877e-08	1640.000000	7.52069e-08	1640.000000	7.49733e-08	1640.000000	7.23542e-12	
1660.000000	7.27098e-08	1660.000000	7.49295e-08	1660.000000	7.51841e-08	1660.000000	7.50265e-08	1660.000000	7.51456e-08	1660.000000	7.49223e-08	1660.000000	7.15398e-12	
1680.000000	7.26889e-08	1680.000000	7.48825e-08	1680.000000	7.51267e-08	1680.000000	7.49685e-08	1680.000000	7.50876e-08	1680.000000	7.48754e-08	1680.000000	7.07441e-12	
1700.000000	7.26727e-08	1700.000000	7.48394e-08	1700.000000	7.50725e-08	1700.000000	7.49138e-08	1700.000000	7.50327e-08	1700.000000	7.48324e-08	1700.000000	6.99665e-12	
1750.000000	7.26513e-08	1750.000000	7.47477e-08	1750.000000	7.49499e-08	1750.000000	7.479e-08 	1750.000000	7.49087e-08	1750.000000	7.47409e-08	1750.000000	6.80975e-12	
1800.000000	7.26556e-08	1800.000000	7.46775e-08	1800.000000	7.48439e-08	1800.000000	7.46834e-08	1800.000000	7.48019e-08	1800.000000	7.46708e-08	1800.000000	6.63288e-12	
1850.000000	7.26839e-08	1850.000000	7.4627e-08	1850.000000	7.47527e-08	1850.000000	7.45923e-08	1850.000000	7.47106e-08	1850.000000	7.46205e-08	1850.000000	6.46525e-12	
1900.000000	7.27343e-08	1900.000000	7.45947e-08	1900.000000	7.46752e-08	1900.000000	7.45154e-08	1900.000000	7.46335e-08	1900.000000	7.45884e-08	1900.000000	6.30613e-12	
1950.000000	7.28054e-08	1950.000000	7.45792e-08	1950.000000	7.46102e-08	1950.000000	7.44513e-08	1950.000000	7.45693e-08	1950.000000	7.45731e-08	1950.000000	6.15489e-12	
2000.000000	7.28957e-08	2000.000000	7.45793e-08	2000.000000	7.45569e-08	2000.000000	7.43988e-08	2000.000000	7.45167e-08	2000.000000	7.45733e-08	2000.000000	6.01096e-12	
2100.000000	7.31291e-08	2100.000000	7.46217e-08	2100.000000	7.44816e-08	2100.000000	7.4325e-08	2100.000000	7.44425e-08	2100.000000	7.4616e-08	2100.000000	5.74297e-12	
2200.000000	7.34258e-08	2200.000000	7.47141e-08	2200.000000	7.44423e-08	2200.000000	7.42868e-08	2200.000000	7.4404e-08	2200.000000	7.47086e-08	2200.000000	5.49853e-12	
2300.000000	7.37786e-08	2300.000000	7.48499e-08	2300.000000	7.44331e-08	2300.000000	7.42783e-08	2300.000000	7.43953e-08	2300.000000	7.48446e-08	2300.000000	5.27464e-12	
2400.000000	7.41812e-08	2400.000000	7.50237e-08	2400.000000	7.44488e-08	2400.000000	7.42949e-08	2400.000000	7.44117e-08	2400.000000	7.50187e-08	2400.000000	5.06879e-12	
2500.000000	7.46286e-08	2500.000000	7.5231e-08	2500.000000	7.44856e-08	2500.000000	7.43327e-08	2500.000000	7.44493e-08	2500.000000	7.52261e-08	2500.000000	4.87886e-12	
2600.000000	7.51162e-08	2600.000000	7.54678e-08	2600.000000	7.45404e-08	2600.000000	7.43884e-08	2600.000000	7.45048e-08	2600.000000	7.54631e-08	2600.000000	4.70306e-12	
2700.000000	7.56404e-08	2700.000000	7.57308e-08	2700.000000	7.46105e-08	2700.000000	7.44592e-08	2700.000000	7.45754e-08	2700.000000	7.57263e-08	2700.000000	4.53984e-12	
2800.000000	7.61979e-08	2800.000000	7.60173e-08	2800.000000	7.46938e-08	2800.000000	7.45429e-08	2800.000000	7.4659e-08	2800.000000	7.60129e-08	2800.000000	4.38791e-12	
2900.000000	7.67858e-08	2900.000000	7.63247e-08	2900.000000	7.47884e-08	2900.000000	7.46376e-08	2900.000000	7.47535e-08	2900.000000	7.63204e-08	2900.000000	4.2461e-12	
3000.000000	7.74017e-08	3000.000000	7.66509e-08	3000.000000	7.48925e-08	3000.000000	7.47415e-08	3000.000000	7.48572e-08	3000.000000	7.66468e-08	3000.000000	4.11344e-12	
3200.000000	7.8709e-08	3200.000000	7.73526e-08	3200.000000	7.51236e-08	3200.000000	7.49719e-08	3200.000000	7.50873e-08	3200.000000	7.73488e-08	3200.000000	3.87219e-12	
3400.000000	8.01056e-08	3400.000000	7.81102e-08	3400.000000	7.53775e-08	3400.000000	7.5225e-08	3400.000000	7.53402e-08	3400.000000	7.81065e-08	3400.000000	3.65841e-12	
3600.000000	8.15801e-08	3600.000000	7.89141e-08	3600.000000	7.56473e-08	3600.000000	7.54944e-08	3600.000000	7.56093e-08	3600.000000	7.89106e-08	3600.000000	3.46763e-12	
3800.000000	8.31235e-08	3800.000000	7.97566e-08	3800.000000	7.5928e-08	3800.000000	7.57749e-08	3800.000000	7.58897e-08	3800.000000	7.97533e-08	3800.000000	3.2963e-12	
4000.000000	8.47287e-08	4000.000000	8.06319e-08	4000.000000	7.62158e-08	4000.000000	7.6063e-08	4000.000000	7.61775e-08	4000.000000	8.06288e-08	4000.000000	3.14155e-12	
4200.000000	8.63897e-08	4200.000000	8.1535e-08	4200.000000	7.65082e-08	4200.000000	7.63556e-08	4200.000000	7.647e-08 	4200.000000	8.1532e-08	4200.000000	3.00108e-12	
4400.000000	8.81016e-08	4400.000000	8.24618e-08	4400.000000	7.68029e-08	4400.000000	7.66508e-08	4400.000000	7.6765e-08	4400.000000	8.24589e-08	4400.000000	2.87297e-12	
4600.000000	8.98605e-08	4600.000000	8.34091e-08	4600.000000	7.70985e-08	4600.000000	7.69468e-08	4600.000000	7.70609e-08	4600.000000	8.34064e-08	4600.000000	2.75564e-12	
4800.000000	9.16628e-08	4800.000000	8.43742e-08	4800.000000	7.73936e-08	4800.000000	7.72424e-08	4800.000000	7.73563e-08	4800.000000	8.43715e-08	4800.000000	2.64779e-12	
5000.000000	9.35058e-08	5000.000000	8.53547e-08	5000.000000	7.76874e-08	5000.000000	7.75365e-08	5000.000000	7.76502e-08	5000.000000	8.53521e-08	5000.000000	2.54829e-12	
5250.000000	9.5863e-08	5250.000000	8.6599e-08	5250.000000	7.80515e-08	5250.000000	7.7901e-08	5250.000000	7.80146e-08	5250.000000	8.65966e-08	5250.000000	2.43424e-12	
5500.000000	9.82759e-08	5500.000000	8.78613e-08	5500.000000	7.84113e-08	5500.000000	7.82611e-08	5500.000000	7.83745e-08	5500.000000	8.7859e-08	5500.000000	2.33023e-12	
6000.000000	1.03256e-07	6000.000000	9.04296e-08	6000.000000	7.91149e-08	6000.000000	7.89651e-08	6000.000000	7.90781e-08	6000.000000	9.04275e-08	6000.000000	2.14743e-12	
6500.000000	1.08425e-07	6500.000000	9.30435e-08	6500.000000	7.97944e-08	6500.000000	7.9645e-08	6500.000000	7.97577e-08	6500.000000	9.30415e-08	6500.000000	1.99192e-12	
7000.000000	1.13769e-07	7000.000000	9.56916e-08	7000.000000	8.04486e-08	7000.000000	8.02996e-08	7000.000000	8.04118e-08	7000.000000	9.56897e-08	7000.000000	1.85795e-12	
7500.000000	1.19275e-07	7500.000000	9.83655e-08	7500.000000	8.10774e-08	7500.000000	8.09286e-08	7500.000000	8.10405e-08	7500.000000	9.83638e-08	7500.000000	1.74131e-12	
8000.000000	1.24936e-07	8000.000000	1.01059e-07	8000.000000	8.1682e-08	8000.000000	8.15328e-08	8000.000000	8.16444e-08	8000.000000	1.01058e-07	8000.000000	1.63881e-12	
8500.000000	1.30746e-07	8500.000000	1.03768e-07	8500.000000	8.22613e-08	8500.000000	8.21132e-08	8500.000000	8.22244e-08	8500.000000	1.03767e-07	8500.000000	1.54801e-12	
9000.000000	1.36699e-07	9000.000000	1.06489e-07	9000.000000	8.28161e-08	9000.000000	8.2671e-08	9000.000000	8.27817e-08	9000.000000	1.06487e-07	9000.000000	1.467e-12 	
9500.000000	1.42791e-07	9500.000000	1.09218e-07	9500.000000	8.33502e-08	9500.000000	8.32072e-08	9500.000000	8.33176e-08	9500.000000	1.09217e-07	9500.000000	1.39426e-12	
10000.000000	1.49019e-07	10000.000000	1.11955e-07	10000.000000	8.38655e-08	10000.000000	8.37233e-08	10000.000000	8.38332e-08	10000.000000	1.11953e-07	10000.000000	1.32857e-12	
11000.000000	1.61875e-07	11000.000000	1.17441e-07	11000.000000	8.48421e-08	11000.000000	8.46995e-08	11000.000000	8.48085e-08	11000.000000	1.1744e-07	11000.000000	1.2146e-12	
12000.000000	1.7525e-07	12000.000000	1.22939e-07	12000.000000	8.57513e-08	12000.000000	8.56083e-08	12000.000000	8.57165e-08	12000.000000	1.22938e-07	12000.000000	1.11907e-12	
13000.000000	1.89136e-07	13000.000000	1.28441e-07	13000.000000	8.66e-08  	13000.000000	8.64577e-08	13000.000000	8.65648e-08	13000.000000	1.2844e-07	13000.000000	1.03783e-12	
14000.000000	2.03525e-07	14000.000000	1.33943e-07	14000.000000	8.7395e-08	14000.000000	8.72542e-08	14000.000000	8.73602e-08	14000.000000	1.33942e-07	14000.000000	9.67853e-13	
15000.000000	2.18413e-07	15000.000000	1.39442e-07	15000.000000	8.81423e-08	15000.000000	8.80037e-08	15000.000000	8.81085e-08	15000.000000	1.39441e-07	15000.000000	9.06941e-13	
16000.000000	2.33797e-07	16000.000000	1.44936e-07	16000.000000	8.88478e-08	16000.000000	8.8711e-08	16000.000000	8.88146e-08	16000.000000	1.44935e-07	16000.000000	8.53425e-13	
17000.000000	2.49675e-07	17000.000000	1.50424e-07	17000.000000	8.95158e-08	17000.000000	8.93805e-08	17000.000000	8.94828e-08	17000.000000	1.50424e-07	17000.000000	8.06024e-13	
18000.000000	2.66046e-07	18000.000000	1.55905e-07	18000.000000	9.015e-08 	18000.000000	9.00158e-08	18000.000000	9.01168e-08	18000.000000	1.55905e-07	18000.000000	7.63738e-13	
19000.000000	2.82911e-07	19000.000000	1.61379e-07	19000.000000	9.07537e-08	19000.000000	9.06202e-08	19000.000000	9.07197e-08	19000.000000	1.61378e-07	19000.000000	7.25776e-13	
20000.000000	3.00269e-07	20000.000000	1.66844e-07	20000.000000	9.13295e-08	20000.000000	9.11964e-08	20000.000000	9.12944e-08	20000.000000	1.66843e-07	20000.000000	6.91501e-13	
21000.000000	3.18122e-07	21000.000000	1.723e-07 	21000.000000	9.18799e-08	21000.000000	9.17468e-08	21000.000000	9.18432e-08	21000.000000	1.723e-07 	21000.000000	6.60397e-13	
22000.000000	3.3647e-07	22000.000000	1.77749e-07	22000.000000	9.24064e-08	22000.000000	9.22736e-08	22000.000000	9.23684e-08	22000.000000	1.77748e-07	22000.000000	6.32039e-13	
23000.000000	3.55314e-07	23000.000000	1.83188e-07	23000.000000	9.29076e-08	23000.000000	9.27788e-08	23000.000000	9.28718e-08	23000.000000	1.83188e-07	23000.000000	6.06077e-13	
24000.000000	3.74656e-07	24000.000000	1.88619e-07	24000.000000	9.33891e-08	24000.000000	9.32638e-08	24000.000000	9.33551e-08	24000.000000	1.88619e-07	24000.000000	5.82216e-13	
25000.000000	3.94499e-07	25000.000000	1.94042e-07	25000.000000	9.38557e-08	25000.000000	9.37304e-08	25000.000000	9.38198e-08	25000.000000	1.94041e-07	25000.000000	5.6021e-13	
26000.000000	4.14842e-07	26000.000000	1.99456e-07	26000.000000	9.43049e-08	26000.000000	9.41797e-08	26000.000000	9.42672e-08	26000.000000	1.99456e-07	26000.000000	5.39848e-13	
27000.000000	4.3569e-07	27000.000000	2.04862e-07	27000.000000	9.47357e-08	27000.000000	9.46131e-08	27000.000000	9.46985e-08	27000.000000	2.04862e-07	27000.000000	5.20951e-13	
28000.000000	4.57042e-07	28000.000000	2.1026e-07	28000.000000	9.51506e-08	28000.000000	9.50315e-08	28000.000000	9.51149e-08	28000.000000	2.1026e-07	28000.000000	5.03365e-13	
29000.000000	4.78903e-07	29000.000000	2.1565e-07	29000.000000	9.55523e-08	29000.000000	9.54361e-08	29000.000000	9.55172e-08	29000.000000	2.1565e-07	29000.000000	4.86958e-13	
30000.000000	5.01274e-07	30000.000000	2.21032e-07	30000.000000	9.59416e-08	30000.000000	9.58275e-08	30000.000000	9.59064e-08	30000.000000	2.21032e-07	30000.000000	4.71614e-13	
32000.000000	5.47555e-07	32000.000000	2.31773e-07	32000.000000	9.66841e-08	32000.000000	9.65744e-08	32000.000000	9.66487e-08	32000.000000	2.31773e-07	32000.000000	4.43721e-13	
34000.000000	5.95904e-07	34000.000000	2.42485e-07	34000.000000	9.7382e-08	34000.000000	9.72779e-08	34000.000000	9.73472e-08	34000.000000	2.42484e-07	34000.000000	4.1902e-13	
36000.000000	6.46343e-07	36000.000000	2.53168e-07	36000.000000	9.80411e-08	36000.000000	9.79427e-08	36000.000000	9.80067e-08	36000.000000	2.53168e-07	36000.000000	3.96988e-13	
38000.000000	6.98892e-07	38000.000000	2.63824e-07	38000.000000	9.8666e-08	38000.000000	9.85727e-08	38000.000000	9.86312e-08	38000.000000	2.63824e-07	38000.000000	3.77211e-13	
40000.000000	7.53573e-07	40000.000000	2.74454e-07	40000.000000	9.92598e-08	40000.000000	9.91715e-08	40000.000000	9.92242e-08	40000.000000	2.74454e-07	40000.000000	3.59358e-13	
42000.000000	8.10406e-07	42000.000000	2.85059e-07	42000.000000	9.9825e-08	42000.000000	9.97419e-08	42000.000000	9.97885e-08	42000.000000	2.85059e-07	42000.000000	3.43158e-13	
44000.000000	8.69416e-07	44000.000000	2.95641e-07	44000.000000	1.00364e-07	44000.000000	1.00287e-07	44000.000000	1.00327e-07	44000.000000	2.9564e-07	44000.000000	3.2839e-13	
46000.000000	9.30624e-07	46000.000000	3.06199e-07	46000.000000	1.00879e-07	46000.000000	1.00808e-07	46000.000000	1.00841e-07	46000.000000	3.06199e-07	46000.000000	3.14871e-13	
48000.000000	9.94053e-07	48000.000000	3.16735e-07	48000.000000	1.01371e-07	48000.000000	1.01307e-07	48000.000000	1.01334e-07	48000.000000	3.16735e-07	48000.000000	3.02447e-13	
50000.000000	1.05973e-06	50000.000000	3.2725e-07	50000.000000	1.01844e-07	50000.000000	1.01786e-07	50000.000000	1.01806e-07	50000.000000	3.2725e-07	50000.000000	2.90991e-13	
