*Energy (MeV/u)1	0 - [He-base] F.Hubert et al, AD&ND Tables 46(1990)1	Energy (MeV/u)2	1 - [H -base] J.F.Ziegler et al, Pergamon Press, NY (low energy)	Energy (MeV/u)3	2 - ATIMA 1.2  LS-theory (recommended for high energy)	Energy (MeV/u)4	3 - ATIMA 1.2  without LS-correction	Energy (MeV/u)5	4 - electrical component of [1] - J.F.Ziegler et al	Energy (MeV/u)6	5 - nuclear component of [1] - J.F.Ziegler et al	
0.001000	1.08992e-05	0.001000	1.13849e-05	0.001000	1.15756e-05	0.001000	1.15756e-05	0.001000	3.28103e-06	0.001000	8.10384e-06	
0.002000	1.10688e-05	0.002000	1.03844e-05	0.002000	1.10392e-05	0.002000	1.10392e-05	0.002000	4.25496e-06	0.002000	6.12948e-06	
0.005000	1.20868e-05	0.005000	9.75572e-06	0.005000	1.15189e-05	0.005000	1.15189e-05	0.005000	5.99961e-06	0.005000	3.7561e-06	
0.008000	1.31811e-05	0.008000	9.95733e-06	0.008000	1.26206e-05	0.008000	1.26206e-05	0.008000	7.15597e-06	0.008000	2.80136e-06	
0.010000	1.38655e-05	0.010000	1.01982e-05	0.010000	1.33959e-05	0.010000	1.33959e-05	0.010000	7.78054e-06	0.010000	2.4177e-06	
0.015000	1.63356e-05	0.015000	1.08873e-05	0.015000	1.52745e-05	0.015000	1.52745e-05	0.015000	9.05824e-06	0.015000	1.82904e-06	
0.020000	1.87267e-05	0.020000	1.15655e-05	0.020000	1.70009e-05	0.020000	1.70009e-05	0.020000	1.00901e-05	0.020000	1.47541e-06	
0.025000	2.14616e-05	0.025000	1.2331e-05	0.025000	1.86189e-05	0.025000	1.86189e-05	0.025000	1.10782e-05	0.025000	1.25285e-06	
0.030000	2.397e-05 	0.030000	1.53648e-05	0.030000	2.06624e-05	0.030000	2.06624e-05	0.030000	1.42714e-05	0.030000	1.09341e-06	
0.035000	2.61994e-05	0.035000	1.84633e-05	0.035000	2.26967e-05	0.035000	2.26967e-05	0.035000	1.74903e-05	0.035000	9.72996e-07	
0.040000	2.81156e-05	0.040000	2.14694e-05	0.040000	2.4712e-05	0.040000	2.4712e-05	0.040000	2.05909e-05	0.040000	8.78494e-07	
0.045000	2.9683e-05	0.045000	2.43388e-05	0.045000	2.67008e-05	0.045000	2.67008e-05	0.045000	2.35366e-05	0.045000	8.02149e-07	
0.050000	3.06515e-05	0.050000	2.70686e-05	0.050000	2.86571e-05	0.050000	2.86571e-05	0.050000	2.63296e-05	0.050000	7.39054e-07	
0.055000	3.22923e-05	0.055000	2.96733e-05	0.055000	3.05758e-05	0.055000	3.05758e-05	0.055000	2.89874e-05	0.055000	6.85946e-07	
0.060000	3.37442e-05	0.060000	3.19185e-05	0.060000	3.24526e-05	0.060000	3.24526e-05	0.060000	3.12779e-05	0.060000	6.40566e-07	
0.070000	3.61147e-05	0.070000	3.58706e-05	0.070000	3.60665e-05	0.070000	3.60665e-05	0.070000	3.53036e-05	0.070000	5.66948e-07	
0.080000	3.86253e-05	0.080000	3.95379e-05	0.080000	3.94764e-05	0.080000	3.94764e-05	0.080000	3.90283e-05	0.080000	5.09641e-07	
0.090000	4.06864e-05	0.090000	4.2939e-05	0.090000	4.26675e-05	0.090000	4.26675e-05	0.090000	4.24754e-05	0.090000	4.63647e-07	
0.100000	4.22935e-05	0.100000	4.60769e-05	0.100000	4.56319e-05	0.100000	4.56319e-05	0.100000	4.5651e-05	0.100000	4.25842e-07	
0.120000	4.33826e-05	0.120000	5.10726e-05	0.120000	5.08748e-05	0.120000	5.08748e-05	0.120000	5.07054e-05	0.120000	3.67213e-07	
0.140000	4.41165e-05	0.140000	5.49092e-05	0.140000	5.52332e-05	0.140000	5.52332e-05	0.140000	5.45855e-05	0.140000	3.23699e-07	
0.160000	4.47786e-05	0.160000	5.81193e-05	0.160000	5.87798e-05	0.160000	5.87798e-05	0.160000	5.78293e-05	0.160000	2.90018e-07	
0.180000	4.54857e-05	0.180000	6.07991e-05	0.180000	6.16097e-05	0.180000	6.16097e-05	0.180000	6.0536e-05	0.180000	2.6311e-07	
0.200000	4.66022e-05	0.200000	6.32472e-05	0.200000	6.38247e-05	0.200000	6.38247e-05	0.200000	6.30061e-05	0.200000	2.41079e-07	
0.250000	4.78481e-05	0.250000	6.83421e-05	0.250000	6.73012e-05	0.250000	6.73012e-05	0.250000	6.8142e-05	0.250000	2.00115e-07	
0.300000	4.89574e-05	0.300000	7.1396e-05	0.300000	6.88049e-05	0.300000	6.88049e-05	0.300000	7.12243e-05	0.300000	1.717e-07 	
0.350000	5.01558e-05	0.350000	7.34605e-05	0.350000	6.91878e-05	0.350000	6.91878e-05	0.350000	7.33098e-05	0.350000	1.5075e-07	
0.400000	5.11648e-05	0.400000	7.49061e-05	0.400000	6.92467e-05	0.400000	6.92467e-05	0.400000	7.47715e-05	0.400000	1.34618e-07	
0.450000	5.1866e-05	0.450000	7.5607e-05	0.450000	6.9691e-05	0.450000	6.9691e-05	0.450000	7.54853e-05	0.450000	1.21787e-07	
0.500000	5.23136e-05	0.500000	7.57983e-05	0.500000	6.97156e-05	0.500000	6.97156e-05	0.500000	7.5687e-05	0.500000	1.11321e-07	
0.600000	5.10879e-05	0.600000	7.55066e-05	0.600000	6.90724e-05	0.600000	6.90724e-05	0.600000	7.54113e-05	0.600000	9.52359e-08	
0.700000	4.93658e-05	0.700000	7.46609e-05	0.700000	6.79751e-05	0.700000	6.79751e-05	0.700000	7.45775e-05	0.700000	8.34199e-08	
0.800000	4.91635e-05	0.800000	7.33208e-05	0.800000	6.6312e-05	0.800000	6.6312e-05	0.800000	7.32464e-05	0.800000	7.43485e-08	
0.900000	4.86955e-05	0.900000	7.1721e-05	0.900000	6.46065e-05	0.900000	6.46065e-05	0.900000	7.16539e-05	0.900000	6.71509e-08	
1.000000	4.81385e-05	1.000000	7.0112e-05	1.000000	6.29686e-05	1.000000	6.29686e-05	1.000000	7.00507e-05	1.000000	6.12918e-08	
1.250000	4.62212e-05	1.250000	6.60402e-05	1.250000	5.91642e-05	1.250000	5.91642e-05	1.250000	6.59898e-05	1.250000	5.04838e-08	
1.500000	4.37964e-05	1.500000	6.16036e-05	1.500000	5.52909e-05	1.500000	5.52909e-05	1.500000	6.15606e-05	1.500000	4.30573e-08	
1.750000	4.14413e-05	1.750000	5.75941e-05	1.750000	5.20247e-05	1.750000	5.20247e-05	1.750000	5.75565e-05	1.750000	3.7622e-08	
2.000000	3.92016e-05	2.000000	5.39501e-05	2.000000	4.91815e-05	2.000000	4.91815e-05	2.000000	5.39166e-05	2.000000	3.34617e-08	
2.250000	3.72202e-05	2.250000	5.07415e-05	2.250000	4.66607e-05	2.250000	4.66607e-05	2.250000	5.07113e-05	2.250000	3.0169e-08	
2.500000	3.68234e-05	2.500000	4.78521e-05	2.500000	4.43996e-05	2.500000	4.43996e-05	2.500000	4.78246e-05	2.500000	2.74945e-08	
3.000000	3.33838e-05	3.000000	4.29313e-05	3.000000	4.0495e-05	3.000000	4.0495e-05	3.000000	4.29079e-05	3.000000	2.34059e-08	
3.500000	3.05447e-05	3.500000	3.89813e-05	3.500000	3.72322e-05	3.500000	3.72322e-05	3.500000	3.89609e-05	3.500000	2.042e-08 	
4.000000	2.81672e-05	4.000000	3.5688e-05	4.000000	3.44614e-05	4.000000	3.44614e-05	4.000000	3.56699e-05	4.000000	1.81387e-08	
4.500000	2.61492e-05	4.500000	3.29332e-05	4.500000	3.20779e-05	4.500000	3.20779e-05	4.500000	3.29168e-05	4.500000	1.6336e-08	
5.000000	2.44153e-05	5.000000	3.05919e-05	5.000000	3.00057e-05	5.000000	3.00057e-05	5.000000	3.0577e-05	5.000000	1.48736e-08	
5.500000	2.29094e-05	5.500000	2.85721e-05	5.500000	2.81872e-05	5.500000	2.81872e-05	5.500000	2.85585e-05	5.500000	1.36622e-08	
6.000000	2.15891e-05	6.000000	2.68091e-05	6.000000	2.65784e-05	6.000000	2.65784e-05	6.000000	2.67964e-05	6.000000	1.26415e-08	
6.500000	2.04219e-05	6.500000	2.52541e-05	6.500000	2.51451e-05	6.500000	2.51451e-05	6.500000	2.52423e-05	6.500000	1.17691e-08	
7.000000	1.93824e-05	7.000000	2.38718e-05	7.000000	2.38599e-05	7.000000	2.38599e-05	7.000000	2.38608e-05	7.000000	1.10145e-08	
7.500000	1.84504e-05	7.500000	2.2635e-05	7.500000	2.27009e-05	7.500000	2.27009e-05	7.500000	2.26246e-05	7.500000	1.03549e-08	
8.000000	1.761e-05 	8.000000	2.15214e-05	8.000000	2.16505e-05	8.000000	2.16505e-05	8.000000	2.15117e-05	8.000000	9.7733e-09	
8.500000	1.68481e-05	8.500000	2.05132e-05	8.500000	2.06939e-05	8.500000	2.06939e-05	8.500000	2.05039e-05	8.500000	9.25635e-09	
9.000000	1.6154e-05	9.000000	1.95958e-05	9.000000	1.98192e-05	9.000000	1.98192e-05	9.000000	1.9587e-05	9.000000	8.7937e-09	
9.500000	1.5519e-05	9.500000	1.87574e-05	9.500000	1.90162e-05	9.500000	1.90162e-05	9.500000	1.8749e-05	9.500000	8.37712e-09	
10.000000	1.49357e-05	10.000000	1.72399e-05	10.000000	1.82765e-05	10.000000	1.82765e-05	10.000000	1.72319e-05	10.000000	7.99993e-09	
11.000000	1.39007e-05	11.000000	1.61513e-05	11.000000	1.69318e-05	11.000000	1.69594e-05	11.000000	1.61439e-05	11.000000	7.34306e-09	
12.000000	1.301e-05 	12.000000	1.51944e-05	12.000000	1.57781e-05	12.000000	1.58248e-05	12.000000	1.51876e-05	12.000000	6.79005e-09	
13.000000	1.2235e-05	13.000000	1.43475e-05	13.000000	1.47784e-05	13.000000	1.48382e-05	13.000000	1.43412e-05	13.000000	6.31776e-09	
14.000000	1.15542e-05	14.000000	1.35932e-05	14.000000	1.39044e-05	14.000000	1.39731e-05	14.000000	1.35873e-05	14.000000	5.9095e-09	
15.000000	1.09513e-05	15.000000	1.29173e-05	15.000000	1.31342e-05	15.000000	1.32091e-05	15.000000	1.29117e-05	15.000000	5.55291e-09	
16.000000	1.04134e-05	16.000000	1.23083e-05	16.000000	1.24514e-05	16.000000	1.25301e-05	16.000000	1.23031e-05	16.000000	5.23862e-09	
17.000000	9.93043e-06	17.000000	1.17571e-05	17.000000	1.18426e-05	17.000000	1.19232e-05	17.000000	1.17521e-05	17.000000	4.95944e-09	
18.000000	9.49422e-06	18.000000	1.12557e-05	18.000000	1.12965e-05	18.000000	1.13779e-05	18.000000	1.1251e-05	18.000000	4.70971e-09	
19.000000	9.09822e-06	19.000000	1.07979e-05	19.000000	1.08042e-05	19.000000	1.08858e-05	19.000000	1.07934e-05	19.000000	4.48495e-09	
20.000000	8.73703e-06	20.000000	1.03782e-05	20.000000	1.03586e-05	20.000000	1.04399e-05	20.000000	1.03739e-05	20.000000	4.28154e-09	
21.000000	8.40619e-06	21.000000	9.99199e-06	21.000000	9.95389e-06	21.000000	1.00342e-05	21.000000	9.98789e-06	21.000000	4.09654e-09	
22.000000	8.10198e-06	22.000000	9.63552e-06	22.000000	9.585e-06 	22.000000	9.66394e-06	22.000000	9.6316e-06	22.000000	3.92751e-09	
23.000000	7.82125e-06	23.000000	9.30549e-06	23.000000	9.24773e-06	23.000000	9.32492e-06	23.000000	9.30171e-06	23.000000	3.77245e-09	
24.000000	7.56135e-06	24.000000	8.99904e-06	24.000000	8.93845e-06	24.000000	9.01364e-06	24.000000	8.99541e-06	24.000000	3.62967e-09	
25.000000	7.32e-06  	25.000000	8.71375e-06	25.000000	8.65406e-06	25.000000	8.72707e-06	25.000000	8.71025e-06	25.000000	3.49775e-09	
27.000000	6.88545e-06	27.000000	8.19844e-06	27.000000	8.14976e-06	27.000000	8.21806e-06	27.000000	8.19518e-06	27.000000	3.26182e-09	
29.000000	6.50492e-06	29.000000	7.74565e-06	29.000000	7.71757e-06	29.000000	7.78098e-06	29.000000	7.74259e-06	29.000000	3.05689e-09	
31.000000	6.16879e-06	31.000000	7.34462e-06	31.000000	7.32911e-06	31.000000	7.38486e-06	31.000000	7.34174e-06	31.000000	2.87715e-09	
33.000000	5.86961e-06	33.000000	6.98694e-06	33.000000	6.97063e-06	33.000000	7.01748e-06	33.000000	6.98422e-06	33.000000	2.71817e-09	
35.000000	5.6015e-06	35.000000	6.66591e-06	35.000000	6.64905e-06	35.000000	6.68872e-06	35.000000	6.66334e-06	35.000000	2.5765e-09	
38.000000	5.24763e-06	38.000000	6.2416e-06	38.000000	6.22499e-06	38.000000	6.25554e-06	38.000000	6.23921e-06	38.000000	2.39068e-09	
41.000000	4.94115e-06	41.000000	5.87371e-06	41.000000	5.85751e-06	41.000000	5.88112e-06	41.000000	5.87148e-06	41.000000	2.23081e-09	
44.000000	4.67301e-06	44.000000	5.55163e-06	44.000000	5.53625e-06	44.000000	5.55414e-06	44.000000	5.54954e-06	44.000000	2.09174e-09	
47.000000	4.43631e-06	47.000000	5.26725e-06	47.000000	5.25252e-06	47.000000	5.26602e-06	47.000000	5.26528e-06	47.000000	1.96963e-09	
50.000000	4.22574e-06	50.000000	5.01427e-06	50.000000	5.00029e-06	50.000000	5.01015e-06	50.000000	5.0124e-06	50.000000	1.86151e-09	
55.000000	3.92192e-06	55.000000	4.64937e-06	55.000000	4.63626e-06	55.000000	4.64175e-06	55.000000	4.64767e-06	55.000000	1.70636e-09	
60.000000	3.66494e-06	60.000000	4.34099e-06	60.000000	4.32941e-06	60.000000	4.33097e-06	60.000000	4.33942e-06	60.000000	1.57594e-09	
65.000000	3.44457e-06	65.000000	4.07684e-06	65.000000	4.06624e-06	65.000000	4.06513e-06	65.000000	4.07538e-06	65.000000	1.46472e-09	
70.000000	3.25338e-06	70.000000	3.84796e-06	70.000000	3.83795e-06	70.000000	3.83505e-06	70.000000	3.84659e-06	70.000000	1.3687e-09	
75.000000	3.08582e-06	75.000000	3.64767e-06	75.000000	3.63857e-06	75.000000	3.63388e-06	75.000000	3.64638e-06	75.000000	1.28493e-09	
80.000000	2.93769e-06	80.000000	3.47088e-06	80.000000	3.46231e-06	80.000000	3.45646e-06	80.000000	3.46967e-06	80.000000	1.21117e-09	
85.000000	2.80573e-06	85.000000	3.31365e-06	85.000000	3.30557e-06	85.000000	3.29877e-06	85.000000	3.31251e-06	85.000000	1.14572e-09	
90.000000	2.68737e-06	90.000000	3.17288e-06	90.000000	3.16527e-06	90.000000	3.15765e-06	90.000000	3.17179e-06	90.000000	1.08723e-09	
95.000000	2.58057e-06	95.000000	3.04608e-06	95.000000	3.03894e-06	95.000000	3.03062e-06	95.000000	3.04505e-06	95.000000	1.03463e-09	
100.000000	2.48368e-06	100.000000	2.93126e-06	100.000000	2.92457e-06	100.000000	2.91564e-06	100.000000	2.93027e-06	100.000000	9.87069e-10	
105.000000	2.39536e-06	105.000000	2.82678e-06	105.000000	2.82055e-06	105.000000	2.81105e-06	105.000000	2.82584e-06	105.000000	9.43841e-10	
110.000000	2.31449e-06	110.000000	2.7313e-06	110.000000	2.7252e-06	110.000000	2.71551e-06	110.000000	2.73039e-06	110.000000	9.04375e-10	
115.000000	2.24014e-06	115.000000	2.64369e-06	115.000000	2.63792e-06	115.000000	2.62788e-06	115.000000	2.64282e-06	115.000000	8.68195e-10	
120.000000	2.17153e-06	120.000000	2.563e-06 	120.000000	2.55756e-06	120.000000	2.54721e-06	120.000000	2.56217e-06	120.000000	8.34902e-10	
125.000000	2.10802e-06	125.000000	2.48845e-06	125.000000	2.4831e-06	125.000000	2.4727e-06	125.000000	2.48764e-06	125.000000	8.04159e-10	
130.000000	2.04904e-06	130.000000	2.41935e-06	130.000000	2.41417e-06	130.000000	2.40367e-06	130.000000	2.41857e-06	130.000000	7.75681e-10	
135.000000	1.9941e-06	135.000000	2.35512e-06	135.000000	2.35031e-06	135.000000	2.33952e-06	135.000000	2.35437e-06	135.000000	7.49223e-10	
140.000000	1.94281e-06	140.000000	2.29527e-06	140.000000	2.29072e-06	140.000000	2.27977e-06	140.000000	2.29454e-06	140.000000	7.24576e-10	
145.000000	1.89479e-06	145.000000	2.23935e-06	145.000000	2.23493e-06	145.000000	2.22396e-06	145.000000	2.23865e-06	145.000000	7.01557e-10	
150.000000	1.84974e-06	150.000000	2.18699e-06	150.000000	2.18274e-06	150.000000	2.17173e-06	150.000000	2.18631e-06	150.000000	6.80008e-10	
155.000000	1.78627e-06	155.000000	2.13786e-06	155.000000	2.13379e-06	155.000000	2.12273e-06	155.000000	2.1372e-06	155.000000	6.59791e-10	
160.000000	1.74909e-06	160.000000	2.09166e-06	160.000000	2.08777e-06	160.000000	2.07668e-06	160.000000	2.09102e-06	160.000000	6.40784e-10	
165.000000	1.71402e-06	165.000000	2.04815e-06	165.000000	2.04443e-06	165.000000	2.03332e-06	165.000000	2.04753e-06	165.000000	6.22882e-10	
170.000000	1.68088e-06	170.000000	2.00709e-06	170.000000	2.00355e-06	170.000000	1.99242e-06	170.000000	2.00648e-06	170.000000	6.05988e-10	
175.000000	1.64953e-06	175.000000	1.96828e-06	175.000000	1.96493e-06	175.000000	1.95378e-06	175.000000	1.96769e-06	175.000000	5.9002e-10	
180.000000	1.61982e-06	180.000000	1.93154e-06	180.000000	1.92837e-06	180.000000	1.91721e-06	180.000000	1.93096e-06	180.000000	5.74902e-10	
185.000000	1.59162e-06	185.000000	1.89671e-06	185.000000	1.89373e-06	185.000000	1.88256e-06	185.000000	1.89614e-06	185.000000	5.60568e-10	
190.000000	1.56481e-06	190.000000	1.86364e-06	190.000000	1.86084e-06	190.000000	1.84967e-06	190.000000	1.86309e-06	190.000000	5.46956e-10	
195.000000	1.5393e-06	195.000000	1.8322e-06	195.000000	1.82961e-06	195.000000	1.81842e-06	195.000000	1.83167e-06	195.000000	5.34014e-10	
200.000000	1.515e-06 	200.000000	1.80228e-06	200.000000	1.79989e-06	200.000000	1.78869e-06	200.000000	1.80176e-06	200.000000	5.21692e-10	
210.000000	1.46966e-06	210.000000	1.74657e-06	210.000000	1.74438e-06	210.000000	1.73336e-06	210.000000	1.74607e-06	210.000000	4.98737e-10	
220.000000	1.42822e-06	220.000000	1.69575e-06	220.000000	1.69392e-06	220.000000	1.68294e-06	220.000000	1.69528e-06	220.000000	4.77785e-10	
230.000000	1.3902e-06	230.000000	1.64922e-06	230.000000	1.64779e-06	230.000000	1.63681e-06	230.000000	1.64876e-06	230.000000	4.58582e-10	
240.000000	1.35518e-06	240.000000	1.60645e-06	240.000000	1.60544e-06	240.000000	1.59445e-06	240.000000	1.60601e-06	240.000000	4.40916e-10	
250.000000	1.32282e-06	250.000000	1.56702e-06	250.000000	1.56629e-06	250.000000	1.55542e-06	250.000000	1.56659e-06	250.000000	4.24606e-10	
260.000000	1.29283e-06	260.000000	1.53054e-06	260.000000	1.5301e-06	260.000000	1.51935e-06	260.000000	1.53013e-06	260.000000	4.095e-10 	
270.000000	1.26495e-06	270.000000	1.4967e-06	270.000000	1.49669e-06	270.000000	1.48592e-06	270.000000	1.4963e-06	270.000000	3.95469e-10	
280.000000	1.23898e-06	280.000000	1.46522e-06	280.000000	1.46561e-06	280.000000	1.45486e-06	280.000000	1.46484e-06	280.000000	3.824e-10 	
290.000000	1.21471e-06	290.000000	1.43588e-06	290.000000	1.43653e-06	290.000000	1.42592e-06	290.000000	1.43551e-06	290.000000	3.70197e-10	
300.000000	1.192e-06 	300.000000	1.40846e-06	300.000000	1.40946e-06	300.000000	1.39891e-06	300.000000	1.4081e-06	300.000000	3.58776e-10	
310.000000	1.17069e-06	310.000000	1.38278e-06	310.000000	1.38417e-06	310.000000	1.37364e-06	310.000000	1.38244e-06	310.000000	3.48062e-10	
320.000000	1.15066e-06	320.000000	1.35869e-06	320.000000	1.36036e-06	320.000000	1.34995e-06	320.000000	1.35835e-06	320.000000	3.37991e-10	
330.000000	1.1318e-06	330.000000	1.33605e-06	330.000000	1.33804e-06	330.000000	1.32771e-06	330.000000	1.33572e-06	330.000000	3.28506e-10	
340.000000	1.11402e-06	340.000000	1.31472e-06	340.000000	1.31712e-06	340.000000	1.30678e-06	340.000000	1.31441e-06	340.000000	3.19558e-10	
350.000000	1.09721e-06	350.000000	1.29461e-06	350.000000	1.2974e-06	350.000000	1.28706e-06	350.000000	1.2943e-06	350.000000	3.111e-10 	
360.000000	1.08132e-06	360.000000	1.27562e-06	360.000000	1.27872e-06	360.000000	1.26845e-06	360.000000	1.27532e-06	360.000000	3.03094e-10	
370.000000	1.06626e-06	370.000000	1.25765e-06	370.000000	1.26104e-06	370.000000	1.25087e-06	370.000000	1.25736e-06	370.000000	2.95504e-10	
380.000000	1.05197e-06	380.000000	1.24063e-06	380.000000	1.24436e-06	380.000000	1.23423e-06	380.000000	1.24034e-06	380.000000	2.88298e-10	
390.000000	1.0384e-06	390.000000	1.22449e-06	390.000000	1.22858e-06	390.000000	1.21846e-06	390.000000	1.22421e-06	390.000000	2.81447e-10	
400.000000	1.02549e-06	400.000000	1.20916e-06	400.000000	1.21355e-06	400.000000	1.2035e-06	400.000000	1.20889e-06	400.000000	2.74925e-10	
410.000000	1.0132e-06	410.000000	1.19459e-06	410.000000	1.19925e-06	410.000000	1.18929e-06	410.000000	1.19432e-06	410.000000	2.68709e-10	
420.000000	1.00149e-06	420.000000	1.18072e-06	420.000000	1.18569e-06	420.000000	1.17578e-06	420.000000	1.18046e-06	420.000000	2.62777e-10	
430.000000	9.90318e-07	430.000000	1.16751e-06	430.000000	1.1728e-06	430.000000	1.16291e-06	430.000000	1.16725e-06	430.000000	2.57111e-10	
440.000000	9.79649e-07	440.000000	1.15491e-06	440.000000	1.16051e-06	440.000000	1.15066e-06	440.000000	1.15466e-06	440.000000	2.51692e-10	
450.000000	9.69453e-07	450.000000	1.14289e-06	450.000000	1.14878e-06	450.000000	1.13898e-06	450.000000	1.14264e-06	450.000000	2.46504e-10	
460.000000	9.59699e-07	460.000000	1.1314e-06	460.000000	1.13755e-06	460.000000	1.12782e-06	460.000000	1.13116e-06	460.000000	2.41534e-10	
470.000000	9.5036e-07	470.000000	1.12042e-06	470.000000	1.12683e-06	470.000000	1.11716e-06	470.000000	1.12018e-06	470.000000	2.36766e-10	
480.000000	9.41413e-07	480.000000	1.1099e-06	480.000000	1.1166e-06	480.000000	1.10697e-06	480.000000	1.10967e-06	480.000000	2.3219e-10	
490.000000	9.32833e-07	490.000000	1.09984e-06	490.000000	1.10684e-06	490.000000	1.09722e-06	490.000000	1.09961e-06	490.000000	2.27793e-10	
500.000000	9.24602e-07	500.000000	1.09019e-06	500.000000	1.09749e-06	500.000000	1.08789e-06	500.000000	1.08997e-06	500.000000	2.23566e-10	
520.000000	9.09104e-07	520.000000	1.07206e-06	520.000000	1.07986e-06	520.000000	1.07036e-06	520.000000	1.07184e-06	520.000000	2.1558e-10	
540.000000	8.9478e-07	540.000000	1.05534e-06	540.000000	1.06366e-06	540.000000	1.05421e-06	540.000000	1.05513e-06	540.000000	2.08163e-10	
560.000000	8.81511e-07	560.000000	1.03989e-06	560.000000	1.04873e-06	560.000000	1.03931e-06	560.000000	1.03968e-06	560.000000	2.01257e-10	
580.000000	8.69194e-07	580.000000	1.02557e-06	580.000000	1.03486e-06	580.000000	1.02552e-06	580.000000	1.02537e-06	580.000000	1.94808e-10	
600.000000	8.57737e-07	600.000000	1.01228e-06	600.000000	1.02197e-06	600.000000	1.01274e-06	600.000000	1.01209e-06	600.000000	1.88774e-10	
620.000000	8.47063e-07	620.000000	9.99916e-07	620.000000	1.01002e-06	620.000000	1.00086e-06	620.000000	9.99733e-07	620.000000	1.83114e-10	
640.000000	8.371e-07 	640.000000	9.884e-07 	640.000000	9.98953e-07	640.000000	9.89801e-07	640.000000	9.88222e-07	640.000000	1.77795e-10	
660.000000	8.27789e-07	660.000000	9.77654e-07	660.000000	9.88618e-07	660.000000	9.79492e-07	660.000000	9.77482e-07	660.000000	1.72786e-10	
680.000000	8.19074e-07	680.000000	9.67613e-07	680.000000	9.78919e-07	680.000000	9.69863e-07	680.000000	9.67444e-07	680.000000	1.6806e-10	
700.000000	8.10907e-07	700.000000	9.58216e-07	700.000000	9.69859e-07	700.000000	9.60858e-07	700.000000	9.58052e-07	700.000000	1.63595e-10	
720.000000	8.03245e-07	720.000000	9.49412e-07	720.000000	9.61413e-07	720.000000	9.52424e-07	720.000000	9.49253e-07	720.000000	1.59369e-10	
740.000000	7.96049e-07	740.000000	9.41155e-07	740.000000	9.5349e-07	740.000000	9.44515e-07	740.000000	9.40999e-07	740.000000	1.55362e-10	
760.000000	7.89284e-07	760.000000	9.33401e-07	760.000000	9.46019e-07	760.000000	9.37088e-07	760.000000	9.33249e-07	760.000000	1.51559e-10	
780.000000	7.82919e-07	780.000000	9.26114e-07	780.000000	9.38977e-07	780.000000	9.30106e-07	780.000000	9.25966e-07	780.000000	1.47943e-10	
800.000000	7.76926e-07	800.000000	9.19258e-07	800.000000	9.32347e-07	800.000000	9.23536e-07	800.000000	9.19114e-07	800.000000	1.44502e-10	
820.000000	7.71278e-07	820.000000	9.12804e-07	820.000000	9.26109e-07	820.000000	9.17347e-07	820.000000	9.12663e-07	820.000000	1.41222e-10	
840.000000	7.65953e-07	840.000000	9.06723e-07	840.000000	9.20244e-07	840.000000	9.11512e-07	840.000000	9.06585e-07	840.000000	1.38093e-10	
860.000000	7.60929e-07	860.000000	9.0099e-07	860.000000	9.14727e-07	860.000000	9.06004e-07	860.000000	9.00855e-07	860.000000	1.35104e-10	
880.000000	7.56188e-07	880.000000	8.95582e-07	880.000000	9.09518e-07	880.000000	9.00803e-07	880.000000	8.95449e-07	880.000000	1.32245e-10	
900.000000	7.5171e-07	900.000000	8.90477e-07	900.000000	9.04585e-07	900.000000	8.95885e-07	900.000000	8.90347e-07	900.000000	1.29509e-10	
920.000000	7.4748e-07	920.000000	8.85656e-07	920.000000	8.99902e-07	920.000000	8.91234e-07	920.000000	8.85529e-07	920.000000	1.26888e-10	
940.000000	7.43484e-07	940.000000	8.81102e-07	940.000000	8.95459e-07	940.000000	8.86831e-07	940.000000	8.80977e-07	940.000000	1.24374e-10	
960.000000	7.39706e-07	960.000000	8.76798e-07	960.000000	8.91246e-07	960.000000	8.8266e-07	960.000000	8.76676e-07	960.000000	1.21961e-10	
980.000000	7.36136e-07	980.000000	8.72729e-07	980.000000	8.87253e-07	980.000000	8.78706e-07	980.000000	8.72609e-07	980.000000	1.19643e-10	
1000.000000	7.3276e-07	1000.000000	8.68881e-07	1000.000000	8.8347e-07	1000.000000	8.74957e-07	1000.000000	8.68764e-07	1000.000000	1.17414e-10	
1020.000000	7.29569e-07	1020.000000	8.65242e-07	1020.000000	8.79887e-07	1020.000000	8.714e-07 	1020.000000	8.65127e-07	1020.000000	1.1527e-10	
1040.000000	7.26551e-07	1040.000000	8.61801e-07	1040.000000	8.76496e-07	1040.000000	8.68022e-07	1040.000000	8.61687e-07	1040.000000	1.13205e-10	
1060.000000	7.23699e-07	1060.000000	8.58544e-07	1060.000000	8.73282e-07	1060.000000	8.64815e-07	1060.000000	8.58433e-07	1060.000000	1.11215e-10	
1080.000000	7.21003e-07	1080.000000	8.55464e-07	1080.000000	8.7023e-07	1080.000000	8.61767e-07	1080.000000	8.55355e-07	1080.000000	1.09296e-10	
1100.000000	7.18456e-07	1100.000000	8.52551e-07	1100.000000	8.67327e-07	1100.000000	8.58869e-07	1100.000000	8.52443e-07	1100.000000	1.07444e-10	
1120.000000	7.16049e-07	1120.000000	8.49794e-07	1120.000000	8.64559e-07	1120.000000	8.56114e-07	1120.000000	8.49689e-07	1120.000000	1.05656e-10	
1140.000000	7.13777e-07	1140.000000	8.47188e-07	1140.000000	8.61918e-07	1140.000000	8.53493e-07	1140.000000	8.47084e-07	1140.000000	1.03929e-10	
1160.000000	7.11632e-07	1160.000000	8.44723e-07	1160.000000	8.59401e-07	1160.000000	8.50999e-07	1160.000000	8.44621e-07	1160.000000	1.02259e-10	
1180.000000	7.09608e-07	1180.000000	8.42394e-07	1180.000000	8.57001e-07	1180.000000	8.48626e-07	1180.000000	8.42293e-07	1180.000000	1.00643e-10	
1200.000000	7.077e-07 	1200.000000	8.40192e-07	1200.000000	8.54715e-07	1200.000000	8.46366e-07	1200.000000	8.40093e-07	1200.000000	9.90798e-11	
1220.000000	7.05903e-07	1220.000000	8.38113e-07	1220.000000	8.52539e-07	1220.000000	8.44213e-07	1220.000000	8.38016e-07	1220.000000	9.75656e-11	
1240.000000	7.04211e-07	1240.000000	8.3615e-07	1240.000000	8.50466e-07	1240.000000	8.42164e-07	1240.000000	8.36054e-07	1240.000000	9.60985e-11	
1260.000000	7.0262e-07	1260.000000	8.34298e-07	1260.000000	8.48493e-07	1260.000000	8.40211e-07	1260.000000	8.34203e-07	1260.000000	9.46763e-11	
1280.000000	7.01125e-07	1280.000000	8.32552e-07	1280.000000	8.46614e-07	1280.000000	8.3835e-07	1280.000000	8.32458e-07	1280.000000	9.32969e-11	
1300.000000	6.99722e-07	1300.000000	8.30906e-07	1300.000000	8.44825e-07	1300.000000	8.36577e-07	1300.000000	8.30814e-07	1300.000000	9.19585e-11	
1320.000000	6.98408e-07	1320.000000	8.29357e-07	1320.000000	8.43122e-07	1320.000000	8.34888e-07	1320.000000	8.29266e-07	1320.000000	9.06592e-11	
1340.000000	6.97178e-07	1340.000000	8.279e-07 	1340.000000	8.41501e-07	1340.000000	8.33277e-07	1340.000000	8.27811e-07	1340.000000	8.93972e-11	
1360.000000	6.96029e-07	1360.000000	8.26532e-07	1360.000000	8.39957e-07	1360.000000	8.31743e-07	1360.000000	8.26443e-07	1360.000000	8.81711e-11	
1380.000000	6.94959e-07	1380.000000	8.25247e-07	1380.000000	8.38486e-07	1380.000000	8.3028e-07	1380.000000	8.2516e-07	1380.000000	8.69792e-11	
1400.000000	6.93963e-07	1400.000000	8.24044e-07	1400.000000	8.37084e-07	1400.000000	8.28886e-07	1400.000000	8.23958e-07	1400.000000	8.58201e-11	
1420.000000	6.93039e-07	1420.000000	8.22918e-07	1420.000000	8.35748e-07	1420.000000	8.27557e-07	1420.000000	8.22833e-07	1420.000000	8.46925e-11	
1440.000000	6.92184e-07	1440.000000	8.21866e-07	1440.000000	8.34474e-07	1440.000000	8.26291e-07	1440.000000	8.21783e-07	1440.000000	8.35952e-11	
1460.000000	6.91396e-07	1460.000000	8.20886e-07	1460.000000	8.33259e-07	1460.000000	8.25084e-07	1460.000000	8.20803e-07	1460.000000	8.25268e-11	
1480.000000	6.90671e-07	1480.000000	8.19974e-07	1480.000000	8.32101e-07	1480.000000	8.23934e-07	1480.000000	8.19893e-07	1480.000000	8.14862e-11	
1500.000000	6.90009e-07	1500.000000	8.19128e-07	1500.000000	8.30997e-07	1500.000000	8.22839e-07	1500.000000	8.19047e-07	1500.000000	8.04725e-11	
1520.000000	6.89405e-07	1520.000000	8.18345e-07	1520.000000	8.29944e-07	1520.000000	8.21796e-07	1520.000000	8.18265e-07	1520.000000	7.94844e-11	
1540.000000	6.88859e-07	1540.000000	8.17623e-07	1540.000000	8.28941e-07	1540.000000	8.20802e-07	1540.000000	8.17544e-07	1540.000000	7.85211e-11	
1560.000000	6.88368e-07	1560.000000	8.16959e-07	1560.000000	8.27986e-07	1560.000000	8.19856e-07	1560.000000	8.16881e-07	1560.000000	7.75816e-11	
1580.000000	6.87931e-07	1580.000000	8.16351e-07	1580.000000	8.27076e-07	1580.000000	8.18956e-07	1580.000000	8.16275e-07	1580.000000	7.66651e-11	
1600.000000	6.87545e-07	1600.000000	8.15798e-07	1600.000000	8.26209e-07	1600.000000	8.181e-07 	1600.000000	8.15722e-07	1600.000000	7.57706e-11	
1620.000000	6.87208e-07	1620.000000	8.15297e-07	1620.000000	8.25385e-07	1620.000000	8.17285e-07	1620.000000	8.15222e-07	1620.000000	7.48975e-11	
1640.000000	6.8692e-07	1640.000000	8.14846e-07	1640.000000	8.246e-07 	1640.000000	8.16511e-07	1640.000000	8.14772e-07	1640.000000	7.40449e-11	
1660.000000	6.86678e-07	1660.000000	8.14443e-07	1660.000000	8.23854e-07	1660.000000	8.15775e-07	1660.000000	8.1437e-07	1660.000000	7.32121e-11	
1680.000000	6.86481e-07	1680.000000	8.14088e-07	1680.000000	8.23145e-07	1680.000000	8.15076e-07	1680.000000	8.14015e-07	1680.000000	7.23985e-11	
1700.000000	6.86327e-07	1700.000000	8.13777e-07	1700.000000	8.22471e-07	1700.000000	8.14412e-07	1700.000000	8.13706e-07	1700.000000	7.16033e-11	
1750.000000	6.86125e-07	1750.000000	8.13188e-07	1750.000000	8.20933e-07	1750.000000	8.129e-07 	1750.000000	8.13119e-07	1750.000000	6.96921e-11	
1800.000000	6.86167e-07	1800.000000	8.1285e-07	1800.000000	8.19588e-07	1800.000000	8.1158e-07	1800.000000	8.12782e-07	1800.000000	6.78833e-11	
1850.000000	6.86433e-07	1850.000000	8.12741e-07	1850.000000	8.18419e-07	1850.000000	8.10434e-07	1850.000000	8.12675e-07	1850.000000	6.6169e-11	
1900.000000	6.86909e-07	1900.000000	8.12844e-07	1900.000000	8.1741e-07	1900.000000	8.09447e-07	1900.000000	8.1278e-07	1900.000000	6.45417e-11	
1950.000000	6.8758e-07	1950.000000	8.13143e-07	1950.000000	8.16547e-07	1950.000000	8.08604e-07	1950.000000	8.1308e-07	1950.000000	6.2995e-11	
2000.000000	6.88433e-07	2000.000000	8.13623e-07	2000.000000	8.15819e-07	2000.000000	8.07893e-07	2000.000000	8.13561e-07	2000.000000	6.1523e-11	
2100.000000	6.90638e-07	2100.000000	8.15074e-07	2100.000000	8.1472e-07	2100.000000	8.06819e-07	2100.000000	8.15015e-07	2100.000000	5.87821e-11	
2200.000000	6.9344e-07	2200.000000	8.17107e-07	2200.000000	8.1403e-07	2200.000000	8.06146e-07	2200.000000	8.17051e-07	2200.000000	5.6282e-11	
2300.000000	6.96771e-07	2300.000000	8.19645e-07	2300.000000	8.13682e-07	2300.000000	8.0581e-07	2300.000000	8.19591e-07	2300.000000	5.3992e-11	
2400.000000	7.00574e-07	2400.000000	8.22624e-07	2400.000000	8.13618e-07	2400.000000	8.05759e-07	2400.000000	8.22572e-07	2400.000000	5.18864e-11	
2500.000000	7.04799e-07	2500.000000	8.25992e-07	2500.000000	8.13794e-07	2500.000000	8.05948e-07	2500.000000	8.25943e-07	2500.000000	4.99436e-11	
2600.000000	7.09404e-07	2600.000000	8.29704e-07	2600.000000	8.14173e-07	2600.000000	8.06341e-07	2600.000000	8.29656e-07	2600.000000	4.81452e-11	
2700.000000	7.14355e-07	2700.000000	8.3372e-07	2700.000000	8.14726e-07	2700.000000	8.06907e-07	2700.000000	8.33674e-07	2700.000000	4.64756e-11	
2800.000000	7.1962e-07	2800.000000	8.38008e-07	2800.000000	8.15428e-07	2800.000000	8.07622e-07	2800.000000	8.37963e-07	2800.000000	4.49213e-11	
2900.000000	7.25172e-07	2900.000000	8.42539e-07	2900.000000	8.16255e-07	2900.000000	8.08463e-07	2900.000000	8.42496e-07	2900.000000	4.34706e-11	
3000.000000	7.30988e-07	3000.000000	8.47288e-07	3000.000000	8.17191e-07	3000.000000	8.09412e-07	3000.000000	8.47246e-07	3000.000000	4.21134e-11	
3200.000000	7.43335e-07	3200.000000	8.57358e-07	3200.000000	8.19328e-07	3200.000000	8.11573e-07	3200.000000	8.57318e-07	3200.000000	3.96452e-11	
3400.000000	7.56524e-07	3400.000000	8.68074e-07	3400.000000	8.21737e-07	3400.000000	8.14004e-07	3400.000000	8.68036e-07	3400.000000	3.7458e-11	
3600.000000	7.7045e-07	3600.000000	8.79325e-07	3600.000000	8.24345e-07	3600.000000	8.16631e-07	3600.000000	8.79289e-07	3600.000000	3.5506e-11	
3800.000000	7.85026e-07	3800.000000	8.91022e-07	3800.000000	8.27094e-07	3800.000000	8.19398e-07	3800.000000	8.90988e-07	3800.000000	3.37528e-11	
4000.000000	8.00186e-07	4000.000000	9.03097e-07	4000.000000	8.29942e-07	4000.000000	8.22261e-07	4000.000000	9.03064e-07	4000.000000	3.21694e-11	
4200.000000	8.15872e-07	4200.000000	9.15491e-07	4200.000000	8.32856e-07	4200.000000	8.25189e-07	4200.000000	9.1546e-07	4200.000000	3.07319e-11	
4400.000000	8.3204e-07	4400.000000	9.28158e-07	4400.000000	8.35811e-07	4400.000000	8.28157e-07	4400.000000	9.28128e-07	4400.000000	2.94209e-11	
4600.000000	8.48651e-07	4600.000000	9.4106e-07	4600.000000	8.38787e-07	4600.000000	8.31146e-07	4600.000000	9.41032e-07	4600.000000	2.82202e-11	
4800.000000	8.65672e-07	4800.000000	9.54165e-07	4800.000000	8.4177e-07	4800.000000	8.3414e-07	4800.000000	9.54138e-07	4800.000000	2.71164e-11	
5000.000000	8.83078e-07	5000.000000	9.67446e-07	5000.000000	8.44747e-07	5000.000000	8.37128e-07	5000.000000	9.6742e-07	5000.000000	2.60981e-11	
5250.000000	9.05339e-07	5250.000000	9.84261e-07	5250.000000	8.48448e-07	5250.000000	8.40842e-07	5250.000000	9.84236e-07	5250.000000	2.49308e-11	
5500.000000	9.28127e-07	5500.000000	1.00128e-06	5500.000000	8.52114e-07	5500.000000	8.44521e-07	5500.000000	1.00126e-06	5500.000000	2.38663e-11	
6000.000000	9.75159e-07	6000.000000	1.03581e-06	6000.000000	8.59307e-07	6000.000000	8.51736e-07	6000.000000	1.03579e-06	6000.000000	2.19953e-11	
6500.000000	1.02398e-06	6500.000000	1.07085e-06	6500.000000	8.66281e-07	6500.000000	8.58727e-07	6500.000000	1.07083e-06	6500.000000	2.04034e-11	
7000.000000	1.07444e-06	7000.000000	1.10627e-06	7000.000000	8.73015e-07	7000.000000	8.65476e-07	7000.000000	1.10626e-06	7000.000000	1.9032e-11	
7500.000000	1.12645e-06	7500.000000	1.14198e-06	7500.000000	8.79502e-07	7500.000000	8.71977e-07	7500.000000	1.14196e-06	7500.000000	1.7838e-11	
8000.000000	1.17991e-06	8000.000000	1.1779e-06	8000.000000	8.85752e-07	8000.000000	8.78232e-07	8000.000000	1.17789e-06	8000.000000	1.67886e-11	
8500.000000	1.23478e-06	8500.000000	1.21399e-06	8500.000000	8.91755e-07	8500.000000	8.8425e-07	8500.000000	1.21397e-06	8500.000000	1.5859e-11	
9000.000000	1.291e-06 	9000.000000	1.25019e-06	9000.000000	8.97518e-07	9000.000000	8.9004e-07	9000.000000	1.25018e-06	9000.000000	1.50296e-11	
9500.000000	1.34853e-06	9500.000000	1.28649e-06	9500.000000	9.0307e-07	9500.000000	8.95615e-07	9500.000000	1.28648e-06	9500.000000	1.42848e-11	
10000.000000	1.40735e-06	10000.000000	1.32285e-06	10000.000000	9.08426e-07	10000.000000	9.00985e-07	10000.000000	1.32284e-06	10000.000000	1.36122e-11	
11000.000000	1.52876e-06	11000.000000	1.39571e-06	11000.000000	9.18575e-07	11000.000000	9.11157e-07	11000.000000	1.39569e-06	11000.000000	1.24451e-11	
12000.000000	1.65508e-06	12000.000000	1.46864e-06	12000.000000	9.28028e-07	12000.000000	9.20642e-07	12000.000000	1.46863e-06	12000.000000	1.14669e-11	
13000.000000	1.78622e-06	13000.000000	1.54159e-06	13000.000000	9.36864e-07	13000.000000	9.29517e-07	13000.000000	1.54158e-06	13000.000000	1.06349e-11	
14000.000000	1.92211e-06	14000.000000	1.6145e-06	14000.000000	9.45153e-07	14000.000000	9.3785e-07	14000.000000	1.61449e-06	14000.000000	9.91826e-12	
15000.000000	2.06271e-06	15000.000000	1.68734e-06	15000.000000	9.52957e-07	15000.000000	9.45698e-07	15000.000000	1.68733e-06	15000.000000	9.29442e-12	
16000.000000	2.208e-06 	16000.000000	1.76009e-06	16000.000000	9.60323e-07	16000.000000	9.53112e-07	16000.000000	1.76008e-06	16000.000000	8.74629e-12	
17000.000000	2.35795e-06	17000.000000	1.83274e-06	17000.000000	9.67296e-07	17000.000000	9.60134e-07	17000.000000	1.83274e-06	17000.000000	8.26077e-12	
18000.000000	2.51256e-06	18000.000000	1.90528e-06	18000.000000	9.73914e-07	18000.000000	9.66803e-07	18000.000000	1.90528e-06	18000.000000	7.82764e-12	
19000.000000	2.67184e-06	19000.000000	1.97771e-06	19000.000000	9.80212e-07	19000.000000	9.73151e-07	19000.000000	1.9777e-06	19000.000000	7.43878e-12	
20000.000000	2.83577e-06	20000.000000	2.05001e-06	20000.000000	9.86219e-07	20000.000000	9.79206e-07	20000.000000	2.05001e-06	20000.000000	7.08768e-12	
21000.000000	3.00437e-06	21000.000000	2.1222e-06	21000.000000	9.91962e-07	21000.000000	9.84994e-07	21000.000000	2.12219e-06	21000.000000	6.76904e-12	
22000.000000	3.17765e-06	22000.000000	2.19426e-06	22000.000000	9.97461e-07	22000.000000	9.90537e-07	22000.000000	2.19425e-06	22000.000000	6.47854e-12	
23000.000000	3.35562e-06	23000.000000	2.2662e-06	23000.000000	1.0027e-06	23000.000000	9.95853e-07	23000.000000	2.26619e-06	23000.000000	6.21257e-12	
24000.000000	3.53829e-06	24000.000000	2.33802e-06	24000.000000	1.00773e-06	24000.000000	1.00096e-06	24000.000000	2.33801e-06	24000.000000	5.96812e-12	
25000.000000	3.72568e-06	25000.000000	2.40972e-06	25000.000000	1.01259e-06	25000.000000	1.00588e-06	25000.000000	2.40971e-06	25000.000000	5.74266e-12	
26000.000000	3.91781e-06	26000.000000	2.48131e-06	26000.000000	1.01727e-06	26000.000000	1.01061e-06	26000.000000	2.4813e-06	26000.000000	5.53404e-12	
27000.000000	4.11469e-06	27000.000000	2.55278e-06	27000.000000	1.02177e-06	27000.000000	1.01518e-06	27000.000000	2.55277e-06	27000.000000	5.34044e-12	
28000.000000	4.31635e-06	28000.000000	2.62414e-06	28000.000000	1.0261e-06	28000.000000	1.01959e-06	28000.000000	2.62413e-06	28000.000000	5.16026e-12	
29000.000000	4.5228e-06	29000.000000	2.69539e-06	29000.000000	1.03029e-06	29000.000000	1.02386e-06	29000.000000	2.69539e-06	29000.000000	4.99215e-12	
30000.000000	4.73407e-06	30000.000000	2.76654e-06	30000.000000	1.03434e-06	30000.000000	1.02799e-06	30000.000000	2.76653e-06	30000.000000	4.83493e-12	
32000.000000	5.17116e-06	32000.000000	2.90851e-06	32000.000000	1.04208e-06	32000.000000	1.03588e-06	32000.000000	2.90851e-06	32000.000000	4.54913e-12	
34000.000000	5.62778e-06	34000.000000	3.05009e-06	34000.000000	1.04935e-06	34000.000000	1.04331e-06	34000.000000	3.05008e-06	34000.000000	4.29602e-12	
36000.000000	6.10412e-06	36000.000000	3.19128e-06	36000.000000	1.05621e-06	36000.000000	1.05033e-06	36000.000000	3.19127e-06	36000.000000	4.07025e-12	
38000.000000	6.6004e-06	38000.000000	3.3321e-06	38000.000000	1.06267e-06	38000.000000	1.05699e-06	38000.000000	3.3321e-06	38000.000000	3.86759e-12	
40000.000000	7.11681e-06	40000.000000	3.47258e-06	40000.000000	1.06878e-06	40000.000000	1.06333e-06	40000.000000	3.47258e-06	40000.000000	3.68463e-12	
42000.000000	7.65355e-06	42000.000000	3.61272e-06	42000.000000	1.0746e-06	42000.000000	1.06936e-06	42000.000000	3.61272e-06	42000.000000	3.51861e-12	
44000.000000	8.21084e-06	44000.000000	3.75254e-06	44000.000000	1.08015e-06	44000.000000	1.07513e-06	44000.000000	3.75254e-06	44000.000000	3.36726e-12	
46000.000000	8.7889e-06	46000.000000	3.89206e-06	46000.000000	1.08546e-06	46000.000000	1.08064e-06	46000.000000	3.89205e-06	46000.000000	3.22871e-12	
48000.000000	9.38793e-06	48000.000000	4.03128e-06	48000.000000	1.09055e-06	48000.000000	1.08593e-06	48000.000000	4.03127e-06	48000.000000	3.10138e-12	
50000.000000	1.00082e-05	50000.000000	4.17021e-06	50000.000000	1.09541e-06	50000.000000	1.09101e-06	50000.000000	4.17021e-06	50000.000000	2.98396e-12	
