*Energy (MeV/u)1	0 - [He-base] F.Hubert et al, AD&ND Tables 46(1990)1	Energy (MeV/u)2	1 - [H -base] J.F.Ziegler et al, Pergamon Press, NY (low energy)	Energy (MeV/u)3	2 - ATIMA 1.2  LS-theory (recommended for high energy)	Energy (MeV/u)4	3 - ATIMA 1.2  without LS-correction	Energy (MeV/u)5	4 - electrical component of [1] - J.F.Ziegler et al	Energy (MeV/u)6	5 - nuclear component of [1] - J.F.Ziegler et al	
0.001000	0.136861  	0.001000	0.126485  	0.001000	0.138861  	0.001000	0.138861  	0.001000	0.07211   	0.001000	0.0543748 	
0.002000	0.1579    	0.002000	0.143403  	0.002000	0.157309  	0.002000	0.157309  	0.002000	0.105575  	0.002000	0.0378277 	
0.005000	0.220321  	0.005000	0.196064  	0.005000	0.210225  	0.005000	0.210225  	0.005000	0.174755  	0.005000	0.0213096 	
0.008000	0.273239  	0.008000	0.241545  	0.008000	0.2542    	0.008000	0.2542    	0.008000	0.226305  	0.008000	0.0152393 	
0.010000	0.304787  	0.010000	0.268838  	0.010000	0.280149  	0.010000	0.280149  	0.010000	0.255856  	0.010000	0.0129822 	
0.015000	0.357735  	0.015000	0.318848  	0.015000	0.322674  	0.015000	0.322674  	0.015000	0.309235  	0.015000	0.00961269	
0.020000	0.399283  	0.020000	0.361362  	0.020000	0.357141  	0.020000	0.357141  	0.020000	0.353643  	0.020000	0.00771925	
0.025000	0.444505  	0.025000	0.400604  	0.025000	0.389687  	0.025000	0.389687  	0.025000	0.394113  	0.025000	0.0064917 	
0.030000	0.481174  	0.030000	0.436099  	0.030000	0.425552  	0.030000	0.425552  	0.030000	0.430474  	0.030000	0.00562511	
0.035000	0.510508  	0.035000	0.468585  	0.035000	0.45892   	0.035000	0.45892   	0.035000	0.463608  	0.035000	0.0049776 	
0.040000	0.533011  	0.040000	0.498647  	0.040000	0.489909  	0.040000	0.489909  	0.040000	0.494174  	0.040000	0.0044737 	
0.045000	0.549045  	0.045000	0.526396  	0.045000	0.518607  	0.045000	0.518607  	0.045000	0.522327  	0.045000	0.00406937	
0.050000	0.559068  	0.050000	0.551926  	0.050000	0.54509   	0.050000	0.54509   	0.050000	0.548189  	0.050000	0.00373711	
0.055000	0.581305  	0.055000	0.575325  	0.055000	0.569433  	0.055000	0.569433  	0.055000	0.571866  	0.055000	0.00345878	
0.060000	0.599796  	0.060000	0.59668   	0.060000	0.591711  	0.060000	0.591711  	0.060000	0.593458  	0.060000	0.00322194	
0.070000	0.626732  	0.070000	0.633618  	0.070000	0.630399  	0.070000	0.630399  	0.070000	0.630778  	0.070000	0.0028397 	
0.080000	0.65561   	0.080000	0.663484  	0.080000	0.661853  	0.080000	0.661853  	0.080000	0.660941  	0.080000	0.00254389	
0.090000	0.676424  	0.090000	0.687058  	0.090000	0.686827  	0.090000	0.686827  	0.090000	0.68475   	0.090000	0.00230761	
0.100000	0.691788  	0.100000	0.705319  	0.100000	0.706099  	0.100000	0.706099  	0.100000	0.703205  	0.100000	0.00211418	
0.120000	0.701542  	0.120000	0.736892  	0.120000	0.730566  	0.120000	0.730566  	0.120000	0.735077  	0.120000	0.00181566	
0.140000	0.703236  	0.140000	0.753374  	0.140000	0.740814  	0.140000	0.740814  	0.140000	0.751779  	0.140000	0.0015953 	
0.160000	0.703292  	0.160000	0.760451  	0.160000	0.741373  	0.160000	0.741373  	0.160000	0.759025  	0.160000	0.00142546	
0.180000	0.702431  	0.180000	0.759373  	0.180000	0.73565   	0.180000	0.73565   	0.180000	0.758082  	0.180000	0.00129027	
0.200000	0.704289  	0.200000	0.756006  	0.200000	0.726078  	0.200000	0.726078  	0.200000	0.754826  	0.200000	0.00117991	
0.250000	0.689874  	0.250000	0.737263  	0.250000	0.694887  	0.250000	0.694887  	0.250000	0.736288  	0.250000	0.000975556	
0.300000	0.68762   	0.300000	0.723558  	0.300000	0.666675  	0.300000	0.666675  	0.300000	0.722724  	0.300000	0.000834499	
0.350000	0.679626  	0.350000	0.702699  	0.350000	0.640361  	0.350000	0.640361  	0.350000	0.701969  	0.350000	0.000730893	
0.400000	0.668152  	0.400000	0.680065  	0.400000	0.615308  	0.400000	0.615308  	0.400000	0.679413  	0.400000	0.000651361	
0.450000	0.653051  	0.450000	0.656081  	0.450000	0.591584  	0.450000	0.591584  	0.450000	0.655492  	0.450000	0.000588263	
0.500000	0.638369  	0.500000	0.634741  	0.500000	0.570222  	0.500000	0.570222  	0.500000	0.634204  	0.500000	0.000536904	
0.600000	0.585848  	0.600000	0.594279  	0.600000	0.533215  	0.600000	0.533215  	0.600000	0.59382   	0.600000	0.000458188	
0.700000	0.533265  	0.700000	0.555957  	0.700000	0.501957  	0.700000	0.501957  	0.700000	0.555556  	0.700000	0.000400536	
0.800000	0.510028  	0.800000	0.528143  	0.800000	0.474882  	0.800000	0.474882  	0.800000	0.527786  	0.800000	0.000356384	
0.900000	0.485271  	0.900000	0.500271  	0.900000	0.450978  	0.900000	0.450978  	0.900000	0.499949  	0.900000	0.000321424	
1.000000	0.4607    	1.000000	0.473491  	1.000000	0.42849   	1.000000	0.42849   	1.000000	0.473198  	1.000000	0.000293015	
1.250000	0.404344  	1.250000	0.414923  	1.250000	0.3822    	1.250000	0.3822    	1.250000	0.414682  	1.250000	0.000240738	
1.500000	0.35106   	1.500000	0.36022   	1.500000	0.34555   	1.500000	0.34555   	1.500000	0.360015  	1.500000	0.000204922	
1.750000	0.312008  	1.750000	0.320715  	1.750000	0.315291  	1.750000	0.315291  	1.750000	0.320536  	1.750000	0.000178769	
2.000000	0.281812  	2.000000	0.290449  	2.000000	0.289763  	2.000000	0.289763  	2.000000	0.29029   	2.000000	0.000158789	
2.250000	0.257972  	2.250000	0.266268  	2.250000	0.26785   	2.250000	0.26785   	2.250000	0.266125  	2.250000	0.000143001	
2.500000	0.230236  	2.500000	0.246341  	2.500000	0.248876  	2.500000	0.248876  	2.500000	0.246211  	2.500000	0.000130194	
3.000000	0.2023    	3.000000	0.215084  	3.000000	0.217789  	3.000000	0.217789  	3.000000	0.214974  	3.000000	0.000110649	
3.500000	0.180773  	3.500000	0.191402  	3.500000	0.193528  	3.500000	0.193528  	3.500000	0.191305  	3.500000	9.64025e-05	
4.000000	0.163646  	4.000000	0.172691  	4.000000	0.174164  	4.000000	0.174164  	4.000000	0.172605  	4.000000	8.55352e-05	
4.500000	0.149678  	4.500000	0.157482  	4.500000	0.158401  	4.500000	0.158401  	4.500000	0.157405  	4.500000	7.69588e-05	
5.000000	0.138056  	5.000000	0.144859  	5.000000	0.145345  	5.000000	0.145345  	5.000000	0.144789  	5.000000	7.00096e-05	
5.500000	0.128224  	5.500000	0.134207  	5.500000	0.134366  	5.500000	0.134366  	5.500000	0.134143  	5.500000	6.42592e-05	
6.000000	0.119793  	6.000000	0.125094  	6.000000	0.125007  	6.000000	0.125007  	6.000000	0.125035  	6.000000	5.94182e-05	
6.500000	0.112479  	6.500000	0.117206  	6.500000	0.116936  	6.500000	0.116936  	6.500000	0.11715   	6.500000	5.52839e-05	
7.000000	0.106069  	7.000000	0.110308  	7.000000	0.109904  	7.000000	0.109904  	7.000000	0.110257  	7.000000	5.17103e-05	
7.500000	0.100404  	7.500000	0.104224  	7.500000	0.103719  	7.500000	0.103719  	7.500000	0.104176  	7.500000	4.85889e-05	
8.000000	0.0953575 	8.000000	0.0988153 	8.000000	0.0982355 	8.000000	0.0982355 	8.000000	0.0987695 	8.000000	4.5838e-05	
8.500000	0.0908327 	8.500000	0.0939734 	8.500000	0.093339  	8.500000	0.093339  	8.500000	0.09393   	8.500000	4.33944e-05	
9.000000	0.0867512 	9.000000	0.0896122 	9.000000	0.088938  	9.000000	0.088938  	9.000000	0.089571  	9.000000	4.12086e-05	
9.500000	0.0830497 	9.500000	0.0856623 	9.500000	0.0849596 	9.500000	0.0849596 	9.500000	0.085623  	9.500000	3.92414e-05	
10.000000	0.0796766 	10.000000	0.0809985 	10.000000	0.0813443 	10.000000	0.0813443 	10.000000	0.080961  	10.000000	3.74611e-05	
11.000000	0.0737525 	11.000000	0.0750668 	11.000000	0.0749567 	11.000000	0.0749685 	11.000000	0.0750325 	11.000000	3.43626e-05	
12.000000	0.0687152 	12.000000	0.0700027 	12.000000	0.069574  	12.000000	0.0695934 	12.000000	0.069971  	12.000000	3.1756e-05	
13.000000	0.0643764 	13.000000	0.0656267 	13.000000	0.0649758 	13.000000	0.0649996 	13.000000	0.0655971 	13.000000	2.95314e-05	
14.000000	0.0605981 	14.000000	0.0618056 	14.000000	0.0610024 	14.000000	0.0610281 	14.000000	0.061778  	14.000000	2.76096e-05	
15.000000	0.0572765 	15.000000	0.058439  	15.000000	0.0575349 	15.000000	0.0575605 	15.000000	0.058413  	15.000000	2.5932e-05	
16.000000	0.0543323 	16.000000	0.0554491 	16.000000	0.054482  	16.000000	0.0545071 	16.000000	0.0554246 	16.000000	2.44542e-05	
17.000000	0.0517035 	17.000000	0.0527751 	17.000000	0.0517739 	17.000000	0.0517985 	17.000000	0.052752  	17.000000	2.31421e-05	
18.000000	0.0493412 	18.000000	0.0503689 	18.000000	0.0493571 	18.000000	0.0493801 	18.000000	0.0503469 	18.000000	2.19689e-05	
19.000000	0.0472062 	19.000000	0.0481915 	19.000000	0.0471874 	19.000000	0.0472084 	19.000000	0.0481706 	19.000000	2.09135e-05	
20.000000	0.0452666 	20.000000	0.0462113 	20.000000	0.0452281 	20.000000	0.0452483 	20.000000	0.0461913 	20.000000	1.99587e-05	
21.000000	0.0434963 	21.000000	0.0444023 	21.000000	0.0434516 	21.000000	0.0434711 	21.000000	0.0443832 	21.000000	1.90906e-05	
22.000000	0.0418736 	22.000000	0.0427428 	22.000000	0.041836  	22.000000	0.0418532 	22.000000	0.0427245 	22.000000	1.82978e-05	
23.000000	0.0403806 	23.000000	0.0412148 	23.000000	0.040361  	23.000000	0.0403747 	23.000000	0.0411973 	23.000000	1.75707e-05	
24.000000	0.039002  	24.000000	0.0398031 	24.000000	0.0390081 	24.000000	0.0390192 	24.000000	0.0397862 	24.000000	1.69015e-05	
25.000000	0.0377248 	25.000000	0.0384946 	25.000000	0.037763  	25.000000	0.0377727 	25.000000	0.0384783 	25.000000	1.62833e-05	
27.000000	0.0354326 	27.000000	0.0361445 	27.000000	0.0355537 	27.000000	0.0355604 	27.000000	0.0361293 	27.000000	1.51781e-05	
29.000000	0.0334328 	29.000000	0.0340929 	29.000000	0.0336581 	29.000000	0.033661  	29.000000	0.0340787 	29.000000	1.42187e-05	
31.000000	0.031672  	31.000000	0.0322855 	31.000000	0.0319513 	31.000000	0.0319505 	31.000000	0.0322722 	31.000000	1.33776e-05	
33.000000	0.0301089 	33.000000	0.0306807 	33.000000	0.0303794 	33.000000	0.0303752 	33.000000	0.0306681 	33.000000	1.26339e-05	
35.000000	0.0287115 	35.000000	0.0292457 	35.000000	0.0289728 	35.000000	0.0289658 	35.000000	0.0292337 	35.000000	1.19716e-05	
38.000000	0.0268717 	38.000000	0.0273563 	38.000000	0.0271192 	38.000000	0.0271086 	38.000000	0.0273452 	38.000000	1.11031e-05	
41.000000	0.0252824 	41.000000	0.0257243 	41.000000	0.0255166 	41.000000	0.025503  	41.000000	0.025714  	41.000000	1.03564e-05	
44.000000	0.0238948 	44.000000	0.0242999 	44.000000	0.0241162 	44.000000	0.0241003 	44.000000	0.0242902 	44.000000	9.70715e-06	
47.000000	0.0226722 	47.000000	0.0230453 	47.000000	0.022882  	47.000000	0.0228637 	47.000000	0.0230362 	47.000000	9.13728e-06	
50.000000	0.0215861 	50.000000	0.0219315 	50.000000	0.0217831 	50.000000	0.0217649 	50.000000	0.0219229 	50.000000	8.63289e-06	
55.000000	0.0200218 	55.000000	0.0203286 	55.000000	0.0202009 	55.000000	0.0201817 	55.000000	0.0203206 	55.000000	7.90949e-06	
60.000000	0.0187009 	60.000000	0.0189768 	60.000000	0.0188655 	60.000000	0.0188449 	60.000000	0.0189695 	60.000000	7.30176e-06	
65.000000	0.0175698 	65.000000	0.0178208 	65.000000	0.0177204 	65.000000	0.0177004 	65.000000	0.0178141 	65.000000	6.78372e-06	
70.000000	0.0165895 	70.000000	0.0168206 	70.000000	0.0167308 	70.000000	0.0167089 	70.000000	0.0168143 	70.000000	6.33669e-06	
75.000000	0.0157312 	75.000000	0.0159463 	75.000000	0.0158621 	75.000000	0.0158413 	75.000000	0.0159403 	75.000000	5.94684e-06	
80.000000	0.014973  	80.000000	0.0151752 	80.000000	0.0150972 	80.000000	0.0150755 	80.000000	0.0151696 	80.000000	5.60375e-06	
85.000000	0.014298  	85.000000	0.01449   	85.000000	0.014415  	85.000000	0.0143944 	85.000000	0.0144847 	85.000000	5.29939e-06	
90.000000	0.0136929 	90.000000	0.0138769 	90.000000	0.0138059 	90.000000	0.0137845 	90.000000	0.0138719 	90.000000	5.02749e-06	
95.000000	0.0131472 	95.000000	0.013325  	95.000000	0.0132555 	95.000000	0.013235  	95.000000	0.0133202 	95.000000	4.78305e-06	
100.000000	0.0126523 	100.000000	0.0128254 	100.000000	0.0127585 	100.000000	0.0127374 	100.000000	0.0128208 	100.000000	4.56208e-06	
105.000000	0.0122013 	105.000000	0.012371  	105.000000	0.0123048 	105.000000	0.0122846 	105.000000	0.0123667 	105.000000	4.3613e-06	
110.000000	0.0117885 	110.000000	0.0119559 	110.000000	0.0118913 	110.000000	0.0118706 	110.000000	0.0119518 	110.000000	4.17805e-06	
115.000000	0.0114091 	115.000000	0.0115752 	115.000000	0.011511  	115.000000	0.0114908 	115.000000	0.0115712 	115.000000	4.01009e-06	
120.000000	0.0110591 	120.000000	0.0112246 	120.000000	0.011161  	120.000000	0.011141  	120.000000	0.0112208 	120.000000	3.85557e-06	
125.000000	0.0107351 	125.000000	0.0109008 	125.000000	0.0108381 	125.000000	0.0108177 	125.000000	0.0108971 	125.000000	3.71292e-06	
130.000000	0.0104343 	130.000000	0.0106008 	130.000000	0.0105377 	130.000000	0.010518  	130.000000	0.0105972 	130.000000	3.58081e-06	
135.000000	0.0101541 	135.000000	0.010322  	135.000000	0.0102583 	135.000000	0.0102395 	135.000000	0.0103185 	135.000000	3.45809e-06	
140.000000	0.0098926 	140.000000	0.0100622 	140.000000	0.00999892	140.000000	0.00997993	140.000000	0.0100588 	140.000000	3.34379e-06	
145.000000	0.00964781	145.000000	0.0098195 	145.000000	0.00975659	145.000000	0.00973742	145.000000	0.00981626	145.000000	3.23707e-06	
150.000000	0.00941816	150.000000	0.00959231	150.000000	0.00952891	150.000000	0.00951035	150.000000	0.00958918	150.000000	3.13717e-06	
155.000000	0.00909482	155.000000	0.00937917	155.000000	0.00931595	155.000000	0.00929728	155.000000	0.00937613	155.000000	3.04347e-06	
160.000000	0.0089053 	160.000000	0.0091788 	160.000000	0.00911581	160.000000	0.00909696	160.000000	0.00917585	160.000000	2.95539e-06	
165.000000	0.00872657	165.000000	0.00899008	165.000000	0.00892659	165.000000	0.00890828	165.000000	0.00898721	165.000000	2.87245e-06	
170.000000	0.00855774	170.000000	0.00881203	170.000000	0.0087485 	170.000000	0.00873024	170.000000	0.00880923	170.000000	2.79418e-06	
175.000000	0.008398  	175.000000	0.00864375	175.000000	0.00858052	175.000000	0.00856198	175.000000	0.00864103	175.000000	2.72022e-06	
180.000000	0.0082466 	180.000000	0.00848446	180.000000	0.008421  	180.000000	0.00840271	180.000000	0.00848181	180.000000	2.65021e-06	
185.000000	0.00810292	185.000000	0.00833347	185.000000	0.00826947	185.000000	0.00825172	185.000000	0.00833088	185.000000	2.58383e-06	
190.000000	0.00796637	190.000000	0.00819013	190.000000	0.00812571	190.000000	0.0081084 	190.000000	0.00818761	190.000000	2.5208e-06	
195.000000	0.00783642	195.000000	0.00805388	195.000000	0.00798949	195.000000	0.00797218	195.000000	0.00805142	195.000000	2.46089e-06	
200.000000	0.0077126 	200.000000	0.0079242 	200.000000	0.00786009	200.000000	0.00784254	200.000000	0.0079218 	200.000000	2.40385e-06	
210.000000	0.00748169	210.000000	0.00768277	210.000000	0.00761824	210.000000	0.00760119	210.000000	0.00768047	210.000000	2.29762e-06	
220.000000	0.00727064	220.000000	0.00746259	220.000000	0.00739836	220.000000	0.00738115	220.000000	0.00746039	220.000000	2.20067e-06	
230.000000	0.00707698	230.000000	0.00726099	230.000000	0.00719664	230.000000	0.00717972	230.000000	0.00725888	230.000000	2.11184e-06	
240.000000	0.00689864	240.000000	0.00707572	240.000000	0.0070109 	240.000000	0.00699467	240.000000	0.00707369	240.000000	2.03013e-06	
250.000000	0.00673385	250.000000	0.00690488	250.000000	0.00684041	250.000000	0.0068241 	250.000000	0.00690293	250.000000	1.95471e-06	
260.000000	0.00658113	260.000000	0.00674687	260.000000	0.00668264	260.000000	0.00666639	260.000000	0.00674498	260.000000	1.88488e-06	
270.000000	0.00643918	270.000000	0.00660029	270.000000	0.00653605	270.000000	0.00652016	270.000000	0.00659847	270.000000	1.82002e-06	
280.000000	0.00630692	280.000000	0.00646398	280.000000	0.00640035	280.000000	0.00638422	280.000000	0.00646222	280.000000	1.75962e-06	
290.000000	0.00618338	290.000000	0.00633689	290.000000	0.0062734 	290.000000	0.00625754	290.000000	0.00633518	290.000000	1.70323e-06	
300.000000	0.00606773	300.000000	0.00621813	300.000000	0.00615458	300.000000	0.00613922	300.000000	0.00621648	300.000000	1.65046e-06	
310.000000	0.00595924	310.000000	0.00610693	310.000000	0.00604366	310.000000	0.00602848	310.000000	0.00610533	310.000000	1.60097e-06	
320.000000	0.00585727	320.000000	0.00600259	320.000000	0.00593999	320.000000	0.00592462	320.000000	0.00600103	320.000000	1.55446e-06	
330.000000	0.00576126	330.000000	0.00590451	330.000000	0.00584233	330.000000	0.00582705	330.000000	0.005903  	330.000000	1.51066e-06	
340.000000	0.00567071	340.000000	0.00581216	340.000000	0.00575012	340.000000	0.00573522	340.000000	0.00581069	340.000000	1.46934e-06	
350.000000	0.00558516	350.000000	0.00572506	350.000000	0.00566322	350.000000	0.00564866	350.000000	0.00572363	350.000000	1.43029e-06	
360.000000	0.00550423	360.000000	0.00564279	360.000000	0.00558149	360.000000	0.00556693	360.000000	0.00564139	360.000000	1.39333e-06	
370.000000	0.00542755	370.000000	0.00556496	370.000000	0.00550437	370.000000	0.00548965	370.000000	0.0055636 	370.000000	1.3583e-06	
380.000000	0.00535481	380.000000	0.00549124	380.000000	0.00543105	380.000000	0.00541649	380.000000	0.00548991	380.000000	1.32504e-06	
390.000000	0.00528572	390.000000	0.00542131	390.000000	0.00536144	390.000000	0.00534712	390.000000	0.00542002	390.000000	1.29343e-06	
400.000000	0.00522001	400.000000	0.00535491	400.000000	0.00529565	400.000000	0.00528129	400.000000	0.00535365	400.000000	1.26333e-06	
410.000000	0.00515746	410.000000	0.00529178	410.000000	0.00523321	410.000000	0.00521872	410.000000	0.00529055	410.000000	1.23466e-06	
420.000000	0.00509784	420.000000	0.0052317 	420.000000	0.00517359	420.000000	0.0051592 	420.000000	0.00523049	420.000000	1.20729e-06	
430.000000	0.00504097	430.000000	0.00517446	430.000000	0.00511665	430.000000	0.00510252	430.000000	0.00517328	430.000000	1.18115e-06	
440.000000	0.00498666	440.000000	0.00511987	440.000000	0.005062  	440.000000	0.00504812	440.000000	0.00511871	440.000000	1.15616e-06	
450.000000	0.00493475	450.000000	0.00506775	450.000000	0.00500971	450.000000	0.00499599	450.000000	0.00506662	450.000000	1.13224e-06	
460.000000	0.0048851 	460.000000	0.00501796	460.000000	0.00495995	460.000000	0.0049462 	460.000000	0.00501685	460.000000	1.10932e-06	
470.000000	0.00483756	470.000000	0.00497035	470.000000	0.00491246	470.000000	0.00489861	470.000000	0.00496927	470.000000	1.08734e-06	
480.000000	0.00479201	480.000000	0.00492479	480.000000	0.00486695	480.000000	0.00485308	480.000000	0.00492372	480.000000	1.06624e-06	
490.000000	0.00474834	490.000000	0.00488115	490.000000	0.00482324	490.000000	0.00480948	490.000000	0.0048801 	490.000000	1.04597e-06	
500.000000	0.00470643	500.000000	0.00483932	500.000000	0.00478127	500.000000	0.00476772	500.000000	0.0048383 	500.000000	1.02648e-06	
520.000000	0.00462754	520.000000	0.0047607 	520.000000	0.00470245	520.000000	0.00468924	520.000000	0.00475971	520.000000	9.89675e-07	
540.000000	0.00455463	540.000000	0.00468818	540.000000	0.00463014	540.000000	0.00461689	540.000000	0.00468723	540.000000	9.55497e-07	
560.000000	0.00448708	560.000000	0.00462113	560.000000	0.00456334	560.000000	0.00455002	560.000000	0.00462021	560.000000	9.23673e-07	
580.000000	0.00442438	580.000000	0.00455899	580.000000	0.00450114	580.000000	0.00448808	580.000000	0.0045581 	580.000000	8.93967e-07	
600.000000	0.00436606	600.000000	0.0045013 	600.000000	0.0044436 	600.000000	0.00443057	600.000000	0.00450043	600.000000	8.6617e-07	
620.000000	0.00431173	620.000000	0.00444762	620.000000	0.00439021	620.000000	0.00437707	620.000000	0.00444678	620.000000	8.40103e-07	
640.000000	0.00426101	640.000000	0.0043976 	640.000000	0.00434024	640.000000	0.00432721	640.000000	0.00439678	640.000000	8.15608e-07	
660.000000	0.00421362	660.000000	0.0043509 	660.000000	0.00429343	660.000000	0.00428065	660.000000	0.00435011	660.000000	7.92545e-07	
680.000000	0.00416925	680.000000	0.00430725	680.000000	0.00424969	680.000000	0.00423712	680.000000	0.00430648	680.000000	7.7079e-07	
700.000000	0.00412768	700.000000	0.00426639	700.000000	0.00420885	700.000000	0.00419634	700.000000	0.00426564	700.000000	7.50235e-07	
720.000000	0.00408868	720.000000	0.00422808	720.000000	0.00417068	720.000000	0.00415809	720.000000	0.00422735	720.000000	7.30782e-07	
740.000000	0.00405205	740.000000	0.00419214	740.000000	0.00413481	740.000000	0.00412216	740.000000	0.00419143	740.000000	7.12343e-07	
760.000000	0.00401761	760.000000	0.00415838	760.000000	0.00410093	760.000000	0.00408837	760.000000	0.00415769	760.000000	6.94841e-07	
780.000000	0.00398522	780.000000	0.00412663	780.000000	0.00406895	780.000000	0.00405656	780.000000	0.00412595	780.000000	6.78204e-07	
800.000000	0.00395471	800.000000	0.00409675	800.000000	0.00403879	800.000000	0.00402657	800.000000	0.00409609	800.000000	6.62371e-07	
820.000000	0.00392596	820.000000	0.0040686 	820.000000	0.00401037	820.000000	0.00399827	820.000000	0.00406795	820.000000	6.47282e-07	
840.000000	0.00389885	840.000000	0.00404207	840.000000	0.0039836 	840.000000	0.00397154	840.000000	0.00404143	840.000000	6.32887e-07	
860.000000	0.00387328	860.000000	0.00401703	860.000000	0.00395837	860.000000	0.00394626	860.000000	0.00401641	860.000000	6.19139e-07	
880.000000	0.00384915	880.000000	0.0039934 	880.000000	0.00393451	880.000000	0.00392234	880.000000	0.0039928 	880.000000	6.05993e-07	
900.000000	0.00382635	900.000000	0.00397109	900.000000	0.00391187	900.000000	0.00389969	900.000000	0.00397049	900.000000	5.93412e-07	
920.000000	0.00380482	920.000000	0.00394999	920.000000	0.00389033	920.000000	0.00387821	920.000000	0.00394941	920.000000	5.81358e-07	
940.000000	0.00378448	940.000000	0.00393006	940.000000	0.00386985	940.000000	0.00385784	940.000000	0.00392949	940.000000	5.69799e-07	
960.000000	0.00376525	960.000000	0.0039112 	960.000000	0.00385039	960.000000	0.00383849	960.000000	0.00391064	960.000000	5.58706e-07	
980.000000	0.00374708	980.000000	0.00389335	980.000000	0.0038319 	980.000000	0.00382012	980.000000	0.00389281	980.000000	5.48049e-07	
1000.000000	0.00372989	1000.000000	0.00387647	1000.000000	0.00381434	1000.000000	0.00380265	1000.000000	0.00387593	1000.000000	5.37804e-07	
1020.000000	0.00371365	1020.000000	0.00386048	1020.000000	0.00379768	1020.000000	0.00378603	1020.000000	0.00385996	1020.000000	5.27947e-07	
1040.000000	0.00369829	1040.000000	0.00384535	1040.000000	0.00378186	1040.000000	0.00377022	1040.000000	0.00384483	1040.000000	5.18456e-07	
1060.000000	0.00368377	1060.000000	0.00383102	1060.000000	0.00376684	1060.000000	0.00375516	1060.000000	0.00383051	1060.000000	5.0931e-07	
1080.000000	0.00367005	1080.000000	0.00381745	1080.000000	0.00375254	1080.000000	0.00374081	1080.000000	0.00381695	1080.000000	5.00492e-07	
1100.000000	0.00365708	1100.000000	0.0038046 	1100.000000	0.00373889	1100.000000	0.00372713	1100.000000	0.0038041 	1100.000000	4.91983e-07	
1120.000000	0.00364483	1120.000000	0.00379242	1120.000000	0.00372582	1120.000000	0.00371408	1120.000000	0.00379194	1120.000000	4.83768e-07	
1140.000000	0.00363326	1140.000000	0.0037809 	1140.000000	0.00371331	1140.000000	0.00370163	1140.000000	0.00378042	1140.000000	4.75831e-07	
1160.000000	0.00362235	1160.000000	0.00376999	1160.000000	0.00370136	1160.000000	0.00368974	1160.000000	0.00376952	1160.000000	4.68158e-07	
1180.000000	0.00361204	1180.000000	0.00375966	1180.000000	0.00368994	1180.000000	0.00367839	1180.000000	0.0037592 	1180.000000	4.60737e-07	
1200.000000	0.00360233	1200.000000	0.00374988	1200.000000	0.00367905	1200.000000	0.00366755	1200.000000	0.00374943	1200.000000	4.53554e-07	
1220.000000	0.00359318	1220.000000	0.00374064	1220.000000	0.00366868	1220.000000	0.00365719	1220.000000	0.00374019	1220.000000	4.46599e-07	
1240.000000	0.00358457	1240.000000	0.00373189	1240.000000	0.0036588 	1240.000000	0.00364728	1240.000000	0.00373145	1240.000000	4.3986e-07	
1260.000000	0.00357647	1260.000000	0.00372362	1260.000000	0.00364936	1260.000000	0.00363781	1260.000000	0.00372319	1260.000000	4.33328e-07	
1280.000000	0.00356886	1280.000000	0.00371582	1280.000000	0.00364033	1280.000000	0.00362875	1280.000000	0.00371539	1280.000000	4.26994e-07	
1300.000000	0.00356172	1300.000000	0.00370844	1300.000000	0.00363168	1300.000000	0.00362008	1300.000000	0.00370802	1300.000000	4.20847e-07	
1320.000000	0.00355503	1320.000000	0.00370148	1320.000000	0.00362339	1320.000000	0.00361178	1320.000000	0.00370107	1320.000000	4.14881e-07	
1340.000000	0.00354877	1340.000000	0.00369493	1340.000000	0.00361543	1340.000000	0.00360384	1340.000000	0.00369452	1340.000000	4.09086e-07	
1360.000000	0.00354293	1360.000000	0.00368875	1360.000000	0.00360779	1360.000000	0.00359623	1360.000000	0.00368834	1360.000000	4.03456e-07	
1380.000000	0.00353748	1380.000000	0.00368294	1380.000000	0.00360047	1380.000000	0.00358894	1380.000000	0.00368254	1380.000000	3.97984e-07	
1400.000000	0.00353241	1400.000000	0.00367747	1400.000000	0.00359344	1400.000000	0.00358197	1400.000000	0.00367708	1400.000000	3.92663e-07	
1420.000000	0.0035277 	1420.000000	0.00367234	1420.000000	0.0035867 	1420.000000	0.00357528	1420.000000	0.00367195	1420.000000	3.87486e-07	
1440.000000	0.00352335	1440.000000	0.00366753	1440.000000	0.00358024	1440.000000	0.00356887	1440.000000	0.00366715	1440.000000	3.82448e-07	
1460.000000	0.00351934	1460.000000	0.00366303	1460.000000	0.00357405	1460.000000	0.00356273	1460.000000	0.00366266	1460.000000	3.77544e-07	
1480.000000	0.00351565	1480.000000	0.00365883	1480.000000	0.00356812	1480.000000	0.00355685	1480.000000	0.00365846	1480.000000	3.72768e-07	
1500.000000	0.00351228	1500.000000	0.00365491	1500.000000	0.00356243	1500.000000	0.00355121	1500.000000	0.00365454	1500.000000	3.68115e-07	
1520.000000	0.00350921	1520.000000	0.00365126	1520.000000	0.00355699	1520.000000	0.0035458 	1520.000000	0.0036509 	1520.000000	3.6358e-07	
1540.000000	0.00350643	1540.000000	0.00364788	1540.000000	0.00355177	1540.000000	0.00354061	1540.000000	0.00364752	1540.000000	3.59159e-07	
1560.000000	0.00350393	1560.000000	0.00364474	1560.000000	0.00354678	1560.000000	0.00353564	1560.000000	0.00364439	1560.000000	3.54848e-07	
1580.000000	0.0035017 	1580.000000	0.00364185	1580.000000	0.003542  	1580.000000	0.00353088	1580.000000	0.0036415 	1580.000000	3.50642e-07	
1600.000000	0.00349974	1600.000000	0.0036392 	1600.000000	0.00353742	1600.000000	0.0035263 	1600.000000	0.00363885	1600.000000	3.46537e-07	
1620.000000	0.00349802	1620.000000	0.00363677	1620.000000	0.00353304	1620.000000	0.00352192	1620.000000	0.00363642	1620.000000	3.42531e-07	
1640.000000	0.00349656	1640.000000	0.00363455	1640.000000	0.00352885	1640.000000	0.00351772	1640.000000	0.00363422	1640.000000	3.38619e-07	
1660.000000	0.00349532	1660.000000	0.00363255	1660.000000	0.00352483	1660.000000	0.00351369	1660.000000	0.00363222	1660.000000	3.34798e-07	
1680.000000	0.00349432	1680.000000	0.00363075	1680.000000	0.00352099	1680.000000	0.00350983	1680.000000	0.00363042	1680.000000	3.31065e-07	
1700.000000	0.00349354	1700.000000	0.00362914	1700.000000	0.0035173 	1700.000000	0.00350613	1700.000000	0.00362882	1700.000000	3.27416e-07	
1750.000000	0.00349251	1750.000000	0.00362594	1750.000000	0.00350873	1750.000000	0.00349753	1750.000000	0.00362562	1750.000000	3.18649e-07	
1800.000000	0.00349272	1800.000000	0.00362381	1800.000000	0.00350102	1800.000000	0.0034898 	1800.000000	0.0036235 	1800.000000	3.10352e-07	
1850.000000	0.00349408	1850.000000	0.00362268	1850.000000	0.00349405	1850.000000	0.00348285	1850.000000	0.00362238	1850.000000	3.02489e-07	
1900.000000	0.0034965 	1900.000000	0.00362246	1900.000000	0.00348779	1900.000000	0.00347663	1900.000000	0.00362217	1900.000000	2.95026e-07	
1950.000000	0.00349992	1950.000000	0.00362309	1950.000000	0.00348216	1950.000000	0.00347105	1950.000000	0.0036228 	1950.000000	2.87933e-07	
2000.000000	0.00350426	2000.000000	0.0036245 	2000.000000	0.00347712	2000.000000	0.00346607	2000.000000	0.00362422	2000.000000	2.81183e-07	
2100.000000	0.00351548	2100.000000	0.00362945	2100.000000	0.00346863	2100.000000	0.0034577 	2100.000000	0.00362918	2100.000000	2.68617e-07	
2200.000000	0.00352975	2200.000000	0.00363691	2200.000000	0.003462  	2200.000000	0.00345116	2200.000000	0.00363665	2200.000000	2.57157e-07	
2300.000000	0.0035467 	2300.000000	0.00364656	2300.000000	0.00345695	2300.000000	0.00344617	2300.000000	0.00364631	2300.000000	2.46661e-07	
2400.000000	0.00356606	2400.000000	0.00365811	2400.000000	0.00345324	2400.000000	0.00344248	2400.000000	0.00365787	2400.000000	2.37012e-07	
2500.000000	0.00358756	2500.000000	0.00367134	2500.000000	0.00345068	2500.000000	0.00343991	2500.000000	0.00367112	2500.000000	2.2811e-07	
2600.000000	0.00361101	2600.000000	0.00368606	2600.000000	0.00344909	2600.000000	0.00343829	2600.000000	0.00368584	2600.000000	2.19871e-07	
2700.000000	0.00363621	2700.000000	0.0037021 	2700.000000	0.00344832	2700.000000	0.00343748	2700.000000	0.00370189	2700.000000	2.12223e-07	
2800.000000	0.00366301	2800.000000	0.00371931	2800.000000	0.00344823	2800.000000	0.00343738	2800.000000	0.00371911	2800.000000	2.05104e-07	
2900.000000	0.00369127	2900.000000	0.00373757	2900.000000	0.00344873	2900.000000	0.00343787	2900.000000	0.00373738	2900.000000	1.9846e-07	
3000.000000	0.00372087	3000.000000	0.00375678	3000.000000	0.00344973	3000.000000	0.00343889	3000.000000	0.00375659	3000.000000	1.92245e-07	
3200.000000	0.00378372	3200.000000	0.00379767	3200.000000	0.003453  	3200.000000	0.00344221	3200.000000	0.00379749	3200.000000	1.80945e-07	
3400.000000	0.00385086	3400.000000	0.00384135	3400.000000	0.00345761	3400.000000	0.00344688	3400.000000	0.00384118	3400.000000	1.70933e-07	
3600.000000	0.00392174	3600.000000	0.00388735	3600.000000	0.00346323	3600.000000	0.00345256	3600.000000	0.00388719	3600.000000	1.61999e-07	
3800.000000	0.00399594	3800.000000	0.00393529	3800.000000	0.00346962	3800.000000	0.003459  	3800.000000	0.00393514	3800.000000	1.53977e-07	
4000.000000	0.0040731 	4000.000000	0.00398486	4000.000000	0.00347659	4000.000000	0.003466  	4000.000000	0.00398472	4000.000000	1.46732e-07	
4200.000000	0.00415295	4200.000000	0.00403582	4200.000000	0.00348397	4200.000000	0.00347342	4200.000000	0.00403568	4200.000000	1.40157e-07	
4400.000000	0.00423525	4400.000000	0.00408796	4400.000000	0.00349166	4400.000000	0.00348113	4400.000000	0.00408783	4400.000000	1.34161e-07	
4600.000000	0.0043198 	4600.000000	0.00414113	4600.000000	0.00349955	4600.000000	0.00348905	4600.000000	0.004141  	4600.000000	1.2867e-07	
4800.000000	0.00440644	4800.000000	0.00419517	4800.000000	0.00350758	4800.000000	0.0034971 	4800.000000	0.00419505	4800.000000	1.23623e-07	
5000.000000	0.00449504	5000.000000	0.00424998	5000.000000	0.0035157 	5000.000000	0.00350523	5000.000000	0.00424987	5000.000000	1.18967e-07	
5250.000000	0.00460835	5250.000000	0.00431943	5250.000000	0.00352589	5250.000000	0.00351544	5250.000000	0.00431932	5250.000000	1.13632e-07	
5500.000000	0.00472435	5500.000000	0.00438976	5500.000000	0.00353608	5500.000000	0.00352565	5500.000000	0.00438965	5500.000000	1.08766e-07	
6000.000000	0.00496375	6000.000000	0.00453258	6000.000000	0.00355625	6000.000000	0.00354585	6000.000000	0.00453248	6000.000000	1.00216e-07	
6500.000000	0.00521225	6500.000000	0.00467763	6500.000000	0.00357595	6500.000000	0.00356558	6500.000000	0.00467754	6500.000000	9.29438e-08	
7000.000000	0.00546912	7000.000000	0.00482435	7000.000000	0.00359506	7000.000000	0.0035847 	7000.000000	0.00482426	7000.000000	8.66801e-08	
7500.000000	0.00573383	7500.000000	0.00497232	7500.000000	0.00361349	7500.000000	0.00360316	7500.000000	0.00497224	7500.000000	8.12274e-08	
8000.000000	0.00600598	8000.000000	0.00512125	8000.000000	0.00363128	8000.000000	0.00362092	8000.000000	0.00512117	8000.000000	7.64366e-08	
8500.000000	0.00628526	8500.000000	0.00527089	8500.000000	0.0036483 	8500.000000	0.00363801	8500.000000	0.00527082	8500.000000	7.21931e-08	
9000.000000	0.00657142	9000.000000	0.00542108	9000.000000	0.00366457	9000.000000	0.00365442	9000.000000	0.00542101	9000.000000	6.84074e-08	
9500.000000	0.00686428	9500.000000	0.00557168	9500.000000	0.00368024	9500.000000	0.00367019	9500.000000	0.00557162	9500.000000	6.50087e-08	
10000.000000	0.00716369	10000.000000	0.00572259	10000.000000	0.00369537	10000.000000	0.00368534	10000.000000	0.00572253	10000.000000	6.194e-08 	
11000.000000	0.00778168	11000.000000	0.006025  	11000.000000	0.00372397	11000.000000	0.00371393	11000.000000	0.00602494	11000.000000	5.66162e-08	
12000.000000	0.00842468	12000.000000	0.00632782	12000.000000	0.00375041	12000.000000	0.00374044	12000.000000	0.00632777	12000.000000	5.21551e-08	
13000.000000	0.00909219	13000.000000	0.00663075	13000.000000	0.00377493	13000.000000	0.0037651 	13000.000000	0.0066307 	13000.000000	4.83614e-08	
14000.000000	0.0097839 	14000.000000	0.00693357	14000.000000	0.00379778	14000.000000	0.0037881 	14000.000000	0.00693353	14000.000000	4.50946e-08	
15000.000000	0.0104996 	15000.000000	0.00723615	15000.000000	0.00381916	15000.000000	0.00380964	15000.000000	0.00723611	15000.000000	4.22513e-08	
16000.000000	0.0112391 	16000.000000	0.00753839	16000.000000	0.00383925	16000.000000	0.00382987	16000.000000	0.00753835	16000.000000	3.97535e-08	
17000.000000	0.0120024 	17000.000000	0.00784023	17000.000000	0.00385819	17000.000000	0.00384891	17000.000000	0.0078402 	17000.000000	3.75414e-08	
18000.000000	0.0127894 	18000.000000	0.00814163	18000.000000	0.00387611	18000.000000	0.0038669 	18000.000000	0.0081416 	18000.000000	3.55683e-08	
19000.000000	0.0136002 	19000.000000	0.00844257	19000.000000	0.0038931 	19000.000000	0.00388393	19000.000000	0.00844253	19000.000000	3.37971e-08	
20000.000000	0.0144346 	20000.000000	0.00874302	20000.000000	0.00390924	20000.000000	0.00390009	20000.000000	0.00874298	20000.000000	3.21982e-08	
21000.000000	0.0152928 	21000.000000	0.00904297	21000.000000	0.00392455	21000.000000	0.00391546	21000.000000	0.00904294	21000.000000	3.07473e-08	
22000.000000	0.0161749 	22000.000000	0.00934244	22000.000000	0.00393902	22000.000000	0.00393011	22000.000000	0.00934241	22000.000000	2.94246e-08	
23000.000000	0.0170808 	23000.000000	0.00964141	23000.000000	0.00395283	23000.000000	0.00394409	23000.000000	0.00964138	23000.000000	2.82137e-08	
24000.000000	0.0180106 	24000.000000	0.00993989	24000.000000	0.00396607	24000.000000	0.00395747	24000.000000	0.00993986	24000.000000	2.7101e-08	
25000.000000	0.0189644 	25000.000000	0.0102379 	25000.000000	0.00397875	25000.000000	0.00397029	25000.000000	0.0102379 	25000.000000	2.60748e-08	
26000.000000	0.0199424 	26000.000000	0.0105354 	26000.000000	0.00399087	26000.000000	0.00398258	26000.000000	0.0105354 	26000.000000	2.51254e-08	
27000.000000	0.0209446 	27000.000000	0.0108325 	27000.000000	0.00400248	27000.000000	0.0039944 	27000.000000	0.0108324 	27000.000000	2.42444e-08	
28000.000000	0.0219711 	28000.000000	0.0111291 	28000.000000	0.00401363	28000.000000	0.00400577	28000.000000	0.011129  	28000.000000	2.34245e-08	
29000.000000	0.023022  	29000.000000	0.0114252 	29000.000000	0.00402439	29000.000000	0.00401673	29000.000000	0.0114252 	29000.000000	2.26597e-08	
30000.000000	0.0240974 	30000.000000	0.0117209 	30000.000000	0.00403479	30000.000000	0.00402729	30000.000000	0.0117209 	30000.000000	2.19444e-08	
32000.000000	0.0263222 	32000.000000	0.012311  	32000.000000	0.00405451	32000.000000	0.00404736	32000.000000	0.012311  	32000.000000	2.06443e-08	
34000.000000	0.0286465 	34000.000000	0.0128995 	34000.000000	0.0040729 	34000.000000	0.00406616	34000.000000	0.0128995 	34000.000000	1.94932e-08	
36000.000000	0.0310712 	36000.000000	0.0134864 	36000.000000	0.00409013	36000.000000	0.00408382	36000.000000	0.0134864 	36000.000000	1.84665e-08	
38000.000000	0.0335973 	38000.000000	0.0140718 	38000.000000	0.00410633	38000.000000	0.00410047	38000.000000	0.0140717 	38000.000000	1.7545e-08	
40000.000000	0.0362259 	40000.000000	0.0146557 	40000.000000	0.00412163	40000.000000	0.00411623	40000.000000	0.0146557 	40000.000000	1.67132e-08	
42000.000000	0.0389581 	42000.000000	0.0152382 	42000.000000	0.00413611	42000.000000	0.00413117	42000.000000	0.0152382 	42000.000000	1.59585e-08	
44000.000000	0.0417948 	44000.000000	0.0158194 	44000.000000	0.00414984	44000.000000	0.00414537	44000.000000	0.0158194 	44000.000000	1.52705e-08	
46000.000000	0.0447372 	46000.000000	0.0163994 	46000.000000	0.0041629 	46000.000000	0.00415891	46000.000000	0.0163994 	46000.000000	1.46408e-08	
48000.000000	0.0477864 	48000.000000	0.0169781 	48000.000000	0.00417534	48000.000000	0.00417184	48000.000000	0.0169781 	48000.000000	1.40622e-08	
50000.000000	0.0509435 	50000.000000	0.0175556 	50000.000000	0.00418718	50000.000000	0.00418421	50000.000000	0.0175556 	50000.000000	1.35287e-08	
