*Energy (MeV/u)1	0 - [He-base] F.Hubert et al, AD&ND Tables 46(1990)1	Energy (MeV/u)2	1 - [H -base] J.F.Ziegler et al, Pergamon Press, NY (low energy)	Energy (MeV/u)3	2 - ATIMA 1.2  LS-theory (recommended for high energy)	Energy (MeV/u)4	3 - ATIMA 1.2  without LS-correction	Energy (MeV/u)5	4 - electrical component of [1] - J.F.Ziegler et al	Energy (MeV/u)6	5 - nuclear component of [1] - J.F.Ziegler et al	
0.001000	0.57282   	0.001000	0.28913   	0.001000	0.28854   	0.001000	0.28854   	0.001000	0.140443  	0.001000	0.148686  	
0.002000	0.61964   	0.002000	0.317373  	0.002000	0.320625  	0.002000	0.320625  	0.002000	0.19453   	0.002000	0.122843  	
0.005000	0.73992   	0.005000	0.382189  	0.005000	0.395669  	0.005000	0.395669  	0.005000	0.299239  	0.005000	0.0829506 	
0.008000	0.837465  	0.008000	0.437543  	0.008000	0.459892  	0.008000	0.459892  	0.008000	0.373211  	0.008000	0.0643329 	
0.010000	0.893821  	0.010000	0.470906  	0.010000	0.498676  	0.010000	0.498676  	0.010000	0.414478  	0.010000	0.0564275 	
0.015000	1.02872   	0.015000	0.5453    	0.015000	0.585448  	0.015000	0.585448  	0.015000	0.501493  	0.015000	0.043807  	
0.020000	1.13327   	0.020000	0.611415  	0.020000	0.679324  	0.020000	0.679324  	0.020000	0.575186  	0.020000	0.0362287 	
0.025000	1.25253   	0.025000	0.678468  	0.025000	0.774618  	0.025000	0.774618  	0.025000	0.647364  	0.025000	0.0311036 	
0.030000	1.35534   	0.030000	0.742192  	0.030000	0.841139  	0.030000	0.841139  	0.030000	0.714817  	0.030000	0.0273753 	
0.035000	1.43985   	0.035000	0.801739  	0.035000	0.901307  	0.035000	0.901307  	0.035000	0.777437  	0.035000	0.0243013 	
0.040000	1.50651   	0.040000	0.856918  	0.040000	0.95601   	0.040000	0.95601   	0.040000	0.83485   	0.040000	0.0220673 	
0.045000	1.55605   	0.045000	0.907863  	0.045000	1.00541   	0.045000	1.00541   	0.045000	0.887618  	0.045000	0.0202454 	
0.050000	1.58946   	0.050000	0.954994  	0.050000	1.04991   	0.050000	1.04991   	0.050000	0.936266  	0.050000	0.0187281 	
0.055000	1.65819   	0.055000	0.994397  	0.055000	1.08995   	0.055000	1.08995   	0.055000	0.976955  	0.055000	0.0174427 	
0.060000	1.73122   	0.060000	1.03224   	0.060000	1.12593   	0.060000	1.12593   	0.060000	1.0159    	0.060000	0.0163383 	
0.070000	1.85042   	0.070000	1.11632   	0.070000	1.18734   	0.070000	1.18734   	0.070000	1.10179   	0.070000	0.0145343 	
0.080000	1.97421   	0.080000	1.18766   	0.080000	1.23712   	0.080000	1.23712   	0.080000	1.17454   	0.080000	0.0131193 	
0.090000	2.07277   	0.090000	1.2507    	0.090000	1.27784   	0.090000	1.27784   	0.090000	1.23873   	0.090000	0.0119767 	
0.100000	2.15169   	0.100000	1.30752   	0.100000	1.31158   	0.100000	1.31158   	0.100000	1.29649   	0.100000	0.0110326 	
0.120000	2.2039    	0.120000	1.36882   	0.120000	1.36422   	0.120000	1.36422   	0.120000	1.35926   	0.120000	0.00955961	
0.140000	2.22402   	0.140000	1.41075   	0.140000	1.40386   	0.140000	1.40386   	0.140000	1.40229   	0.140000	0.008459  	
0.160000	2.23777   	0.160000	1.44605   	0.160000	1.43535   	0.160000	1.43535   	0.160000	1.43845   	0.160000	0.00760253	
0.180000	2.25217   	0.180000	1.47646   	0.180000	1.46132   	0.180000	1.46132   	0.180000	1.46955   	0.180000	0.00691532	
0.200000	2.27391   	0.200000	1.50459   	0.200000	1.48322   	0.200000	1.48322   	0.200000	1.49824   	0.200000	0.0063506 	
0.250000	2.27609   	0.250000	1.54916   	0.250000	1.52489   	0.250000	1.52489   	0.250000	1.54387   	0.250000	0.00529535	
0.300000	2.2791    	0.300000	1.57044   	0.300000	1.55264   	0.300000	1.55264   	0.300000	1.56588   	0.300000	0.00455909	
0.350000	2.29766   	0.350000	1.58695   	0.350000	1.57      	0.350000	1.57      	0.350000	1.58294   	0.350000	0.00401381	
0.400000	2.33408   	0.400000	1.61223   	0.400000	1.57937   	0.400000	1.57937   	0.400000	1.60864   	0.400000	0.00359245	
0.450000	2.35511   	0.450000	1.62198   	0.450000	1.58881   	0.450000	1.58881   	0.450000	1.61873   	0.450000	0.00325629	
0.500000	2.3652    	0.500000	1.62169   	0.500000	1.59949   	0.500000	1.59949   	0.500000	1.61871   	0.500000	0.00298139	
0.600000	2.26863   	0.600000	1.61624   	0.600000	1.6017    	0.600000	1.6017    	0.600000	1.61369   	0.600000	0.00255764	
0.700000	2.1344    	0.700000	1.57776   	0.700000	1.58546   	0.700000	1.58546   	0.700000	1.57551   	0.700000	0.00224527	
0.800000	2.07821   	0.800000	1.55765   	0.800000	1.55731   	0.800000	1.55731   	0.800000	1.55565   	0.800000	0.00200479	
0.900000	2.01822   	0.900000	1.53317   	0.900000	1.52537   	0.900000	1.52537   	0.900000	1.53136   	0.900000	0.00181354	
1.000000	1.95836   	1.000000	1.50759   	1.000000	1.49159   	1.000000	1.49159   	1.000000	1.50593   	1.000000	0.00165755	
1.250000	1.80925   	1.250000	1.41703   	1.250000	1.40514   	1.250000	1.40514   	1.250000	1.41566   	1.250000	0.00136901	
1.500000	1.67532   	1.500000	1.3346    	1.500000	1.31651   	1.500000	1.31651   	1.500000	1.33343   	1.500000	0.0011701 	
1.750000	1.55529   	1.750000	1.25959   	1.750000	1.23877   	1.750000	1.23877   	1.750000	1.25857   	1.750000	0.00102415	
2.000000	1.45061   	2.000000	1.194     	2.000000	1.16981   	2.000000	1.16981   	2.000000	1.19308   	2.000000	0.000912204	
2.250000	1.36027   	2.250000	1.12723   	2.250000	1.10818   	2.250000	1.10818   	2.250000	1.1264    	2.250000	0.00082345	
2.500000	1.28904   	2.500000	1.06519   	2.500000	1.05278   	2.500000	1.05278   	2.500000	1.06444   	2.500000	0.00075125	
3.000000	1.15403   	3.000000	0.96291   	3.000000	0.957335  	3.000000	0.957335  	3.000000	0.962269  	3.000000	0.000640671	
3.500000	1.04569   	3.500000	0.881052  	3.500000	0.878156  	3.500000	0.878156  	3.500000	0.880492  	3.500000	0.000559749	
4.000000	0.956859  	4.000000	0.813355  	4.000000	0.811501  	4.000000	0.811501  	4.000000	0.812857  	4.000000	0.000497816	
4.500000	0.882694  	4.500000	0.756062  	4.500000	0.754659  	4.500000	0.754659  	4.500000	0.755614  	4.500000	0.000448804	
5.000000	0.819814  	5.000000	0.707141  	5.000000	0.705627  	5.000000	0.705627  	5.000000	0.706732  	5.000000	0.000408996	
5.500000	0.765805  	5.500000	0.664746  	5.500000	0.662904  	5.500000	0.662904  	5.500000	0.66437   	5.500000	0.000375986	
6.000000	0.718894  	6.000000	0.62758   	6.000000	0.625343  	6.000000	0.625343  	6.000000	0.627232  	6.000000	0.000348145	
6.500000	0.677753  	6.500000	0.594687  	6.500000	0.592057  	6.500000	0.592057  	6.500000	0.594363  	6.500000	0.000324329	
7.000000	0.641365  	7.000000	0.565344  	7.000000	0.562349  	7.000000	0.562349  	7.000000	0.565041  	7.000000	0.000303711	
7.500000	0.608943  	7.500000	0.538988  	7.500000	0.535666  	7.500000	0.535666  	7.500000	0.538703  	7.500000	0.000285678	
8.000000	0.579863  	8.000000	0.515173  	8.000000	0.511564  	8.000000	0.511564  	8.000000	0.514903  	8.000000	0.000269765	
8.500000	0.553627  	8.500000	0.493538  	8.500000	0.48968   	8.500000	0.48968   	8.500000	0.493283  	8.500000	0.000255614	
9.000000	0.529832  	9.000000	0.473792  	9.000000	0.469718  	9.000000	0.469718  	9.000000	0.473549  	9.000000	0.000242942	
9.500000	0.508147  	9.500000	0.455691  	9.500000	0.451432  	9.500000	0.451432  	9.500000	0.45546   	9.500000	0.000231525	
10.000000	0.4883    	10.000000	0.441134  	10.000000	0.434615  	10.000000	0.434615  	10.000000	0.440913  	10.000000	0.000221184	
11.000000	0.453246  	11.000000	0.412528  	11.000000	0.404871  	11.000000	0.405319  	11.000000	0.412325  	11.000000	0.000203162	
12.000000	0.423246  	12.000000	0.387507  	12.000000	0.379267  	12.000000	0.380009  	12.000000	0.387319  	12.000000	0.000187977	
13.000000	0.397266  	13.000000	0.365459  	13.000000	0.356979  	13.000000	0.357922  	13.000000	0.365284  	13.000000	0.000175  	
14.000000	0.37454   	14.000000	0.345897  	14.000000	0.337399  	14.000000	0.338479  	14.000000	0.345733  	14.000000	0.000163774	
15.000000	0.354482  	15.000000	0.328431  	15.000000	0.32007   	15.000000	0.321232  	15.000000	0.328277  	15.000000	0.000153963	
16.000000	0.336644  	16.000000	0.312745  	16.000000	0.304622  	16.000000	0.305827  	16.000000	0.3126    	16.000000	0.000145311	
17.000000	0.320671  	17.000000	0.298584  	17.000000	0.290764  	17.000000	0.291986  	17.000000	0.298447  	17.000000	0.000137622	
18.000000	0.306282  	18.000000	0.285737  	18.000000	0.278266  	18.000000	0.279482  	18.000000	0.285606  	18.000000	0.000130741	
19.000000	0.293247  	19.000000	0.27403   	19.000000	0.266934  	19.000000	0.268131  	19.000000	0.273906  	19.000000	0.000124545	
20.000000	0.281382  	20.000000	0.263319  	20.000000	0.256603  	20.000000	0.257781  	20.000000	0.2632    	20.000000	0.000118935	
21.000000	0.270534  	21.000000	0.253481  	21.000000	0.247152  	21.000000	0.248307  	21.000000	0.253367  	21.000000	0.000113831	
22.000000	0.260575  	22.000000	0.244414  	22.000000	0.238486  	22.000000	0.239603  	22.000000	0.244305  	22.000000	0.000109165	
23.000000	0.251399  	23.000000	0.23603   	23.000000	0.230508  	23.000000	0.23158   	23.000000	0.235926  	23.000000	0.000104884	
24.000000	0.242915  	24.000000	0.228256  	24.000000	0.223126  	24.000000	0.224163  	24.000000	0.228155  	24.000000	0.000100941	
25.000000	0.235047  	25.000000	0.221026  	25.000000	0.216278  	25.000000	0.217286  	25.000000	0.220929  	25.000000	9.72965e-05	
27.000000	0.220904  	27.000000	0.207985  	27.000000	0.204021  	27.000000	0.204939  	27.000000	0.207895  	27.000000	9.07755e-05	
29.000000	0.208545  	29.000000	0.196545  	29.000000	0.193367  	29.000000	0.194176  	29.000000	0.19646   	29.000000	8.51083e-05	
31.000000	0.197646  	31.000000	0.186425  	31.000000	0.183761  	31.000000	0.184449  	31.000000	0.186345  	31.000000	8.01353e-05	
33.000000	0.18796   	33.000000	0.177408  	33.000000	0.174987  	33.000000	0.175548  	33.000000	0.177332  	33.000000	7.57347e-05	
35.000000	0.179291  	35.000000	0.169321  	35.000000	0.167121  	35.000000	0.167572  	35.000000	0.16925   	35.000000	7.18117e-05	
38.000000	0.167865  	38.000000	0.158641  	38.000000	0.156738  	38.000000	0.157045  	38.000000	0.158575  	38.000000	6.66633e-05	
41.000000	0.157984  	41.000000	0.149388  	41.000000	0.14772   	41.000000	0.147928  	41.000000	0.149326  	41.000000	6.22316e-05	
44.000000	0.14935   	44.000000	0.14129   	44.000000	0.139819  	44.000000	0.13995   	44.000000	0.141232  	44.000000	5.83749e-05	
47.000000	0.141736  	47.000000	0.134142  	47.000000	0.132842  	47.000000	0.132908  	47.000000	0.134087  	47.000000	5.49867e-05	
50.000000	0.134969  	50.000000	0.127785  	50.000000	0.126635  	50.000000	0.126642  	50.000000	0.127733  	50.000000	5.19854e-05	
55.000000	0.125215  	55.000000	0.118616  	55.000000	0.117652  	55.000000	0.117601  	55.000000	0.118569  	55.000000	4.76766e-05	
60.000000	0.116973  	60.000000	0.110868  	60.000000	0.110065  	60.000000	0.109954  	60.000000	0.110823  	60.000000	4.40526e-05	
65.000000	0.109912  	65.000000	0.104229  	65.000000	0.103537  	65.000000	0.103397  	65.000000	0.104188  	65.000000	4.09604e-05	
70.000000	0.10379   	70.000000	0.0984768 	70.000000	0.0978754 	70.000000	0.0977089 	70.000000	0.0984385 	70.000000	3.82895e-05	
75.000000	0.098428  	75.000000	0.0934418 	75.000000	0.0929137 	75.000000	0.0927259 	75.000000	0.0934059 	75.000000	3.59583e-05	
80.000000	0.09369   	80.000000	0.0889967 	80.000000	0.0885284 	80.000000	0.0883226 	80.000000	0.0889628 	80.000000	3.39051e-05	
85.000000	0.0894708 	85.000000	0.0850425 	85.000000	0.0846232 	85.000000	0.0844023 	85.000000	0.0850105 	85.000000	3.20824e-05	
90.000000	0.0856881 	90.000000	0.0815014 	90.000000	0.0811219 	90.000000	0.0808887 	90.000000	0.081471  	90.000000	3.04529e-05	
95.000000	0.0822758 	95.000000	0.0783113 	95.000000	0.0779541 	95.000000	0.0777209 	95.000000	0.0782823 	95.000000	2.89871e-05	
100.000000	0.0791811 	100.000000	0.0754219 	100.000000	0.0750926 	100.000000	0.0748496 	100.000000	0.0753942 	100.000000	2.76613e-05	
105.000000	0.0763605 	105.000000	0.0727923 	105.000000	0.0724873 	105.000000	0.0722348 	105.000000	0.0727658 	105.000000	2.64559e-05	
110.000000	0.0737784 	110.000000	0.0703886 	110.000000	0.0700945 	110.000000	0.0698432 	110.000000	0.0703632 	110.000000	2.53552e-05	
115.000000	0.071405  	115.000000	0.0681826 	115.000000	0.067903  	115.000000	0.0676471 	115.000000	0.0681583 	115.000000	2.43458e-05	
120.000000	0.0692154 	120.000000	0.0661508 	120.000000	0.065883  	120.000000	0.0656233 	120.000000	0.0661274 	120.000000	2.34168e-05	
125.000000	0.0671886 	125.000000	0.0642731 	125.000000	0.0640084 	125.000000	0.0637522 	125.000000	0.0642505 	125.000000	2.25587e-05	
130.000000	0.0653065 	130.000000	0.0625325 	130.000000	0.0622719 	130.000000	0.062017  	130.000000	0.0625107 	130.000000	2.17637e-05	
135.000000	0.0635539 	135.000000	0.0609144 	135.000000	0.0606629 	135.000000	0.0604033 	135.000000	0.0608934 	135.000000	2.1025e-05	
140.000000	0.0619175 	140.000000	0.0594063 	140.000000	0.0591599 	140.000000	0.0588988 	140.000000	0.0593859 	140.000000	2.03366e-05	
145.000000	0.0603858 	145.000000	0.0579972 	145.000000	0.0577506 	145.000000	0.0574927 	145.000000	0.0579775 	145.000000	1.96936e-05	
150.000000	0.0589488 	150.000000	0.0566776 	150.000000	0.0564313 	150.000000	0.0561755 	150.000000	0.0566585 	150.000000	1.90915e-05	
155.000000	0.0569253 	155.000000	0.0554392 	155.000000	0.0551976 	155.000000	0.0549392 	155.000000	0.0554207 	155.000000	1.85266e-05	
160.000000	0.0557393 	160.000000	0.0542748 	160.000000	0.0540373 	160.000000	0.0537764 	160.000000	0.0542568 	160.000000	1.79954e-05	
165.000000	0.0546209 	165.000000	0.0531778 	165.000000	0.0529399 	165.000000	0.0526808 	165.000000	0.0531603 	165.000000	1.7495e-05	
170.000000	0.0535644 	170.000000	0.0521425 	170.000000	0.0519036 	170.000000	0.0516467 	170.000000	0.0521255 	170.000000	1.70227e-05	
175.000000	0.0525647 	175.000000	0.0511639 	175.000000	0.0509245 	175.000000	0.0506692 	175.000000	0.0511474 	175.000000	1.65762e-05	
180.000000	0.0516173 	180.000000	0.0502375 	180.000000	0.0499974 	180.000000	0.0497436 	180.000000	0.0502213 	180.000000	1.61535e-05	
185.000000	0.0507181 	185.000000	0.0493591 	185.000000	0.0491183 	185.000000	0.048866  	185.000000	0.0493433 	185.000000	1.57525e-05	
190.000000	0.0498635 	190.000000	0.048525  	190.000000	0.0482836 	190.000000	0.0480328 	190.000000	0.0485097 	190.000000	1.53718e-05	
195.000000	0.0490502 	195.000000	0.0477321 	195.000000	0.0474895 	195.000000	0.0472406 	195.000000	0.0477171 	195.000000	1.50097e-05	
200.000000	0.0482753 	200.000000	0.0469774 	200.000000	0.0467338 	200.000000	0.0464866 	200.000000	0.0469627 	200.000000	1.46649e-05	
210.000000	0.0468301 	210.000000	0.0455719 	210.000000	0.0453325 	210.000000	0.0450825 	210.000000	0.0455579 	210.000000	1.40225e-05	
220.000000	0.0455092 	220.000000	0.0442898 	220.000000	0.0440504 	220.000000	0.0438019 	220.000000	0.0442764 	220.000000	1.3436e-05	
230.000000	0.0442972 	230.000000	0.0431156 	230.000000	0.0428749 	230.000000	0.0426294 	230.000000	0.0431027 	230.000000	1.28984e-05	
240.000000	0.0431809 	240.000000	0.0420363 	240.000000	0.0417951 	240.000000	0.041552  	240.000000	0.0420239 	240.000000	1.24036e-05	
250.000000	0.0421496 	250.000000	0.0410409 	250.000000	0.0407994 	250.000000	0.0405587 	250.000000	0.041029  	250.000000	1.19468e-05	
260.000000	0.0411936 	260.000000	0.0401201 	260.000000	0.0398787 	260.000000	0.0396401 	260.000000	0.0401085 	260.000000	1.15236e-05	
270.000000	0.0403052 	270.000000	0.0392658 	270.000000	0.0390248 	270.000000	0.0387883 	270.000000	0.0392546 	270.000000	1.11305e-05	
280.000000	0.0394774 	280.000000	0.0384711 	280.000000	0.0382309 	280.000000	0.0379964 	280.000000	0.0384604 	280.000000	1.07642e-05	
290.000000	0.0387041 	290.000000	0.0377302 	290.000000	0.037491  	290.000000	0.0372585 	290.000000	0.0377198 	290.000000	1.04222e-05	
300.000000	0.0379802 	300.000000	0.0370378 	300.000000	0.0368    	300.000000	0.0365692 	300.000000	0.0370277 	300.000000	1.0102e-05	
310.000000	0.0373012 	310.000000	0.0363893 	310.000000	0.0361532 	310.000000	0.0359241 	310.000000	0.0363795 	310.000000	9.80156e-06	
320.000000	0.036663  	320.000000	0.0357809 	320.000000	0.0355466 	320.000000	0.0353191 	320.000000	0.0357714 	320.000000	9.51914e-06	
330.000000	0.036062  	330.000000	0.0352089 	330.000000	0.0349767 	330.000000	0.0347508 	330.000000	0.0351996 	330.000000	9.25313e-06	
340.000000	0.0354952 	340.000000	0.0346703 	340.000000	0.0344404 	340.000000	0.034216  	340.000000	0.0346613 	340.000000	9.00211e-06	
350.000000	0.0349598 	350.000000	0.0341622 	350.000000	0.0339348 	350.000000	0.0337119 	350.000000	0.0341535 	350.000000	8.76485e-06	
360.000000	0.0344532 	360.000000	0.0336823 	360.000000	0.0334576 	360.000000	0.033236  	360.000000	0.0336738 	360.000000	8.54022e-06	
370.000000	0.0339732 	370.000000	0.0332283 	370.000000	0.0330064 	370.000000	0.0327862 	370.000000	0.03322   	370.000000	8.32723e-06	
380.000000	0.0335179 	380.000000	0.0327982 	380.000000	0.0325793 	380.000000	0.0323604 	380.000000	0.0327901 	380.000000	8.12498e-06	
390.000000	0.0330855 	390.000000	0.0323903 	390.000000	0.0321745 	390.000000	0.0319568 	390.000000	0.0323824 	390.000000	7.93268e-06	
400.000000	0.0326742 	400.000000	0.0320029 	400.000000	0.0317904 	400.000000	0.0315738 	400.000000	0.0319952 	400.000000	7.7496e-06	
410.000000	0.0322827 	410.000000	0.0316346 	410.000000	0.0314254 	410.000000	0.0312099 	410.000000	0.0316271 	410.000000	7.57509e-06	
420.000000	0.0319095 	420.000000	0.0312841 	420.000000	0.0310783 	420.000000	0.0308639 	420.000000	0.0312767 	420.000000	7.40854e-06	
430.000000	0.0315535 	430.000000	0.0309501 	430.000000	0.0307478 	430.000000	0.0305344 	430.000000	0.0309429 	430.000000	7.24942e-06	
440.000000	0.0312136 	440.000000	0.0306316 	440.000000	0.0304328 	440.000000	0.0302205 	440.000000	0.0306246 	440.000000	7.09724e-06	
450.000000	0.0308886 	450.000000	0.0303276 	450.000000	0.0301324 	450.000000	0.029921  	450.000000	0.0303207 	450.000000	6.95154e-06	
460.000000	0.0305778 	460.000000	0.0300371 	460.000000	0.0298455 	460.000000	0.0296351 	460.000000	0.0300303 	460.000000	6.81192e-06	
470.000000	0.0302803 	470.000000	0.0297594 	470.000000	0.0295714 	470.000000	0.0293619 	470.000000	0.0297527 	470.000000	6.678e-06 	
480.000000	0.0299952 	480.000000	0.0294936 	480.000000	0.0293093 	480.000000	0.0291006 	480.000000	0.029487  	480.000000	6.54944e-06	
490.000000	0.0297218 	490.000000	0.029239  	490.000000	0.0290584 	490.000000	0.0288506 	490.000000	0.0292326 	490.000000	6.42591e-06	
500.000000	0.0294595 	500.000000	0.028995  	500.000000	0.0288181 	500.000000	0.0286111 	500.000000	0.0289887 	500.000000	6.30711e-06	
520.000000	0.0289657 	520.000000	0.0285363 	520.000000	0.0283668 	520.000000	0.0281614 	520.000000	0.0285303 	520.000000	6.08269e-06	
540.000000	0.0285093 	540.000000	0.0281133 	540.000000	0.0279512 	540.000000	0.0277471 	540.000000	0.0281075 	540.000000	5.87423e-06	
560.000000	0.0280865 	560.000000	0.0277223 	560.000000	0.0275672 	560.000000	0.0273646 	560.000000	0.0277166 	560.000000	5.68007e-06	
580.000000	0.0276941 	580.000000	0.0273599 	580.000000	0.0272119 	580.000000	0.0270106 	580.000000	0.0273544 	580.000000	5.49877e-06	
600.000000	0.027329  	600.000000	0.0270234 	600.000000	0.0268826 	600.000000	0.0266822 	600.000000	0.0270181 	600.000000	5.32908e-06	
620.000000	0.0269889 	620.000000	0.0267105 	620.000000	0.0265761 	620.000000	0.0263771 	620.000000	0.0267053 	620.000000	5.1699e-06	
640.000000	0.0266715 	640.000000	0.0264189 	640.000000	0.0262892 	640.000000	0.0260929 	640.000000	0.0264138 	640.000000	5.02028e-06	
660.000000	0.0263748 	660.000000	0.0261467 	660.000000	0.0260217 	660.000000	0.0258279 	660.000000	0.0261418 	660.000000	4.87938e-06	
680.000000	0.0260971 	680.000000	0.0258923 	680.000000	0.0257731 	680.000000	0.0255804 	680.000000	0.0258876 	680.000000	4.74644e-06	
700.000000	0.0258369 	700.000000	0.0256542 	700.000000	0.0255409 	700.000000	0.0253488 	700.000000	0.0256496 	700.000000	4.62079e-06	
720.000000	0.0255928 	720.000000	0.0254311 	720.000000	0.0253231 	720.000000	0.0251318 	720.000000	0.0254266 	720.000000	4.50185e-06	
740.000000	0.0253635 	740.000000	0.0252218 	740.000000	0.0251203 	740.000000	0.0249298 	740.000000	0.0252174 	740.000000	4.3891e-06	
760.000000	0.0251479 	760.000000	0.0250252 	760.000000	0.0249336 	760.000000	0.0247439 	760.000000	0.0250209 	760.000000	4.28204e-06	
780.000000	0.0249451 	780.000000	0.0248404 	780.000000	0.024758  	780.000000	0.024569  	780.000000	0.0248362 	780.000000	4.18026e-06	
800.000000	0.0247542 	800.000000	0.0246665 	800.000000	0.0245926 	800.000000	0.0244044 	800.000000	0.0246624 	800.000000	4.08337e-06	
820.000000	0.0245742 	820.000000	0.0245027 	820.000000	0.0244368 	820.000000	0.0242492 	820.000000	0.0244987 	820.000000	3.99103e-06	
840.000000	0.0244046 	840.000000	0.0243483 	840.000000	0.0242897 	840.000000	0.0241028 	840.000000	0.0243444 	840.000000	3.90291e-06	
860.000000	0.0242445 	860.000000	0.0242028 	860.000000	0.0241509 	860.000000	0.0239645 	860.000000	0.024199  	860.000000	3.81873e-06	
880.000000	0.0240934 	880.000000	0.0240654 	880.000000	0.0240197 	880.000000	0.0238339 	880.000000	0.0240617 	880.000000	3.73823e-06	
900.000000	0.0239508 	900.000000	0.0239358 	900.000000	0.0238956 	900.000000	0.0237104 	900.000000	0.0239321 	900.000000	3.66117e-06	
920.000000	0.023816  	920.000000	0.0238133 	920.000000	0.0237782 	920.000000	0.0235935 	920.000000	0.0238097 	920.000000	3.58733e-06	
940.000000	0.0236886 	940.000000	0.0236975 	940.000000	0.023667  	940.000000	0.0234828 	940.000000	0.023694  	940.000000	3.51651e-06	
960.000000	0.0235683 	960.000000	0.023588  	960.000000	0.0235616 	960.000000	0.0233779 	960.000000	0.0235846 	960.000000	3.44853e-06	
980.000000	0.0234545 	980.000000	0.0234845 	980.000000	0.0234616 	980.000000	0.0232784 	980.000000	0.0234811 	980.000000	3.38322e-06	
1000.000000	0.023347  	1000.000000	0.0233866 	1000.000000	0.0233668 	1000.000000	0.023184  	1000.000000	0.0233833 	1000.000000	3.32041e-06	
1020.000000	0.0232453 	1020.000000	0.023294  	1020.000000	0.0232767 	1020.000000	0.0230944 	1020.000000	0.0232907 	1020.000000	3.25998e-06	
1040.000000	0.0231492 	1040.000000	0.0232063 	1040.000000	0.0231912 	1040.000000	0.0230093 	1040.000000	0.0232031 	1040.000000	3.20178e-06	
1060.000000	0.0230583 	1060.000000	0.0231233 	1060.000000	0.0231099 	1060.000000	0.0229284 	1060.000000	0.0231202 	1060.000000	3.1457e-06	
1080.000000	0.0229724 	1080.000000	0.0230448 	1080.000000	0.0230326 	1080.000000	0.0228515 	1080.000000	0.0230417 	1080.000000	3.09161e-06	
1100.000000	0.0228912 	1100.000000	0.0229705 	1100.000000	0.0229591 	1100.000000	0.0227784 	1100.000000	0.0229674 	1100.000000	3.03942e-06	
1120.000000	0.0228145 	1120.000000	0.0229001 	1120.000000	0.0228893 	1120.000000	0.0227089 	1120.000000	0.0228972 	1120.000000	2.98901e-06	
1140.000000	0.0227421 	1140.000000	0.0228336 	1140.000000	0.0228229 	1140.000000	0.0226427 	1140.000000	0.0228307 	1140.000000	2.94031e-06	
1160.000000	0.0226738 	1160.000000	0.0227706 	1160.000000	0.0227596 	1160.000000	0.0225797 	1160.000000	0.0227677 	1160.000000	2.89323e-06	
1180.000000	0.0226093 	1180.000000	0.0227111 	1180.000000	0.0226992 	1180.000000	0.0225196 	1180.000000	0.0227082 	1180.000000	2.84768e-06	
1200.000000	0.0225485 	1200.000000	0.0226547 	1200.000000	0.0226416 	1200.000000	0.0224625 	1200.000000	0.0226519 	1200.000000	2.80359e-06	
1220.000000	0.0224912 	1220.000000	0.0226015 	1220.000000	0.0225865 	1220.000000	0.022408  	1220.000000	0.0225988 	1220.000000	2.76089e-06	
1240.000000	0.0224373 	1240.000000	0.0225512 	1240.000000	0.0225338 	1240.000000	0.0223561 	1240.000000	0.0225485 	1240.000000	2.71951e-06	
1260.000000	0.0223866 	1260.000000	0.0225037 	1260.000000	0.0224835 	1260.000000	0.0223066 	1260.000000	0.0225011 	1260.000000	2.6794e-06	
1280.000000	0.022339  	1280.000000	0.0224589 	1280.000000	0.0224356 	1280.000000	0.0222594 	1280.000000	0.0224563 	1280.000000	2.6405e-06	
1300.000000	0.0222943 	1300.000000	0.0224166 	1300.000000	0.0223899 	1300.000000	0.0222144 	1300.000000	0.022414  	1300.000000	2.60275e-06	
1320.000000	0.0222524 	1320.000000	0.0223768 	1320.000000	0.0223464 	1320.000000	0.0221715 	1320.000000	0.0223743 	1320.000000	2.5661e-06	
1340.000000	0.0222133 	1340.000000	0.0223393 	1340.000000	0.0223051 	1340.000000	0.0221306 	1340.000000	0.0223368 	1340.000000	2.5305e-06	
1360.000000	0.0221767 	1360.000000	0.022304  	1360.000000	0.0222658 	1360.000000	0.0220916 	1360.000000	0.0223015 	1360.000000	2.49591e-06	
1380.000000	0.0221426 	1380.000000	0.0222709 	1380.000000	0.0222284 	1380.000000	0.0220543 	1380.000000	0.0222684 	1380.000000	2.46228e-06	
1400.000000	0.0221108 	1400.000000	0.0222398 	1400.000000	0.0221927 	1400.000000	0.0220188 	1400.000000	0.0222374 	1400.000000	2.42958e-06	
1420.000000	0.0220814 	1420.000000	0.0222107 	1420.000000	0.0221587 	1420.000000	0.0219849 	1420.000000	0.0222083 	1420.000000	2.39776e-06	
1440.000000	0.0220541 	1440.000000	0.0221834 	1440.000000	0.0221262 	1440.000000	0.0219526 	1440.000000	0.0221811 	1440.000000	2.3668e-06	
1460.000000	0.022029  	1460.000000	0.022158  	1460.000000	0.0220953 	1460.000000	0.0219218 	1460.000000	0.0221556 	1460.000000	2.33665e-06	
1480.000000	0.0220059 	1480.000000	0.0221342 	1480.000000	0.0220657 	1480.000000	0.0218924 	1480.000000	0.0221319 	1480.000000	2.30729e-06	
1500.000000	0.0219848 	1500.000000	0.0221122 	1500.000000	0.0220375 	1500.000000	0.0218644 	1500.000000	0.0221099 	1500.000000	2.27868e-06	
1520.000000	0.0219656 	1520.000000	0.0220917 	1520.000000	0.0220105 	1520.000000	0.0218376 	1520.000000	0.0220895 	1520.000000	2.25079e-06	
1540.000000	0.0219482 	1540.000000	0.0220728 	1540.000000	0.0219848 	1540.000000	0.0218121 	1540.000000	0.0220706 	1540.000000	2.22361e-06	
1560.000000	0.0219326 	1560.000000	0.0220553 	1560.000000	0.0219603 	1560.000000	0.0217878 	1560.000000	0.0220531 	1560.000000	2.19709e-06	
1580.000000	0.0219186 	1580.000000	0.0220393 	1580.000000	0.021937  	1580.000000	0.0217647 	1580.000000	0.0220371 	1580.000000	2.17122e-06	
1600.000000	0.0219063 	1600.000000	0.0220246 	1600.000000	0.0219147 	1600.000000	0.0217426 	1600.000000	0.0220225 	1600.000000	2.14597e-06	
1620.000000	0.0218956 	1620.000000	0.0220113 	1620.000000	0.0218935 	1620.000000	0.0217216 	1620.000000	0.0220092 	1620.000000	2.12132e-06	
1640.000000	0.0218864 	1640.000000	0.0219992 	1640.000000	0.0218733 	1640.000000	0.0217015 	1640.000000	0.0219971 	1640.000000	2.09726e-06	
1660.000000	0.0218787 	1660.000000	0.0219884 	1660.000000	0.0218541 	1660.000000	0.0216825 	1660.000000	0.0219863 	1660.000000	2.07375e-06	
1680.000000	0.0218724 	1680.000000	0.0219787 	1680.000000	0.0218358 	1680.000000	0.0216643 	1680.000000	0.0219767 	1680.000000	2.05077e-06	
1700.000000	0.0218675 	1700.000000	0.0219702 	1700.000000	0.0218184 	1700.000000	0.0216471 	1700.000000	0.0219682 	1700.000000	2.02832e-06	
1750.000000	0.0218611 	1750.000000	0.0219536 	1750.000000	0.0217786 	1750.000000	0.0216076 	1750.000000	0.0219516 	1750.000000	1.97436e-06	
1800.000000	0.0218624 	1800.000000	0.0219434 	1800.000000	0.0217436 	1800.000000	0.0215729 	1800.000000	0.0219415 	1800.000000	1.92328e-06	
1850.000000	0.0218709 	1850.000000	0.021939  	1850.000000	0.0217129 	1850.000000	0.0215425 	1850.000000	0.0219371 	1850.000000	1.87487e-06	
1900.000000	0.0218861 	1900.000000	0.0219399 	1900.000000	0.0216862 	1900.000000	0.0215161 	1900.000000	0.0219381 	1900.000000	1.82891e-06	
1950.000000	0.0219075 	1950.000000	0.0219458 	1950.000000	0.0216631 	1950.000000	0.0214933 	1950.000000	0.021944  	1950.000000	1.78522e-06	
2000.000000	0.0219346 	2000.000000	0.0219562 	2000.000000	0.0216433 	2000.000000	0.0214738 	2000.000000	0.0219545 	2000.000000	1.74364e-06	
2100.000000	0.0220049 	2100.000000	0.0219896 	2100.000000	0.0216124 	2100.000000	0.0214433 	2100.000000	0.0219879 	2100.000000	1.6662e-06	
2200.000000	0.0220942 	2200.000000	0.0220376 	2200.000000	0.0215915 	2200.000000	0.0214229 	2200.000000	0.022036  	2200.000000	1.59555e-06	
2300.000000	0.0222003 	2300.000000	0.0220984 	2300.000000	0.021579  	2300.000000	0.0214107 	2300.000000	0.0220969 	2300.000000	1.53083e-06	
2400.000000	0.0223215 	2400.000000	0.0221704 	2400.000000	0.0215735 	2400.000000	0.0214056 	2400.000000	0.022169  	2400.000000	1.47132e-06	
2500.000000	0.0224561 	2500.000000	0.0222523 	2500.000000	0.0215739 	2500.000000	0.0214064 	2500.000000	0.0222509 	2500.000000	1.4164e-06	
2600.000000	0.0226028 	2600.000000	0.0223428 	2600.000000	0.0215794 	2600.000000	0.0214122 	2600.000000	0.0223414 	2600.000000	1.36555e-06	
2700.000000	0.0227605 	2700.000000	0.022441  	2700.000000	0.021589  	2700.000000	0.0214222 	2700.000000	0.0224397 	2700.000000	1.31834e-06	
2800.000000	0.0229283 	2800.000000	0.0225461 	2800.000000	0.0216023 	2800.000000	0.0214359 	2800.000000	0.0225449 	2800.000000	1.27438e-06	
2900.000000	0.0231052 	2900.000000	0.0226574 	2900.000000	0.0216187 	2900.000000	0.0214527 	2900.000000	0.0226562 	2900.000000	1.23335e-06	
3000.000000	0.0232905 	3000.000000	0.0227742 	3000.000000	0.0216376 	3000.000000	0.0214721 	3000.000000	0.022773  	3000.000000	1.19496e-06	
3200.000000	0.0236839 	3200.000000	0.0230222 	3200.000000	0.0216819 	3200.000000	0.0215172 	3200.000000	0.0230211 	3200.000000	1.12513e-06	
3400.000000	0.0241041 	3400.000000	0.0232866 	3400.000000	0.0217328 	3400.000000	0.0215688 	3400.000000	0.0232855 	3400.000000	1.06324e-06	
3600.000000	0.0245478 	3600.000000	0.0235645 	3600.000000	0.0217885 	3600.000000	0.0216251 	3600.000000	0.0235635 	3600.000000	1.00799e-06	
3800.000000	0.0250122 	3800.000000	0.0238537 	3800.000000	0.0218477 	3800.000000	0.0216846 	3800.000000	0.0238528 	3800.000000	9.58364e-07	
4000.000000	0.0254953 	4000.000000	0.0241525 	4000.000000	0.0219092 	4000.000000	0.0217464 	4000.000000	0.0241516 	4000.000000	9.13532e-07	
4200.000000	0.0259951 	4200.000000	0.0244594 	4200.000000	0.0219723 	4200.000000	0.0218096 	4200.000000	0.0244585 	4200.000000	8.72827e-07	
4400.000000	0.0265102 	4400.000000	0.0247732 	4400.000000	0.0220362 	4400.000000	0.0218737 	4400.000000	0.0247723 	4400.000000	8.35698e-07	
4600.000000	0.0270394 	4600.000000	0.0250929 	4600.000000	0.0221006 	4600.000000	0.0219382 	4600.000000	0.0250921 	4600.000000	8.0169e-07	
4800.000000	0.0275818 	4800.000000	0.0254178 	4800.000000	0.022165  	4800.000000	0.0220028 	4800.000000	0.0254171 	4800.000000	7.7042e-07	
5000.000000	0.0281363 	5000.000000	0.0257472 	5000.000000	0.0222293 	5000.000000	0.0220671 	5000.000000	0.0257465 	5000.000000	7.41569e-07	
5250.000000	0.0288456 	5250.000000	0.0261644 	5250.000000	0.0223089 	5250.000000	0.0221469 	5250.000000	0.0261637 	5250.000000	7.08493e-07	
5500.000000	0.0295717 	5500.000000	0.0265867 	5500.000000	0.0223876 	5500.000000	0.0222257 	5500.000000	0.026586  	5500.000000	6.78325e-07	
6000.000000	0.0310702 	6000.000000	0.0274438 	6000.000000	0.0225412 	6000.000000	0.0223796 	6000.000000	0.0274432 	6000.000000	6.25289e-07	
6500.000000	0.0326257 	6500.000000	0.028314  	6500.000000	0.0226885 	6500.000000	0.0225279 	6500.000000	0.0283134 	6500.000000	5.80154e-07	
7000.000000	0.0342335 	7000.000000	0.0291939 	7000.000000	0.0228305 	7000.000000	0.0226702 	7000.000000	0.0291933 	7000.000000	5.41263e-07	
7500.000000	0.0358905 	7500.000000	0.030081  	7500.000000	0.0229665 	7500.000000	0.0228064 	7500.000000	0.0300805 	7500.000000	5.07393e-07	
8000.000000	0.0375939 	8000.000000	0.0309736 	8000.000000	0.0230966 	8000.000000	0.0229367 	8000.000000	0.0309731 	8000.000000	4.77623e-07	
8500.000000	0.0393421 	8500.000000	0.0318704 	8500.000000	0.0232211 	8500.000000	0.0230614 	8500.000000	0.0318699 	8500.000000	4.51245e-07	
9000.000000	0.0411333 	9000.000000	0.0327703 	9000.000000	0.0233403 	9000.000000	0.0231807 	9000.000000	0.0327698 	9000.000000	4.27704e-07	
9500.000000	0.0429664 	9500.000000	0.0336725 	9500.000000	0.0234543 	9500.000000	0.0232949 	9500.000000	0.0336721 	9500.000000	4.06564e-07	
10000.000000	0.0448405 	10000.000000	0.0345765 	10000.000000	0.0235631 	10000.000000	0.0234043 	10000.000000	0.0345761 	10000.000000	3.8747e-07	
11000.000000	0.0487088 	11000.000000	0.0363878 	11000.000000	0.0237672 	11000.000000	0.02361   	11000.000000	0.0363874 	11000.000000	3.54331e-07	
12000.000000	0.0527336 	12000.000000	0.0382013 	12000.000000	0.0239559 	12000.000000	0.0237999 	12000.000000	0.0382009 	12000.000000	3.26549e-07	
13000.000000	0.0569119 	13000.000000	0.0400152 	13000.000000	0.0241312 	13000.000000	0.0239761 	13000.000000	0.0400149 	13000.000000	3.02912e-07	
14000.000000	0.0612416 	14000.000000	0.0418284 	14000.000000	0.0242949 	14000.000000	0.0241401 	14000.000000	0.0418281 	14000.000000	2.8255e-07	
15000.000000	0.0657214 	15000.000000	0.0436399 	15000.000000	0.0244481 	15000.000000	0.0242934 	15000.000000	0.0436397 	15000.000000	2.6482e-07	
16000.000000	0.0703504 	16000.000000	0.0454494 	16000.000000	0.0245913 	16000.000000	0.0244371 	16000.000000	0.0454491 	16000.000000	2.4924e-07	
17000.000000	0.0751282 	17000.000000	0.0472564 	17000.000000	0.0247257 	17000.000000	0.0245723 	17000.000000	0.0472561 	17000.000000	2.35437e-07	
18000.000000	0.0800545 	18000.000000	0.0490606 	18000.000000	0.024852  	18000.000000	0.0246999 	18000.000000	0.0490604 	18000.000000	2.23122e-07	
19000.000000	0.0851292 	19000.000000	0.050862  	19000.000000	0.0249711 	19000.000000	0.0248205 	19000.000000	0.0508618 	19000.000000	2.12064e-07	
20000.000000	0.0903524 	20000.000000	0.0526605 	20000.000000	0.0250838 	20000.000000	0.0249349 	20000.000000	0.0526603 	20000.000000	2.02078e-07	
21000.000000	0.0957243 	21000.000000	0.054456  	21000.000000	0.0251908 	21000.000000	0.0250437 	21000.000000	0.0544558 	21000.000000	1.93014e-07	
22000.000000	0.101245  	22000.000000	0.0562485 	22000.000000	0.0252929 	22000.000000	0.0251473 	22000.000000	0.0562483 	22000.000000	1.8475e-07	
23000.000000	0.106916  	23000.000000	0.058038  	23000.000000	0.0253904 	23000.000000	0.0252462 	23000.000000	0.0580378 	23000.000000	1.77183e-07	
24000.000000	0.112736  	24000.000000	0.0598245 	24000.000000	0.0254838 	24000.000000	0.0253408 	24000.000000	0.0598243 	24000.000000	1.70227e-07	
25000.000000	0.118706  	25000.000000	0.0616081 	25000.000000	0.0255732 	25000.000000	0.0254314 	25000.000000	0.061608  	25000.000000	1.63811e-07	
26000.000000	0.124828  	26000.000000	0.0633889 	26000.000000	0.0256587 	26000.000000	0.0255183 	26000.000000	0.0633887 	26000.000000	1.57874e-07	
27000.000000	0.131101  	27000.000000	0.0651668 	27000.000000	0.0257404 	27000.000000	0.0256018 	27000.000000	0.0651667 	27000.000000	1.52363e-07	
28000.000000	0.137526  	28000.000000	0.066942  	28000.000000	0.025819  	28000.000000	0.0256821 	28000.000000	0.0669419 	28000.000000	1.47234e-07	
29000.000000	0.144104  	29000.000000	0.0687145 	29000.000000	0.0258948 	29000.000000	0.0257595 	29000.000000	0.0687143 	29000.000000	1.42448e-07	
30000.000000	0.150836  	30000.000000	0.0704843 	30000.000000	0.0259681 	30000.000000	0.0258341 	30000.000000	0.0704841 	30000.000000	1.37972e-07	
32000.000000	0.164762  	32000.000000	0.0740161 	32000.000000	0.0261069 	32000.000000	0.0259759 	32000.000000	0.074016  	32000.000000	1.29834e-07	
34000.000000	0.17931   	34000.000000	0.0775381 	34000.000000	0.0262358 	34000.000000	0.0261086 	34000.000000	0.0775379 	34000.000000	1.22626e-07	
36000.000000	0.194488  	36000.000000	0.0810505 	36000.000000	0.0263561 	36000.000000	0.0262333 	36000.000000	0.0810504 	36000.000000	1.16196e-07	
38000.000000	0.2103    	38000.000000	0.0845538 	38000.000000	0.0264688 	38000.000000	0.0263509 	38000.000000	0.0845537 	38000.000000	1.10423e-07	
40000.000000	0.226753  	40000.000000	0.0880485 	40000.000000	0.026575  	40000.000000	0.0264622 	40000.000000	0.0880484 	40000.000000	1.0521e-07	
42000.000000	0.243855  	42000.000000	0.0915349 	42000.000000	0.0266756 	42000.000000	0.0265677 	42000.000000	0.0915348 	42000.000000	1.0048e-07	
44000.000000	0.261611  	44000.000000	0.0950133 	44000.000000	0.0267713 	44000.000000	0.026668  	44000.000000	0.0950132 	44000.000000	9.61673e-08	
46000.000000	0.280029  	46000.000000	0.0984841 	46000.000000	0.0268626 	46000.000000	0.0267636 	46000.000000	0.098484  	46000.000000	9.22187e-08	
48000.000000	0.299115  	48000.000000	0.101947  	48000.000000	0.0269497 	48000.000000	0.0268548 	48000.000000	0.101947  	48000.000000	8.85897e-08	
50000.000000	0.318877  	50000.000000	0.105404  	50000.000000	0.0270325 	50000.000000	0.0269421 	50000.000000	0.105404  	50000.000000	8.52427e-08	
