*Energy (MeV/u)1	0 - [He-base] F.Hubert et al, AD&ND Tables 46(1990)1	Energy (MeV/u)2	1 - [H -base] J.F.Ziegler et al, Pergamon Press, NY (low energy)	Energy (MeV/u)3	2 - ATIMA 1.2  LS-theory (recommended for high energy)	Energy (MeV/u)4	3 - ATIMA 1.2  without LS-correction	Energy (MeV/u)5	4 - electrical component of [1] - J.F.Ziegler et al	Energy (MeV/u)6	5 - nuclear component of [1] - J.F.Ziegler et al	
0.001000	3.45261   	0.001000	0.266316  	0.001000	0.25057   	0.001000	0.25057   	0.001000	0.156465  	0.001000	0.109852  	
0.002000	3.77235   	0.002000	0.329423  	0.002000	0.311707  	0.002000	0.311707  	0.002000	0.216721  	0.002000	0.112703  	
0.005000	4.56929   	0.005000	0.447205  	0.005000	0.431218  	0.005000	0.431218  	0.005000	0.344659  	0.005000	0.102546  	
0.008000	5.20114   	0.008000	0.530457  	0.008000	0.511638  	0.008000	0.511638  	0.008000	0.438829  	0.008000	0.0916283 	
0.010000	5.5632    	0.010000	0.58028   	0.010000	0.560153  	0.010000	0.560153  	0.010000	0.494763  	0.010000	0.085517  	
0.015000	6.48138   	0.015000	0.684054  	0.015000	0.673962  	0.015000	0.673962  	0.015000	0.610465  	0.015000	0.0735892 	
0.020000	7.21496   	0.020000	0.78083   	0.020000	0.783104  	0.020000	0.783104  	0.020000	0.715883  	0.020000	0.0649478 	
0.025000	8.02447   	0.025000	0.874968  	0.025000	0.890583  	0.025000	0.890583  	0.025000	0.816588  	0.025000	0.0583805 	
0.030000	8.71059   	0.030000	0.966589  	0.030000	0.971736  	0.030000	0.971736  	0.030000	0.913392  	0.030000	0.0531972 	
0.035000	9.27466   	0.035000	1.05616   	0.035000	1.05085   	0.035000	1.05085   	0.035000	1.00718   	0.035000	0.0489854 	
0.040000	9.71923   	0.040000	1.14386   	0.040000	1.1281    	0.040000	1.1281    	0.040000	1.09837   	0.040000	0.0454839 	
0.045000	10.049    	0.045000	1.22969   	0.045000	1.20352   	0.045000	1.20352   	0.045000	1.18718   	0.045000	0.042519  	
0.050000	10.2707   	0.050000	1.31363   	0.050000	1.27709   	0.050000	1.27709   	0.050000	1.27366   	0.050000	0.0399706 	
0.055000	10.718    	0.055000	1.39337   	0.055000	1.34881   	0.055000	1.34881   	0.055000	1.35562   	0.055000	0.0377525 	
0.060000	11.0989   	0.060000	1.47086   	0.060000	1.41865   	0.060000	1.41865   	0.060000	1.43505   	0.060000	0.0358016 	
0.070000	11.6809   	0.070000	1.61896   	0.070000	1.55271   	0.070000	1.55271   	0.070000	1.58644   	0.070000	0.0325208 	
0.080000	12.3053   	0.080000	1.75213   	0.080000	1.67932   	0.080000	1.67932   	0.080000	1.72227   	0.080000	0.0298609 	
0.090000	12.7958   	0.090000	1.87844   	0.090000	1.79854   	0.090000	1.79854   	0.090000	1.85079   	0.090000	0.0276542 	
0.100000	13.1893   	0.100000	1.99469   	0.100000	1.91051   	0.100000	1.91051   	0.100000	1.9689    	0.100000	0.0257892 	
0.120000	13.4283   	0.120000	2.20824   	0.120000	2.11347   	0.120000	2.11347   	0.120000	2.18545   	0.120000	0.0227993 	
0.140000	13.5233   	0.140000	2.38742   	0.140000	2.29      	0.140000	2.29      	0.140000	2.36693   	0.140000	0.0204975 	
0.160000	13.5569   	0.160000	2.52945   	0.160000	2.44227   	0.160000	2.44227   	0.160000	2.51078   	0.160000	0.0186632 	
0.180000	13.554    	0.180000	2.64054   	0.180000	2.57246   	0.180000	2.57246   	0.180000	2.62354   	0.180000	0.0170045 	
0.200000	13.5837   	0.200000	2.73058   	0.200000	2.68331   	0.200000	2.68331   	0.200000	2.71482   	0.200000	0.0157655 	
0.250000	13.3358   	0.250000	2.90322   	0.250000	2.89002   	0.250000	2.89002   	0.250000	2.88983   	0.250000	0.0133942 	
0.300000	13.3906   	0.300000	3.0551    	0.300000	3.02114   	0.300000	3.02114   	0.300000	3.04341   	0.300000	0.0116942 	
0.350000	13.4909   	0.350000	3.16171   	0.350000	3.1014    	0.350000	3.1014    	0.350000	3.1513    	0.350000	0.0104094 	
0.400000	13.4674   	0.400000	3.21803   	0.400000	3.15664   	0.400000	3.15664   	0.400000	3.20863   	0.400000	0.00940059	
0.450000	13.3931   	0.450000	3.25145   	0.450000	3.20557   	0.450000	3.20557   	0.450000	3.24286   	0.450000	0.00858535	
0.500000	13.3555   	0.500000	3.28993   	0.500000	3.23401   	0.500000	3.23401   	0.500000	3.28202   	0.500000	0.00791138	
0.600000	12.7621   	0.600000	3.32722   	0.600000	3.25384   	0.600000	3.25384   	0.600000	3.32036   	0.600000	0.00685898	
0.700000	12.0954   	0.700000	3.34281   	0.700000	3.23854   	0.700000	3.23854   	0.700000	3.33674   	0.700000	0.00607202	
0.800000	11.8381   	0.800000	3.33787   	0.800000	3.21104   	0.800000	3.21104   	0.800000	3.33241   	0.800000	0.00545922	
0.900000	11.5538   	0.900000	3.32336   	0.900000	3.17804   	0.900000	3.17804   	0.900000	3.31839   	0.900000	0.00496727	
1.000000	11.255    	1.000000	3.30033   	1.000000	3.14174   	1.000000	3.14174   	1.000000	3.29577   	1.000000	0.00456283	
1.250000	10.4018   	1.250000	3.18407   	1.250000	3.03828   	1.250000	3.03828   	1.250000	3.18026   	1.250000	0.00380663	
1.500000	9.52331   	1.500000	3.03196   	1.500000	2.92286   	1.500000	2.92286   	1.500000	3.02868   	1.500000	0.00327865	
1.750000	8.77364   	1.750000	2.88866   	1.750000	2.81441   	1.750000	2.81441   	1.750000	2.88577   	1.750000	0.00288743	
2.000000	8.07613   	2.000000	2.7391    	2.000000	2.71147   	2.000000	2.71147   	2.000000	2.73652   	2.000000	0.00258498	
2.250000	7.49595   	2.250000	2.61745   	2.250000	2.61382   	2.250000	2.61382   	2.250000	2.6151    	2.250000	0.00234361	
2.500000	6.98104   	2.500000	2.50951   	2.500000	2.52147   	2.500000	2.52147   	2.500000	2.50736   	2.500000	0.00214617	
3.000000	6.22108   	3.000000	2.32405   	3.000000	2.35255   	3.000000	2.35255   	3.000000	2.3222    	3.000000	0.00184171	
3.500000	5.61732   	3.500000	2.16761   	3.500000	2.20349   	3.500000	2.20349   	3.500000	2.16599   	3.500000	0.00161718	
4.000000	5.12598   	4.000000	2.03401   	4.000000	2.07215   	4.000000	2.07215   	4.000000	2.03257   	4.000000	0.00144428	
4.500000	4.71813   	4.500000	1.91834   	4.500000	1.95615   	4.500000	1.95615   	4.500000	1.91704   	4.500000	0.00130673	
5.000000	4.37398   	5.000000	1.81689   	5.000000	1.85326   	5.000000	1.85326   	5.000000	1.81569   	5.000000	0.00119451	
5.500000	4.07952   	5.500000	1.73141   	5.500000	1.76153   	5.500000	1.76153   	5.500000	1.73031   	5.500000	0.0011011 	
6.000000	3.8246    	6.000000	1.65514   	6.000000	1.6793    	6.000000	1.6793    	6.000000	1.65412   	6.000000	0.00102204	
6.500000	3.60166   	6.500000	1.58662   	6.500000	1.60522   	6.500000	1.60522   	6.500000	1.58567   	6.500000	0.00095421	
7.000000	3.40496   	7.000000	1.5247    	7.000000	1.53812   	7.000000	1.53812   	7.000000	1.5238    	7.000000	0.000895325	
7.500000	3.23007   	7.500000	1.46721   	7.500000	1.47707   	7.500000	1.47707   	7.500000	1.46637   	7.500000	0.000843694	
8.000000	3.07349   	8.000000	1.41472   	8.000000	1.42128   	8.000000	1.42128   	8.000000	1.41392   	8.000000	0.00079803	
8.500000	2.93246   	8.500000	1.36659   	8.500000	1.37008   	8.500000	1.37008   	8.500000	1.36583   	8.500000	0.000757334	
9.000000	2.80474   	9.000000	1.32228   	9.000000	1.32292   	9.000000	1.32292   	9.000000	1.32156   	9.000000	0.000720823	
9.500000	2.68851   	9.500000	1.28135   	9.500000	1.27932   	9.500000	1.27932   	9.500000	1.28066   	9.500000	0.00068787	
10.000000	2.58225   	10.000000	1.24662   	10.000000	1.2389    	10.000000	1.2389    	10.000000	1.24596   	10.000000	0.000657969	
11.000000	2.39487   	11.000000	1.1848    	11.000000	1.16835   	11.000000	1.1698    	11.000000	1.18419   	11.000000	0.000605743	
12.000000	2.2348    	12.000000	1.12774   	12.000000	1.10568   	12.000000	1.10808   	12.000000	1.12718   	12.000000	0.000561616	
13.000000	2.0964    	13.000000	1.07537   	13.000000	1.04964   	13.000000	1.05265   	13.000000	1.07485   	13.000000	0.000523808	
14.000000	1.97549   	14.000000	1.0274    	14.000000	0.999261  	14.000000	1.00268   	14.000000	1.02691   	14.000000	0.00049103	
15.000000	1.8689    	15.000000	0.983435  	15.000000	0.953774  	15.000000	0.957451  	15.000000	0.982973  	15.000000	0.000462323	
16.000000	1.7742    	16.000000	0.9431    	16.000000	0.912579  	16.000000	0.916372  	16.000000	0.942663  	16.000000	0.000436961	
17.000000	1.68947   	17.000000	0.906022  	17.000000	0.875126  	17.000000	0.878927  	17.000000	0.905607  	17.000000	0.000414381	
18.000000	1.6132    	18.000000	0.871861  	18.000000	0.84091   	18.000000	0.844696  	18.000000	0.871467  	18.000000	0.000394141	
19.000000	1.54416   	19.000000	0.840315  	19.000000	0.809544  	19.000000	0.813299  	19.000000	0.839939  	19.000000	0.00037589	
20.000000	1.48135   	20.000000	0.811111  	20.000000	0.780728  	20.000000	0.784392  	20.000000	0.810752  	20.000000	0.000359341	
21.000000	1.42396   	21.000000	0.784012  	21.000000	0.754168  	21.000000	0.757695  	21.000000	0.783668  	21.000000	0.000344265	
22.000000	1.3713    	22.000000	0.758806  	22.000000	0.729583  	22.000000	0.732966  	22.000000	0.758476  	22.000000	0.000330469	
23.000000	1.3228    	23.000000	0.735309  	23.000000	0.706749  	23.000000	0.709998  	23.000000	0.734991  	23.000000	0.000317793	
24.000000	1.27797   	24.000000	0.713356  	24.000000	0.685486  	24.000000	0.688608  	24.000000	0.71305   	24.000000	0.000306105	
25.000000	1.23642   	25.000000	0.692804  	25.000000	0.665641  	25.000000	0.66864   	25.000000	0.692508  	25.000000	0.000295291	
27.000000	1.16176   	27.000000	0.655403  	27.000000	0.629717  	27.000000	0.632437  	27.000000	0.655127  	27.000000	0.000275915	
29.000000	1.09655   	29.000000	0.622249  	29.000000	0.598103  	29.000000	0.60048   	29.000000	0.62199   	29.000000	0.000259044	
31.000000	1.03908   	31.000000	0.592662  	31.000000	0.570077  	31.000000	0.572023  	31.000000	0.592418  	31.000000	0.000244216	
33.000000	0.988026  	33.000000	0.566097  	33.000000	0.545463  	33.000000	0.547014  	33.000000	0.565866  	33.000000	0.000231075	
35.000000	0.94235   	35.000000	0.542113  	35.000000	0.523304  	35.000000	0.524508  	35.000000	0.541893  	35.000000	0.000219343	
38.000000	0.88217   	38.000000	0.510207  	38.000000	0.493873  	38.000000	0.494637  	38.000000	0.510003  	38.000000	0.000203922	
41.000000	0.830147  	41.000000	0.482355  	41.000000	0.468202  	41.000000	0.468586  	41.000000	0.482165  	41.000000	0.000190624	
44.000000	0.784701  	44.000000	0.457826  	44.000000	0.445474  	44.000000	0.445635  	44.000000	0.457647  	44.000000	0.000179033	
47.000000	0.744638  	47.000000	0.436055  	47.000000	0.425319  	47.000000	0.425241  	47.000000	0.435886  	47.000000	0.000168835	
50.000000	0.709039  	50.000000	0.416598  	50.000000	0.407251  	50.000000	0.406981  	50.000000	0.416438  	50.000000	0.000159788	
55.000000	0.657738  	55.000000	0.388383  	55.000000	0.380886  	55.000000	0.380426  	55.000000	0.388236  	55.000000	0.00014678	
60.000000	0.614405  	60.000000	0.364397  	60.000000	0.358365  	60.000000	0.357759  	60.000000	0.364262  	60.000000	0.000135819	
65.000000	0.577284  	65.000000	0.343749  	65.000000	0.338837  	65.000000	0.338163  	65.000000	0.343623  	65.000000	0.00012645	
70.000000	0.545106  	70.000000	0.32578   	70.000000	0.321837  	70.000000	0.321038  	70.000000	0.325662  	70.000000	0.000118345	
75.000000	0.516927  	75.000000	0.309996  	75.000000	0.306759  	75.000000	0.305933  	75.000000	0.309885  	75.000000	0.000111261	
80.000000	0.49203   	80.000000	0.296018  	80.000000	0.293404  	80.000000	0.292504  	80.000000	0.295913  	80.000000	0.000105014	
85.000000	0.469861  	85.000000	0.28355   	85.000000	0.281391  	85.000000	0.280481  	85.000000	0.283451  	85.000000	9.94612e-05	
90.000000	0.449987  	90.000000	0.272357  	90.000000	0.270618  	90.000000	0.269649  	90.000000	0.272263  	90.000000	9.44919e-05	
95.000000	0.432061  	95.000000	0.262252  	95.000000	0.260809  	95.000000	0.259838  	95.000000	0.262162  	95.000000	9.00171e-05	
100.000000	0.415804  	100.000000	0.253082  	100.000000	0.251879  	100.000000	0.250907  	100.000000	0.252996  	100.000000	8.59656e-05	
105.000000	0.400988  	105.000000	0.244721  	105.000000	0.243711  	105.000000	0.242741  	105.000000	0.244639  	105.000000	8.2279e-05	
110.000000	0.387425  	110.000000	0.237067  	110.000000	0.23625   	110.000000	0.235244  	110.000000	0.236988  	110.000000	7.89095e-05	
115.000000	0.374958  	115.000000	0.230032  	115.000000	0.229354  	115.000000	0.228338  	115.000000	0.229956  	115.000000	7.58172e-05	
120.000000	0.363458  	120.000000	0.223544  	120.000000	0.222961  	120.000000	0.221952  	120.000000	0.223471  	120.000000	7.29688e-05	
125.000000	0.352813  	125.000000	0.217541  	125.000000	0.217039  	125.000000	0.216032  	125.000000	0.217471  	125.000000	7.03361e-05	
130.000000	0.342928  	130.000000	0.21197   	130.000000	0.211529  	130.000000	0.210526  	130.000000	0.211902  	130.000000	6.78951e-05	
135.000000	0.333723  	135.000000	0.206786  	135.000000	0.206392  	135.000000	0.205392  	135.000000	0.20672   	135.000000	6.56254e-05	
140.000000	0.325129  	140.000000	0.201949  	140.000000	0.20159   	140.000000	0.200594  	140.000000	0.201886  	140.000000	6.35091e-05	
145.000000	0.317085  	145.000000	0.197426  	145.000000	0.197092  	145.000000	0.1961    	145.000000	0.197365  	145.000000	6.15311e-05	
150.000000	0.309538  	150.000000	0.193187  	150.000000	0.19287   	150.000000	0.191881  	150.000000	0.193127  	150.000000	5.96781e-05	
155.000000	0.298912  	155.000000	0.189206  	155.000000	0.188898  	155.000000	0.187913  	155.000000	0.189148  	155.000000	5.79383e-05	
160.000000	0.292684  	160.000000	0.185459  	160.000000	0.185155  	160.000000	0.184174  	160.000000	0.185403  	160.000000	5.63015e-05	
165.000000	0.286811  	165.000000	0.181927  	165.000000	0.181622  	165.000000	0.180645  	165.000000	0.181873  	165.000000	5.47587e-05	
170.000000	0.281262  	170.000000	0.178592  	170.000000	0.178281  	170.000000	0.177308  	170.000000	0.178539  	170.000000	5.3302e-05	
175.000000	0.276012  	175.000000	0.175438  	175.000000	0.175118  	175.000000	0.174149  	175.000000	0.175386  	175.000000	5.19242e-05	
180.000000	0.271037  	180.000000	0.17245   	180.000000	0.172119  	180.000000	0.171153  	180.000000	0.172399  	180.000000	5.06189e-05	
185.000000	0.266315  	185.000000	0.169615  	185.000000	0.16927   	185.000000	0.168309  	185.000000	0.169565  	185.000000	4.93806e-05	
190.000000	0.261827  	190.000000	0.166922  	190.000000	0.166562  	190.000000	0.165604  	190.000000	0.166874  	190.000000	4.8204e-05	
195.000000	0.257557  	195.000000	0.164361  	195.000000	0.163984  	195.000000	0.16303   	195.000000	0.164314  	195.000000	4.70847e-05	
200.000000	0.253487  	200.000000	0.161922  	200.000000	0.161527  	200.000000	0.160576  	200.000000	0.161876  	200.000000	4.60185e-05	
210.000000	0.245898  	210.000000	0.157376  	210.000000	0.156943  	210.000000	0.156     	210.000000	0.157332  	210.000000	4.40306e-05	
220.000000	0.238962  	220.000000	0.153227  	220.000000	0.152754  	220.000000	0.151817  	220.000000	0.153185  	220.000000	4.22144e-05	
230.000000	0.232598  	230.000000	0.149424  	230.000000	0.14891   	230.000000	0.14798   	230.000000	0.149384  	230.000000	4.05483e-05	
240.000000	0.226736  	240.000000	0.145926  	240.000000	0.145371  	240.000000	0.144448  	240.000000	0.145887  	240.000000	3.90141e-05	
250.000000	0.22132   	250.000000	0.142699  	250.000000	0.142106  	250.000000	0.141187  	250.000000	0.142661  	250.000000	3.75966e-05	
260.000000	0.216301  	260.000000	0.139711  	260.000000	0.13907   	260.000000	0.138167  	260.000000	0.139674  	260.000000	3.62827e-05	
270.000000	0.211636  	270.000000	0.136938  	270.000000	0.136244  	270.000000	0.135363  	270.000000	0.136902  	270.000000	3.50613e-05	
280.000000	0.207289  	280.000000	0.134357  	280.000000	0.13363   	280.000000	0.132752  	280.000000	0.134323  	280.000000	3.39229e-05	
290.000000	0.203228  	290.000000	0.131949  	290.000000	0.131191  	290.000000	0.130317  	290.000000	0.131916  	290.000000	3.28591e-05	
300.000000	0.199427  	300.000000	0.129699  	300.000000	0.128909  	300.000000	0.128041  	300.000000	0.129667  	300.000000	3.18628e-05	
310.000000	0.195862  	310.000000	0.12759   	310.000000	0.126772  	310.000000	0.125908  	310.000000	0.127559  	310.000000	3.09276e-05	
320.000000	0.192511  	320.000000	0.125611  	320.000000	0.124767  	320.000000	0.123907  	320.000000	0.125581  	320.000000	3.00481e-05	
330.000000	0.189355  	330.000000	0.12375   	330.000000	0.12288   	330.000000	0.122025  	330.000000	0.12372   	330.000000	2.92192e-05	
340.000000	0.186379  	340.000000	0.121996  	340.000000	0.121105  	340.000000	0.120253  	340.000000	0.121968  	340.000000	2.84367e-05	
350.000000	0.183567  	350.000000	0.120342  	350.000000	0.119432  	350.000000	0.118582  	350.000000	0.120314  	350.000000	2.76968e-05	
360.000000	0.180907  	360.000000	0.118779  	360.000000	0.117843  	360.000000	0.117004  	360.000000	0.118752  	360.000000	2.6996e-05	
370.000000	0.178387  	370.000000	0.1173    	370.000000	0.116336  	370.000000	0.115512  	370.000000	0.117274  	370.000000	2.63312e-05	
380.000000	0.175996  	380.000000	0.115899  	380.000000	0.114915  	380.000000	0.114098  	380.000000	0.115873  	380.000000	2.56997e-05	
390.000000	0.173726  	390.000000	0.114569  	390.000000	0.113574  	390.000000	0.112758  	390.000000	0.114544  	390.000000	2.50991e-05	
400.000000	0.171566  	400.000000	0.113306  	400.000000	0.112299  	400.000000	0.111486  	400.000000	0.113282  	400.000000	2.45271e-05	
410.000000	0.16951   	410.000000	0.112106  	410.000000	0.111087  	410.000000	0.110277  	410.000000	0.112082  	410.000000	2.39816e-05	
420.000000	0.167551  	420.000000	0.110962  	420.000000	0.109934  	420.000000	0.109128  	420.000000	0.110939  	420.000000	2.34609e-05	
430.000000	0.165681  	430.000000	0.109873  	430.000000	0.108836  	430.000000	0.108033  	430.000000	0.10985   	430.000000	2.29632e-05	
440.000000	0.163896  	440.000000	0.108834  	440.000000	0.107792  	440.000000	0.106989  	440.000000	0.108812  	440.000000	2.24871e-05	
450.000000	0.16219   	450.000000	0.107842  	450.000000	0.106793  	450.000000	0.105994  	450.000000	0.10782   	450.000000	2.20311e-05	
460.000000	0.160558  	460.000000	0.106894  	460.000000	0.105835  	460.000000	0.105044  	460.000000	0.106873  	460.000000	2.1594e-05	
470.000000	0.158996  	470.000000	0.105988  	470.000000	0.104917  	470.000000	0.104136  	470.000000	0.105966  	470.000000	2.11747e-05	
480.000000	0.157499  	480.000000	0.10512   	480.000000	0.104042  	480.000000	0.103267  	480.000000	0.105099  	480.000000	2.07719e-05	
490.000000	0.156064  	490.000000	0.104289  	490.000000	0.103208  	490.000000	0.102436  	490.000000	0.104268  	490.000000	2.03849e-05	
500.000000	0.154686  	500.000000	0.103492  	500.000000	0.102412  	500.000000	0.101641  	500.000000	0.103472  	500.000000	2.00126e-05	
520.000000	0.152093  	520.000000	0.101994  	520.000000	0.100914  	520.000000	0.100147  	520.000000	0.101975  	520.000000	1.93089e-05	
540.000000	0.149697  	540.000000	0.100613  	540.000000	0.0995342 	540.000000	0.0987711 	540.000000	0.100594  	540.000000	1.8655e-05	
560.000000	0.147477  	560.000000	0.0993349 	560.000000	0.098261  	560.000000	0.0975017 	560.000000	0.0993168 	560.000000	1.80456e-05	
580.000000	0.145416  	580.000000	0.0981508 	580.000000	0.0970815 	580.000000	0.0963276 	580.000000	0.0981333 	580.000000	1.74764e-05	
600.000000	0.143499  	600.000000	0.0970513 	600.000000	0.0959843 	600.000000	0.0952394 	600.000000	0.0970344 	600.000000	1.69433e-05	
620.000000	0.141713  	620.000000	0.0960284 	620.000000	0.0949652 	620.000000	0.094229  	620.000000	0.096012  	620.000000	1.64431e-05	
640.000000	0.140047  	640.000000	0.0950751 	640.000000	0.0940216 	640.000000	0.0932892 	640.000000	0.0950592 	640.000000	1.59727e-05	
660.000000	0.138489  	660.000000	0.0941854 	660.000000	0.0931441 	660.000000	0.0924136 	660.000000	0.0941698 	660.000000	1.55295e-05	
680.000000	0.137031  	680.000000	0.0933536 	680.000000	0.0923243 	680.000000	0.0915967 	680.000000	0.0933385 	680.000000	1.51112e-05	
700.000000	0.135664  	700.000000	0.0925752 	700.000000	0.0915588 	700.000000	0.0908333 	700.000000	0.0925604 	700.000000	1.47157e-05	
720.000000	0.134383  	720.000000	0.0918456 	720.000000	0.0908433 	720.000000	0.090119  	720.000000	0.0918312 	720.000000	1.43412e-05	
740.000000	0.133179  	740.000000	0.0911611 	740.000000	0.0901703 	740.000000	0.0894499 	740.000000	0.0911471 	740.000000	1.39861e-05	
760.000000	0.132047  	760.000000	0.0905181 	760.000000	0.0895352 	760.000000	0.0888223 	760.000000	0.0905045 	760.000000	1.36487e-05	
780.000000	0.130982  	780.000000	0.0899137 	780.000000	0.0889384 	780.000000	0.0882331 	780.000000	0.0899004 	780.000000	1.33279e-05	
800.000000	0.129979  	800.000000	0.089345  	800.000000	0.0883806 	800.000000	0.0876794 	800.000000	0.0893319 	800.000000	1.30225e-05	
820.000000	0.129034  	820.000000	0.0888094 	820.000000	0.0878583 	820.000000	0.0871584 	820.000000	0.0887966 	820.000000	1.27312e-05	
840.000000	0.128144  	840.000000	0.0883046 	840.000000	0.087381  	840.000000	0.086682  	840.000000	0.0882921 	840.000000	1.24532e-05	
860.000000	0.127303  	860.000000	0.0878286 	860.000000	0.0869287 	860.000000	0.0862314 	860.000000	0.0878164 	860.000000	1.21876e-05	
880.000000	0.12651   	880.000000	0.0873794 	880.000000	0.0865024 	880.000000	0.0858069 	880.000000	0.0873674 	880.000000	1.19335e-05	
900.000000	0.125761  	900.000000	0.0869553 	900.000000	0.0861009 	900.000000	0.0854066 	900.000000	0.0869436 	900.000000	1.16902e-05	
920.000000	0.125053  	920.000000	0.0865547 	920.000000	0.0857225 	920.000000	0.0850289 	920.000000	0.0865432 	920.000000	1.14569e-05	
940.000000	0.124384  	940.000000	0.0861761 	940.000000	0.0853648 	940.000000	0.0846724 	940.000000	0.0861649 	940.000000	1.12332e-05	
960.000000	0.123752  	960.000000	0.0858182 	960.000000	0.0850254 	960.000000	0.0843358 	960.000000	0.0858072 	960.000000	1.10184e-05	
980.000000	0.123155  	980.000000	0.0854798 	980.000000	0.0847029 	980.000000	0.0840177 	980.000000	0.085469  	980.000000	1.0812e-05	
1000.000000	0.12259   	1000.000000	0.0851597 	1000.000000	0.0843974 	1000.000000	0.083717  	1000.000000	0.0851491 	1000.000000	1.06134e-05	
1020.000000	0.122056  	1020.000000	0.0848568 	1020.000000	0.0841087 	1020.000000	0.0834327 	1020.000000	0.0848464 	1020.000000	1.04223e-05	
1040.000000	0.121552  	1040.000000	0.0845703 	1040.000000	0.0838369 	1040.000000	0.0831637 	1040.000000	0.08456   	1040.000000	1.02382e-05	
1060.000000	0.121074  	1060.000000	0.0842991 	1060.000000	0.0835809 	1060.000000	0.0829093 	1060.000000	0.084289  	1060.000000	1.00608e-05	
1080.000000	0.120623  	1080.000000	0.0840425 	1080.000000	0.0833394 	1080.000000	0.0826685 	1080.000000	0.0840326 	1080.000000	9.88966e-06	
1100.000000	0.120197  	1100.000000	0.0837997 	1100.000000	0.083111  	1100.000000	0.0824405 	1100.000000	0.0837899 	1100.000000	9.72446e-06	
1120.000000	0.119795  	1120.000000	0.0835699 	1120.000000	0.0828945 	1120.000000	0.0822247 	1120.000000	0.0835603 	1120.000000	9.5649e-06	
1140.000000	0.119414  	1140.000000	0.0833525 	1140.000000	0.0826892 	1140.000000	0.0820203 	1140.000000	0.0833431 	1140.000000	9.41069e-06	
1160.000000	0.119056  	1160.000000	0.0831468 	1160.000000	0.0824946 	1160.000000	0.0818267 	1160.000000	0.0831376 	1160.000000	9.26157e-06	
1180.000000	0.118717  	1180.000000	0.0829524 	1180.000000	0.0823103 	1180.000000	0.0816434 	1180.000000	0.0829433 	1180.000000	9.11729e-06	
1200.000000	0.118398  	1200.000000	0.0827685 	1200.000000	0.082136  	1200.000000	0.0814698 	1200.000000	0.0827595 	1200.000000	8.9776e-06	
1220.000000	0.118097  	1220.000000	0.0825948 	1220.000000	0.081971  	1220.000000	0.0813054 	1220.000000	0.082586  	1220.000000	8.84229e-06	
1240.000000	0.117814  	1240.000000	0.0824307 	1240.000000	0.0818149 	1240.000000	0.0811497 	1240.000000	0.082422  	1240.000000	8.71116e-06	
1260.000000	0.117548  	1260.000000	0.0822758 	1260.000000	0.081667  	1260.000000	0.0810023 	1260.000000	0.0822672 	1260.000000	8.58401e-06	
1280.000000	0.117298  	1280.000000	0.0821296 	1280.000000	0.0815267 	1280.000000	0.0808627 	1280.000000	0.0821212 	1280.000000	8.46066e-06	
1300.000000	0.117063  	1300.000000	0.0819918 	1300.000000	0.0813935 	1300.000000	0.0807306 	1300.000000	0.0819835 	1300.000000	8.34095e-06	
1320.000000	0.116843  	1320.000000	0.081862  	1320.000000	0.0812668 	1320.000000	0.0806055 	1320.000000	0.0818538 	1320.000000	8.2247e-06	
1340.000000	0.116637  	1340.000000	0.0817399 	1340.000000	0.0811463 	1340.000000	0.0804872 	1340.000000	0.0817318 	1340.000000	8.11177e-06	
1360.000000	0.116445  	1360.000000	0.081625  	1360.000000	0.081032  	1360.000000	0.0803753 	1360.000000	0.081617  	1360.000000	8.00202e-06	
1380.000000	0.116266  	1380.000000	0.0815172 	1380.000000	0.0809237 	1380.000000	0.0802695 	1380.000000	0.0815093 	1380.000000	7.89532e-06	
1400.000000	0.1161    	1400.000000	0.081416  	1400.000000	0.0808213 	1400.000000	0.0801695 	1400.000000	0.0814082 	1400.000000	7.79153e-06	
1420.000000	0.115945  	1420.000000	0.0813213 	1420.000000	0.0807247 	1420.000000	0.0800751 	1420.000000	0.0813136 	1420.000000	7.69054e-06	
1440.000000	0.115802  	1440.000000	0.0812327 	1440.000000	0.0806337 	1440.000000	0.0799859 	1440.000000	0.0812251 	1440.000000	7.59223e-06	
1460.000000	0.11567   	1460.000000	0.0811501 	1460.000000	0.0805482 	1460.000000	0.0799018 	1460.000000	0.0811426 	1460.000000	7.49651e-06	
1480.000000	0.115549  	1480.000000	0.0810731 	1480.000000	0.080468  	1480.000000	0.0798225 	1480.000000	0.0810657 	1480.000000	7.40325e-06	
1500.000000	0.115438  	1500.000000	0.0810016 	1500.000000	0.0803926 	1500.000000	0.0797478 	1500.000000	0.0809943 	1500.000000	7.31238e-06	
1520.000000	0.115337  	1520.000000	0.0809353 	1520.000000	0.0803219 	1520.000000	0.0796774 	1520.000000	0.0809281 	1520.000000	7.2238e-06	
1540.000000	0.115246  	1540.000000	0.080874  	1540.000000	0.0802554 	1540.000000	0.0796113 	1540.000000	0.0808669 	1540.000000	7.13742e-06	
1560.000000	0.115164  	1560.000000	0.0808176 	1560.000000	0.0801931 	1560.000000	0.0795492 	1560.000000	0.0808106 	1560.000000	7.05316e-06	
1580.000000	0.11509   	1580.000000	0.0807659 	1580.000000	0.0801346 	1580.000000	0.0794909 	1580.000000	0.0807589 	1580.000000	6.97094e-06	
1600.000000	0.115026  	1600.000000	0.0807187 	1600.000000	0.0800798 	1600.000000	0.0794363 	1600.000000	0.0807118 	1600.000000	6.89069e-06	
1620.000000	0.11497   	1620.000000	0.0806757 	1620.000000	0.0800284 	1620.000000	0.0793852 	1620.000000	0.0806689 	1620.000000	6.81234e-06	
1640.000000	0.114921  	1640.000000	0.080637  	1640.000000	0.0799804 	1640.000000	0.0793375 	1640.000000	0.0806303 	1640.000000	6.73581e-06	
1660.000000	0.114881  	1660.000000	0.0806023 	1660.000000	0.0799355 	1660.000000	0.079293  	1660.000000	0.0805956 	1660.000000	6.66105e-06	
1680.000000	0.114848  	1680.000000	0.0805714 	1680.000000	0.0798937 	1680.000000	0.0792515 	1680.000000	0.0805649 	1680.000000	6.588e-06 	
1700.000000	0.114822  	1700.000000	0.0805443 	1700.000000	0.0798548 	1700.000000	0.0792131 	1700.000000	0.0805378 	1700.000000	6.51659e-06	
1750.000000	0.114788  	1750.000000	0.0804922 	1750.000000	0.0797697 	1750.000000	0.0791291 	1750.000000	0.0804858 	1750.000000	6.34491e-06	
1800.000000	0.114795  	1800.000000	0.0804608 	1800.000000	0.0797005 	1800.000000	0.079061  	1800.000000	0.0804546 	1800.000000	6.18237e-06	
1850.000000	0.11484   	1850.000000	0.0804484 	1850.000000	0.0796459 	1850.000000	0.0790075 	1850.000000	0.0804424 	1850.000000	6.02825e-06	
1900.000000	0.11492   	1900.000000	0.0804537 	1900.000000	0.0796043 	1900.000000	0.078967  	1900.000000	0.0804478 	1900.000000	5.88191e-06	
1950.000000	0.115032  	1950.000000	0.0804752 	1950.000000	0.0795743 	1950.000000	0.0789383 	1950.000000	0.0804695 	1950.000000	5.74276e-06	
2000.000000	0.115174  	2000.000000	0.0805117 	2000.000000	0.079555  	2000.000000	0.0789203 	2000.000000	0.0805061 	2000.000000	5.61028e-06	
2100.000000	0.115543  	2100.000000	0.0806256 	2100.000000	0.079544  	2100.000000	0.0789127 	2100.000000	0.0806203 	2100.000000	5.36347e-06	
2200.000000	0.116012  	2200.000000	0.0807878 	2200.000000	0.0795651 	2200.000000	0.0789373 	2200.000000	0.0807827 	2200.000000	5.1382e-06	
2300.000000	0.116569  	2300.000000	0.080992  	2300.000000	0.0796134 	2300.000000	0.0789888 	2300.000000	0.080987  	2300.000000	4.93173e-06	
2400.000000	0.117206  	2400.000000	0.0812328 	2400.000000	0.0796849 	2400.000000	0.0790625 	2400.000000	0.0812281 	2400.000000	4.74177e-06	
2500.000000	0.117912  	2500.000000	0.081506  	2500.000000	0.0797758 	2500.000000	0.0791548 	2500.000000	0.0815014 	2500.000000	4.56641e-06	
2600.000000	0.118683  	2600.000000	0.0818077 	2600.000000	0.0798828 	2600.000000	0.0792625 	2600.000000	0.0818033 	2600.000000	4.40399e-06	
2700.000000	0.119511  	2700.000000	0.0821347 	2700.000000	0.080003  	2700.000000	0.0793833 	2700.000000	0.0821305 	2700.000000	4.25312e-06	
2800.000000	0.120392  	2800.000000	0.0824843 	2800.000000	0.0801341 	2800.000000	0.0795148 	2800.000000	0.0824802 	2800.000000	4.1126e-06	
2900.000000	0.121321  	2900.000000	0.0828542 	2900.000000	0.0802741 	2900.000000	0.0796553 	2900.000000	0.0828502 	2900.000000	3.98138e-06	
3000.000000	0.122294  	3000.000000	0.0832421 	3000.000000	0.0804214 	3000.000000	0.0798032 	3000.000000	0.0832383 	3000.000000	3.85857e-06	
3200.000000	0.12436   	3200.000000	0.0840656 	3200.000000	0.0807333 	3200.000000	0.0801165 	3200.000000	0.084062  	3200.000000	3.63508e-06	
3400.000000	0.126566  	3400.000000	0.0849428 	3400.000000	0.0810618 	3400.000000	0.0804465 	3400.000000	0.0849394 	3400.000000	3.43687e-06	
3600.000000	0.128896  	3600.000000	0.0858646 	3600.000000	0.0814009 	3600.000000	0.0807871 	3600.000000	0.0858613 	3600.000000	3.25984e-06	
3800.000000	0.131334  	3800.000000	0.0868235 	3800.000000	0.0817463 	3800.000000	0.0811339 	3800.000000	0.0868204 	3800.000000	3.10073e-06	
4000.000000	0.133871  	4000.000000	0.0878138 	4000.000000	0.0820948 	4000.000000	0.0814838 	4000.000000	0.0878109 	4000.000000	2.95692e-06	
4200.000000	0.136495  	4200.000000	0.0888308 	4200.000000	0.0824439 	4200.000000	0.0818342 	4200.000000	0.088828  	4200.000000	2.82629e-06	
4400.000000	0.1392    	4400.000000	0.0898705 	4400.000000	0.0827918 	4400.000000	0.0821833 	4400.000000	0.0898678 	4400.000000	2.70709e-06	
4600.000000	0.141979  	4600.000000	0.0909298 	4600.000000	0.0831373 	4600.000000	0.0825298 	4600.000000	0.0909272 	4600.000000	2.59785e-06	
4800.000000	0.144826  	4800.000000	0.0920059 	4800.000000	0.0834792 	4800.000000	0.0828728 	4800.000000	0.0920034 	4800.000000	2.49737e-06	
5000.000000	0.147738  	5000.000000	0.0930968 	5000.000000	0.0838169 	5000.000000	0.0832114 	5000.000000	0.0930944 	5000.000000	2.40463e-06	
5250.000000	0.151463  	5250.000000	0.0944782 	5250.000000	0.0842322 	5250.000000	0.0836278 	5250.000000	0.0944759 	5250.000000	2.29826e-06	
5500.000000	0.155275  	5500.000000	0.0958766 	5500.000000	0.0846394 	5500.000000	0.084036  	5500.000000	0.0958744 	5500.000000	2.20121e-06	
6000.000000	0.163144  	6000.000000	0.0987146 	6000.000000	0.0854277 	6000.000000	0.0848261 	6000.000000	0.0987126 	6000.000000	2.03047e-06	
6500.000000	0.171311  	6500.000000	0.101595  	6500.000000	0.0861807 	6500.000000	0.0855804 	6500.000000	0.101594  	6500.000000	1.88507e-06	
7000.000000	0.179754  	7000.000000	0.104508  	7000.000000	0.0868985 	7000.000000	0.0862996 	7000.000000	0.104506  	7000.000000	1.7597e-06	
7500.000000	0.188454  	7500.000000	0.107444  	7500.000000	0.0875809 	7500.000000	0.086985  	7500.000000	0.107443  	7500.000000	1.65044e-06	
8000.000000	0.197398  	8000.000000	0.110399  	8000.000000	0.0882327 	8000.000000	0.0876383 	8000.000000	0.110397  	8000.000000	1.55435e-06	
8500.000000	0.206577  	8500.000000	0.113367  	8500.000000	0.0888561 	8500.000000	0.0882616 	8500.000000	0.113365  	8500.000000	1.46917e-06	
9000.000000	0.215983  	9000.000000	0.116345  	9000.000000	0.0894516 	9000.000000	0.0888568 	9000.000000	0.116344  	9000.000000	1.39311e-06	
9500.000000	0.225608  	9500.000000	0.119331  	9500.000000	0.0900189 	9500.000000	0.0894257 	9500.000000	0.11933   	9500.000000	1.32477e-06	
10000.000000	0.235449  	10000.000000	0.122323  	10000.000000	0.0905597 	10000.000000	0.0899703 	10000.000000	0.122321  	10000.000000	1.26303e-06	
11000.000000	0.255761  	11000.000000	0.128317  	11000.000000	0.0915765 	11000.000000	0.0909929 	11000.000000	0.128316  	11000.000000	1.1558e-06	
12000.000000	0.276894  	12000.000000	0.134318  	12000.000000	0.0925203 	12000.000000	0.0919365 	12000.000000	0.134317  	12000.000000	1.06583e-06	
13000.000000	0.298833  	13000.000000	0.140321  	13000.000000	0.0933943 	13000.000000	0.0928111 	13000.000000	0.14032   	13000.000000	9.89238e-07	
14000.000000	0.321567  	14000.000000	0.14632   	14000.000000	0.0942039 	14000.000000	0.0936252 	14000.000000	0.146319  	14000.000000	9.23215e-07	
15000.000000	0.34509   	15000.000000	0.152315  	15000.000000	0.0949574 	15000.000000	0.094386  	15000.000000	0.152314  	15000.000000	8.65696e-07	
16000.000000	0.369396  	16000.000000	0.158302  	16000.000000	0.0956638 	16000.000000	0.0950995 	16000.000000	0.158301  	16000.000000	8.15123e-07	
17000.000000	0.394484  	17000.000000	0.164281  	17000.000000	0.0963294 	17000.000000	0.0957708 	17000.000000	0.164281  	17000.000000	7.70298e-07	
18000.000000	0.420351  	18000.000000	0.170252  	18000.000000	0.0969588 	18000.000000	0.0964043 	18000.000000	0.170251  	18000.000000	7.30285e-07	
19000.000000	0.446997  	19000.000000	0.176212  	19000.000000	0.0975557 	19000.000000	0.0970037 	19000.000000	0.176212  	19000.000000	6.94342e-07	
20000.000000	0.474423  	20000.000000	0.182163  	20000.000000	0.0981229 	20000.000000	0.0975724 	20000.000000	0.182162  	20000.000000	6.61871e-07	
21000.000000	0.50263   	21000.000000	0.188104  	21000.000000	0.0986614 	21000.000000	0.0981131 	21000.000000	0.188103  	21000.000000	6.32389e-07	
22000.000000	0.531619  	22000.000000	0.194035  	22000.000000	0.0991702 	22000.000000	0.0986283 	22000.000000	0.194035  	22000.000000	6.05496e-07	
23000.000000	0.561393  	23000.000000	0.199956  	23000.000000	0.099656  	23000.000000	0.0991201 	23000.000000	0.199956  	23000.000000	5.80863e-07	
24000.000000	0.591954  	24000.000000	0.205868  	24000.000000	0.100121  	24000.000000	0.0995906 	24000.000000	0.205867  	24000.000000	5.58213e-07	
25000.000000	0.623304  	25000.000000	0.211769  	25000.000000	0.100566  	25000.000000	0.100041  	25000.000000	0.211769  	25000.000000	5.37315e-07	
26000.000000	0.655447  	26000.000000	0.217662  	26000.000000	0.100993  	26000.000000	0.100474  	26000.000000	0.217661  	26000.000000	5.1797e-07	
27000.000000	0.688385  	27000.000000	0.223544  	27000.000000	0.101404  	27000.000000	0.100889  	27000.000000	0.223544  	27000.000000	5.00011e-07	
28000.000000	0.722123  	28000.000000	0.229418  	28000.000000	0.101799  	28000.000000	0.101289  	28000.000000	0.229418  	28000.000000	4.83291e-07	
29000.000000	0.756662  	29000.000000	0.235283  	29000.000000	0.102178  	29000.000000	0.101674  	29000.000000	0.235282  	29000.000000	4.67686e-07	
30000.000000	0.792008  	30000.000000	0.241139  	30000.000000	0.102544  	30000.000000	0.102046  	30000.000000	0.241138  	30000.000000	4.53086e-07	
32000.000000	0.865131  	32000.000000	0.252825  	32000.000000	0.103237  	32000.000000	0.102752  	32000.000000	0.252824  	32000.000000	4.26535e-07	
34000.000000	0.941524  	34000.000000	0.264478  	34000.000000	0.103884  	34000.000000	0.103413  	34000.000000	0.264477  	34000.000000	4.03006e-07	
36000.000000	1.02122   	36000.000000	0.2761    	36000.000000	0.104489  	36000.000000	0.104034  	36000.000000	0.276099  	36000.000000	3.82008e-07	
38000.000000	1.10424   	38000.000000	0.287691  	38000.000000	0.105057  	38000.000000	0.10462   	38000.000000	0.287691  	38000.000000	3.63148e-07	
40000.000000	1.19064   	40000.000000	0.299254  	40000.000000	0.105592  	40000.000000	0.105174  	40000.000000	0.299254  	40000.000000	3.46114e-07	
42000.000000	1.28043   	42000.000000	0.31079   	42000.000000	0.106098  	42000.000000	0.105699  	42000.000000	0.310789  	42000.000000	3.3065e-07	
44000.000000	1.37367   	44000.000000	0.322299  	44000.000000	0.106578  	44000.000000	0.106199  	44000.000000	0.322298  	44000.000000	3.16546e-07	
46000.000000	1.47038   	46000.000000	0.333783  	46000.000000	0.107037  	46000.000000	0.106675  	46000.000000	0.333782  	46000.000000	3.0363e-07	
48000.000000	1.5706    	48000.000000	0.345242  	48000.000000	0.107474  	48000.000000	0.107129  	48000.000000	0.345242  	48000.000000	2.91755e-07	
50000.000000	1.67436   	50000.000000	0.356678  	50000.000000	0.107891  	50000.000000	0.107563  	50000.000000	0.356678  	50000.000000	2.808e-07 	
