*Energy (MeV/u)1	0 - [He-base] F.Hubert et al, AD&ND Tables 46(1990)1	Energy (MeV/u)2	1 - [H -base] J.F.Ziegler et al, Pergamon Press, NY (low energy)	Energy (MeV/u)3	2 - ATIMA 1.2  LS-theory (recommended for high energy)	Energy (MeV/u)4	3 - ATIMA 1.2  without LS-correction	Energy (MeV/u)5	4 - electrical component of [1] - J.F.Ziegler et al	Energy (MeV/u)6	5 - nuclear component of [1] - J.F.Ziegler et al	
0.001000	0.065434  	0.001000	0.0714402 	0.001000	0.0860136 	0.001000	0.0860136 	0.001000	0.0482017 	0.001000	0.0232385 	
0.002000	0.0836106 	0.002000	0.0941179 	0.002000	0.11086   	0.002000	0.11086   	0.002000	0.0778276 	0.002000	0.0162903 	
0.005000	0.129357  	0.005000	0.148355  	0.005000	0.163481  	0.005000	0.163481  	0.005000	0.13911   	0.005000	0.00924548	
0.008000	0.163642  	0.008000	0.188483  	0.008000	0.198995  	0.008000	0.198995  	0.008000	0.18179   	0.008000	0.00669326	
0.010000	0.182556  	0.010000	0.210442  	0.010000	0.217503  	0.010000	0.217503  	0.010000	0.204787  	0.010000	0.00565484	
0.015000	0.232916  	0.015000	0.253473  	0.015000	0.253921  	0.015000	0.253921  	0.015000	0.249277  	0.015000	0.00419563	
0.020000	0.275049  	0.020000	0.287441  	0.020000	0.282137  	0.020000	0.282137  	0.020000	0.284068  	0.020000	0.00337326	
0.025000	0.310973  	0.025000	0.315651  	0.025000	0.305817  	0.025000	0.305817  	0.025000	0.312812  	0.025000	0.00283919	
0.030000	0.34177   	0.030000	0.339789  	0.030000	0.330365  	0.030000	0.330365  	0.030000	0.337327  	0.030000	0.00246171	
0.035000	0.368093  	0.035000	0.360825  	0.035000	0.351895  	0.035000	0.351895  	0.035000	0.358645  	0.035000	0.0021794 	
0.040000	0.390391  	0.040000	0.379363  	0.040000	0.370975  	0.040000	0.370975  	0.040000	0.377403  	0.040000	0.00195955	
0.045000	0.409028  	0.045000	0.395806  	0.045000	0.387988  	0.045000	0.387988  	0.045000	0.394023  	0.045000	0.00178305	
0.050000	0.424327  	0.050000	0.410435  	0.050000	0.403198  	0.050000	0.403198  	0.050000	0.408797  	0.050000	0.00163793	
0.055000	0.436603  	0.055000	0.423459  	0.055000	0.416804  	0.055000	0.416804  	0.055000	0.421943  	0.055000	0.00151632	
0.060000	0.446168  	0.060000	0.435038  	0.060000	0.428957  	0.060000	0.428957  	0.060000	0.433626  	0.060000	0.0014128 	
0.070000	0.458401  	0.070000	0.454359  	0.070000	0.449379  	0.070000	0.449379  	0.070000	0.453114  	0.070000	0.00124566	
0.080000	0.463404  	0.080000	0.46922   	0.080000	0.465255  	0.080000	0.465255  	0.080000	0.468104  	0.080000	0.00111624	
0.090000	0.463281  	0.090000	0.480269  	0.090000	0.477216  	0.090000	0.477216  	0.090000	0.479256  	0.090000	0.00101282	
0.100000	0.459758  	0.100000	0.488056  	0.100000	0.48581   	0.100000	0.48581   	0.100000	0.487128  	0.100000	0.000928135	
0.120000	0.447395  	0.120000	0.495747  	0.120000	0.494807  	0.120000	0.494807  	0.120000	0.494949  	0.120000	0.000797375	
0.140000	0.432795  	0.140000	0.495587  	0.140000	0.495603  	0.140000	0.495603  	0.140000	0.494886  	0.140000	0.000700806	
0.160000	0.418717  	0.160000	0.490142  	0.160000	0.490844  	0.160000	0.490844  	0.160000	0.489516  	0.160000	0.000626349	
0.180000	0.406029  	0.180000	0.481329  	0.180000	0.48252   	0.180000	0.48252   	0.180000	0.480762  	0.180000	0.000567061	
0.200000	0.394798  	0.200000	0.470519  	0.200000	0.472059  	0.200000	0.472059  	0.200000	0.47      	0.200000	0.000518652	
0.250000	0.371613  	0.250000	0.440211  	0.250000	0.44225   	0.250000	0.44225   	0.250000	0.439782  	0.250000	0.000428979	
0.300000	0.352679  	0.300000	0.410358  	0.300000	0.412605  	0.300000	0.412605  	0.300000	0.409991  	0.300000	0.000367054	
0.350000	0.335987  	0.350000	0.38331   	0.350000	0.385618  	0.350000	0.385618  	0.350000	0.382989  	0.350000	0.000321555	
0.400000	0.320699  	0.400000	0.359421  	0.400000	0.361703  	0.400000	0.361703  	0.400000	0.359135  	0.400000	0.000286618	
0.450000	0.306501  	0.450000	0.338424  	0.450000	0.340628  	0.450000	0.340628  	0.450000	0.338165  	0.450000	0.000258894	
0.500000	0.293274  	0.500000	0.319915  	0.500000	0.322012  	0.500000	0.322012  	0.500000	0.319679  	0.500000	0.000236323	
0.600000	0.269505  	0.600000	0.288882  	0.600000	0.290726  	0.600000	0.290726  	0.600000	0.288681  	0.600000	0.000201722	
0.700000	0.248984  	0.700000	0.263912  	0.700000	0.265496  	0.700000	0.265496  	0.700000	0.263736  	0.700000	0.000176373	
0.800000	0.231267  	0.800000	0.243368  	0.800000	0.244712  	0.800000	0.244712  	0.800000	0.243211  	0.800000	0.000156955	
0.900000	0.21591   	0.900000	0.22614   	0.900000	0.22727   	0.900000	0.22727   	0.900000	0.225999  	0.900000	0.000141577	
1.000000	0.202514  	1.000000	0.211457  	1.000000	0.2124    	1.000000	0.2124    	1.000000	0.211328  	1.000000	0.000129079	
1.250000	0.175558  	1.250000	0.182625  	1.250000	0.183204  	1.250000	0.183204  	1.250000	0.182519  	1.250000	0.000106074	
1.500000	0.155203  	1.500000	0.161293  	1.500000	0.161616  	1.500000	0.161616  	1.500000	0.161203  	1.500000	9.03097e-05	
1.750000	0.139262  	1.750000	0.144751  	1.750000	0.144892  	1.750000	0.144892  	1.750000	0.144672  	1.750000	7.87956e-05	
2.000000	0.126414  	2.000000	0.131487  	2.000000	0.131496  	2.000000	0.131496  	2.000000	0.131417  	2.000000	6.99977e-05	
2.250000	0.115825  	2.250000	0.120583  	2.250000	0.120494  	2.250000	0.120494  	2.250000	0.12052   	2.250000	6.30447e-05	
2.500000	0.105147  	2.500000	0.111445  	2.500000	0.111281  	2.500000	0.111281  	2.500000	0.111387  	2.500000	5.74039e-05	
3.000000	0.0917774 	3.000000	0.0969604 	3.000000	0.0966969 	3.000000	0.0966969 	3.000000	0.0969116 	3.000000	4.87938e-05	
3.500000	0.0816428 	3.500000	0.0859774 	3.500000	0.0856539 	3.500000	0.0856539 	3.500000	0.0859348 	3.500000	4.25169e-05	
4.000000	0.0736722 	4.000000	0.0773515 	4.000000	0.0769914 	4.000000	0.0769914 	4.000000	0.0773138 	4.000000	3.77281e-05	
4.500000	0.0672254 	4.500000	0.0703907 	4.500000	0.0700082 	4.500000	0.0700082 	4.500000	0.0703567 	4.500000	3.39483e-05	
5.000000	0.0618946 	5.000000	0.0646502 	5.000000	0.0642544 	5.000000	0.0642544 	5.000000	0.0646193 	5.000000	3.08853e-05	
5.500000	0.0574074 	5.500000	0.059831  	5.500000	0.0594279 	5.500000	0.0594279 	5.500000	0.0598026 	5.500000	2.83505e-05	
6.000000	0.0535742 	6.000000	0.0557244 	6.000000	0.055318  	6.000000	0.055318  	6.000000	0.0556982 	6.000000	2.62164e-05	
6.500000	0.0502587 	6.500000	0.0521808 	6.500000	0.0517738 	6.500000	0.0517738 	6.500000	0.0521564 	6.500000	2.43937e-05	
7.000000	0.0473608 	7.000000	0.0490896 	7.000000	0.0486838 	7.000000	0.0486838 	7.000000	0.0490668 	7.000000	2.2818e-05	
7.500000	0.0448046 	7.500000	0.0463677 	7.500000	0.0459644 	7.500000	0.0459644 	7.500000	0.0463462 	7.500000	2.14417e-05	
8.000000	0.0425318 	8.000000	0.0439512 	8.000000	0.0435514 	8.000000	0.0435514 	8.000000	0.0439309 	8.000000	2.02286e-05	
8.500000	0.0404969 	8.500000	0.0417903 	8.500000	0.0413946 	8.500000	0.0413946 	8.500000	0.0417711 	8.500000	1.91511e-05	
9.000000	0.0386636 	9.000000	0.0398456 	9.000000	0.0394544 	9.000000	0.0394544 	9.000000	0.0398274 	9.000000	1.81871e-05	
9.500000	0.0370028 	9.500000	0.0380854 	9.500000	0.037699  	9.500000	0.037699  	9.500000	0.0380681 	9.500000	1.73196e-05	
10.000000	0.0354908 	10.000000	0.0360091 	10.000000	0.0361026 	10.000000	0.0361026 	10.000000	0.0359926 	10.000000	1.65344e-05	
11.000000	0.0328382 	11.000000	0.0333685 	11.000000	0.033282  	11.000000	0.0332839 	11.000000	0.0333534 	11.000000	1.51677e-05	
12.000000	0.0305856 	12.000000	0.0311154 	12.000000	0.0309012 	12.000000	0.0309044 	12.000000	0.0311014 	12.000000	1.40179e-05	
13.000000	0.0286473 	13.000000	0.0291691 	13.000000	0.0288653 	13.000000	0.0288689 	13.000000	0.0291561 	13.000000	1.30366e-05	
14.000000	0.0269606 	14.000000	0.0274701 	14.000000	0.0271043 	14.000000	0.0271078 	14.000000	0.0274579 	14.000000	1.21888e-05	
15.000000	0.0254788 	15.000000	0.0259733 	15.000000	0.0255659 	15.000000	0.0255693 	15.000000	0.0259619 	15.000000	1.14486e-05	
16.000000	0.024166  	16.000000	0.0246442 	16.000000	0.0242107 	16.000000	0.024214  	16.000000	0.0246334 	16.000000	1.07966e-05	
17.000000	0.0229944 	17.000000	0.0234557 	17.000000	0.0230086 	17.000000	0.0230114 	17.000000	0.0234454 	17.000000	1.02177e-05	
18.000000	0.0219419 	18.000000	0.0223861 	18.000000	0.0219353 	18.000000	0.0219375 	18.000000	0.0223764 	18.000000	9.70006e-06	
19.000000	0.0209909 	19.000000	0.0214184 	19.000000	0.0209713 	19.000000	0.0209729 	19.000000	0.0214091 	19.000000	9.23435e-06	
20.000000	0.0201272 	20.000000	0.0205382 	20.000000	0.0201007 	20.000000	0.0201023 	20.000000	0.0205294 	20.000000	8.81302e-06	
21.000000	0.0193391 	21.000000	0.0197342 	21.000000	0.019311  	21.000000	0.0193128 	21.000000	0.0197258 	21.000000	8.42995e-06	
22.000000	0.0186168 	22.000000	0.0189967 	22.000000	0.0185927 	22.000000	0.018594  	22.000000	0.0189886 	22.000000	8.08007e-06	
23.000000	0.0179523 	23.000000	0.0183176 	23.000000	0.0179367 	23.000000	0.0179371 	23.000000	0.0183098 	23.000000	7.7592e-06	
24.000000	0.0173388 	24.000000	0.0176902 	24.000000	0.0173354 	24.000000	0.0173349 	24.000000	0.0176827 	24.000000	7.46383e-06	
25.000000	0.0167706 	25.000000	0.0171086 	25.000000	0.0167824 	25.000000	0.0167811 	25.000000	0.0171014 	25.000000	7.191e-06 	
27.000000	0.0157509 	27.000000	0.0160641 	27.000000	0.0158016 	27.000000	0.0157982 	27.000000	0.0160574 	27.000000	6.70322e-06	
29.000000	0.0148614 	29.000000	0.0151523 	29.000000	0.0149585 	29.000000	0.0149543 	29.000000	0.0151461 	29.000000	6.27974e-06	
31.000000	0.0140783 	31.000000	0.0143491 	31.000000	0.0141991 	31.000000	0.0141946 	31.000000	0.0143432 	31.000000	5.90848e-06	
33.000000	0.0133832 	33.000000	0.0136358 	33.000000	0.013501  	33.000000	0.0134951 	33.000000	0.0136302 	33.000000	5.58023e-06	
35.000000	0.0127618 	35.000000	0.012998  	35.000000	0.0128748 	35.000000	0.0128693 	35.000000	0.0129928 	35.000000	5.28784e-06	
38.000000	0.0119438 	38.000000	0.0121583 	38.000000	0.012051  	38.000000	0.0120446 	38.000000	0.0121534 	38.000000	4.90446e-06	
41.000000	0.0112373 	41.000000	0.011433  	41.000000	0.0113381 	41.000000	0.0113315 	41.000000	0.0114284 	41.000000	4.57479e-06	
44.000000	0.0106204 	44.000000	0.0107999 	44.000000	0.0107143 	44.000000	0.0107085 	44.000000	0.0107956 	44.000000	4.28815e-06	
47.000000	0.0100769 	47.000000	0.0102423 	47.000000	0.0101659 	47.000000	0.0101592 	47.000000	0.0102383 	47.000000	4.03654e-06	
50.000000	0.00959413	50.000000	0.00974732	50.000000	0.0096779 	50.000000	0.00967118	50.000000	0.00974351	50.000000	3.81384e-06	
55.000000	0.00889877	55.000000	0.00903489	55.000000	0.00897525	55.000000	0.00896793	55.000000	0.0090314 	55.000000	3.49442e-06	
60.000000	0.00831166	60.000000	0.00843411	60.000000	0.00838081	60.000000	0.00837408	60.000000	0.00843088	60.000000	3.22606e-06	
65.000000	0.0078089 	65.000000	0.00792036	65.000000	0.00787251	65.000000	0.00786561	65.000000	0.00791736	65.000000	2.99729e-06	
70.000000	0.00737319	70.000000	0.00747581	70.000000	0.00743213	70.000000	0.00742512	70.000000	0.00747301	70.000000	2.79987e-06	
75.000000	0.00699171	75.000000	0.00708722	75.000000	0.00704612	75.000000	0.00703966	75.000000	0.00708459	75.000000	2.6277e-06	
80.000000	0.00665472	80.000000	0.00674453	80.000000	0.00670644	80.000000	0.00669942	80.000000	0.00674205	80.000000	2.47618e-06	
85.000000	0.00635471	85.000000	0.00643999	85.000000	0.00640345	85.000000	0.00639679	85.000000	0.00643765	85.000000	2.34175e-06	
90.000000	0.00608578	90.000000	0.00616749	90.000000	0.00613216	90.000000	0.00612579	90.000000	0.00616527	90.000000	2.22166e-06	
95.000000	0.00584323	95.000000	0.00592219	95.000000	0.00588848	95.000000	0.00588167	95.000000	0.00592008	95.000000	2.11369e-06	
100.000000	0.00562327	100.000000	0.00570017	100.000000	0.00566708	100.000000	0.00566056	100.000000	0.00569815	100.000000	2.01609e-06	
105.000000	0.00542283	105.000000	0.00549823	105.000000	0.0054656 	105.000000	0.00545934	105.000000	0.0054963 	105.000000	1.9274e-06	
110.000000	0.00523934	110.000000	0.00531374	110.000000	0.00528136	110.000000	0.00527542	110.000000	0.00531189	110.000000	1.84645e-06	
115.000000	0.00507071	115.000000	0.00514452	115.000000	0.0051128 	115.000000	0.00510664	115.000000	0.00514275	115.000000	1.77226e-06	
120.000000	0.00491514	120.000000	0.00498872	120.000000	0.00495747	120.000000	0.00495119	120.000000	0.00498702	120.000000	1.704e-06 	
125.000000	0.00477115	125.000000	0.00484481	125.000000	0.0048135 	125.000000	0.00480754	125.000000	0.00484317	125.000000	1.64099e-06	
130.000000	0.00463745	130.000000	0.00471145	130.000000	0.00468017	130.000000	0.00467438	130.000000	0.00470987	130.000000	1.58262e-06	
135.000000	0.00451295	135.000000	0.00458753	135.000000	0.00455666	135.000000	0.00455061	135.000000	0.004586  	135.000000	1.52841e-06	
140.000000	0.00439672	140.000000	0.00447206	140.000000	0.00444133	140.000000	0.00443527	140.000000	0.00447059	140.000000	1.47791e-06	
145.000000	0.00428792	145.000000	0.00436421	145.000000	0.00433334	145.000000	0.0043275 	145.000000	0.00436278	145.000000	1.43076e-06	
150.000000	0.00418585	150.000000	0.00426324	150.000000	0.00423229	150.000000	0.0042266 	150.000000	0.00426186	150.000000	1.38663e-06	
155.000000	0.00404214	155.000000	0.00416851	155.000000	0.00413741	155.000000	0.00413192	155.000000	0.00416717	155.000000	1.34523e-06	
160.000000	0.00395791	160.000000	0.00407946	160.000000	0.00404835	160.000000	0.0040429 	160.000000	0.00407815	160.000000	1.30632e-06	
165.000000	0.00387848	165.000000	0.00399559	165.000000	0.00396471	165.000000	0.00395905	165.000000	0.00399432	165.000000	1.26967e-06	
170.000000	0.00380344	170.000000	0.00391645	170.000000	0.0038856 	170.000000	0.00387993	170.000000	0.00391521	170.000000	1.23509e-06	
175.000000	0.00373244	175.000000	0.00384166	175.000000	0.00381066	175.000000	0.00380516	175.000000	0.00384046	175.000000	1.20241e-06	
180.000000	0.00366516	180.000000	0.00377087	180.000000	0.00373976	180.000000	0.00373438	180.000000	0.00376969	180.000000	1.17148e-06	
185.000000	0.0036013 	185.000000	0.00370376	185.000000	0.00367255	185.000000	0.00366729	185.000000	0.00370261	185.000000	1.14215e-06	
190.000000	0.00354061	190.000000	0.00364005	190.000000	0.00360872	190.000000	0.00360359	190.000000	0.00363894	190.000000	1.1143e-06	
195.000000	0.00348285	195.000000	0.00357949	195.000000	0.00354821	195.000000	0.00354306	195.000000	0.00357841	195.000000	1.08783e-06	
200.000000	0.00342782	200.000000	0.00352186	200.000000	0.00349075	200.000000	0.00348545	200.000000	0.0035208 	200.000000	1.06263e-06	
210.000000	0.00332519	210.000000	0.00341456	210.000000	0.0033834 	210.000000	0.00337819	210.000000	0.00341354	210.000000	1.01569e-06	
220.000000	0.0032314 	220.000000	0.0033167 	220.000000	0.00328543	220.000000	0.00328041	220.000000	0.00331573	220.000000	9.72848e-07	
230.000000	0.00314533	230.000000	0.0032271 	230.000000	0.00319572	230.000000	0.00319089	230.000000	0.00322617	230.000000	9.33595e-07	
240.000000	0.00306606	240.000000	0.00314476	240.000000	0.00311362	240.000000	0.00310865	240.000000	0.00314386	240.000000	8.97488e-07	
250.000000	0.00299282	250.000000	0.00306883	250.000000	0.00303782	250.000000	0.00303285	250.000000	0.00306797	250.000000	8.6416e-07	
260.000000	0.00292495	260.000000	0.0029986 	260.000000	0.00296757	260.000000	0.00296276	260.000000	0.00299777	260.000000	8.33299e-07	
270.000000	0.00286186	270.000000	0.00293346	270.000000	0.00290245	270.000000	0.00289778	270.000000	0.00293265	270.000000	8.04637e-07	
280.000000	0.00280308	280.000000	0.00287287	280.000000	0.00284192	280.000000	0.00283736	280.000000	0.0028721 	280.000000	7.77946e-07	
290.000000	0.00274817	290.000000	0.00281639	290.000000	0.00278576	290.000000	0.00278107	290.000000	0.00281564	290.000000	7.53026e-07	
300.000000	0.00269677	300.000000	0.00276361	300.000000	0.0027332 	300.000000	0.00272848	300.000000	0.00276288	300.000000	7.29705e-07	
310.000000	0.00264855	310.000000	0.00271419	310.000000	0.00268385	310.000000	0.00267927	310.000000	0.00271348	310.000000	7.07832e-07	
320.000000	0.00260323	320.000000	0.00266781	320.000000	0.00263761	320.000000	0.00263312	320.000000	0.00266713	320.000000	6.87275e-07	
330.000000	0.00256056	330.000000	0.00262422	330.000000	0.00259413	330.000000	0.00258975	330.000000	0.00262356	330.000000	6.67917e-07	
340.000000	0.00252031	340.000000	0.00258318	340.000000	0.00255328	340.000000	0.00254894	340.000000	0.00258253	340.000000	6.49655e-07	
350.000000	0.00248229	350.000000	0.00254447	350.000000	0.00251492	350.000000	0.00251047	350.000000	0.00254384	350.000000	6.32398e-07	
360.000000	0.00244632	360.000000	0.0025079 	360.000000	0.00247863	360.000000	0.00247415	360.000000	0.00250729	360.000000	6.16064e-07	
370.000000	0.00241225	370.000000	0.00247331	370.000000	0.00244419	370.000000	0.00243981	370.000000	0.00247271	370.000000	6.0058e-07	
380.000000	0.00237992	380.000000	0.00244055	380.000000	0.0024116 	380.000000	0.00240729	380.000000	0.00243996	380.000000	5.8588e-07	
390.000000	0.00234921	390.000000	0.00240947	390.000000	0.00238071	390.000000	0.00237646	390.000000	0.0024089 	390.000000	5.71907e-07	
400.000000	0.00232001	400.000000	0.00237996	400.000000	0.00235137	400.000000	0.00234721	400.000000	0.0023794 	400.000000	5.58606e-07	
410.000000	0.0022922 	410.000000	0.0023519 	410.000000	0.00232352	410.000000	0.0023194 	410.000000	0.00235135	410.000000	5.4593e-07	
420.000000	0.00226571	420.000000	0.0023252 	420.000000	0.00229713	420.000000	0.00229295	420.000000	0.00232466	420.000000	5.33835e-07	
430.000000	0.00224043	430.000000	0.00229976	430.000000	0.00227201	430.000000	0.00226776	430.000000	0.00229923	430.000000	5.22282e-07	
440.000000	0.00221629	440.000000	0.00227549	440.000000	0.00224782	440.000000	0.00224358	440.000000	0.00227498	440.000000	5.11235e-07	
450.000000	0.00219322	450.000000	0.00225233	450.000000	0.00222458	450.000000	0.00222041	450.000000	0.00225183	450.000000	5.00661e-07	
460.000000	0.00217115	460.000000	0.0022302 	460.000000	0.00220239	460.000000	0.00219828	460.000000	0.00222971	460.000000	4.9053e-07	
470.000000	0.00215003	470.000000	0.00220904	470.000000	0.0021812 	470.000000	0.00217713	470.000000	0.00220856	470.000000	4.80814e-07	
480.000000	0.00212978	480.000000	0.00218879	480.000000	0.00216091	480.000000	0.0021569 	480.000000	0.00218832	480.000000	4.71487e-07	
490.000000	0.00211037	490.000000	0.0021694 	490.000000	0.00214148	490.000000	0.00213753	490.000000	0.00216894	490.000000	4.62528e-07	
500.000000	0.00209175	500.000000	0.00215081	500.000000	0.00212289	500.000000	0.00211896	500.000000	0.00215035	500.000000	4.53914e-07	
520.000000	0.00205669	520.000000	0.00211586	520.000000	0.00208811	520.000000	0.00208408	520.000000	0.00211543	520.000000	4.37643e-07	
540.000000	0.00202428	540.000000	0.00208363	540.000000	0.00205596	540.000000	0.00205193	540.000000	0.00208321	540.000000	4.22535e-07	
560.000000	0.00199426	560.000000	0.00205383	560.000000	0.00202615	560.000000	0.00202221	560.000000	0.00205342	560.000000	4.08467e-07	
580.000000	0.00196639	580.000000	0.00202622	580.000000	0.00199856	580.000000	0.00199468	580.000000	0.00202582	580.000000	3.95335e-07	
600.000000	0.00194047	600.000000	0.00200057	600.000000	0.00197292	600.000000	0.00196913	600.000000	0.00200019	600.000000	3.83047e-07	
620.000000	0.00191632	620.000000	0.00197672	620.000000	0.0019491 	620.000000	0.00194535	620.000000	0.00197635	620.000000	3.71524e-07	
640.000000	0.00189378	640.000000	0.00195449	640.000000	0.00192701	640.000000	0.00192319	640.000000	0.00195412	640.000000	3.60695e-07	
660.000000	0.00187272	660.000000	0.00193373	660.000000	0.00190637	660.000000	0.0019025 	660.000000	0.00193338	660.000000	3.50499e-07	
680.000000	0.001853  	680.000000	0.00191433	680.000000	0.00188698	680.000000	0.00188315	680.000000	0.00191399	680.000000	3.40882e-07	
700.000000	0.00183453	700.000000	0.00189617	700.000000	0.00186879	700.000000	0.00186503	700.000000	0.00189584	700.000000	3.31795e-07	
720.000000	0.00181719	720.000000	0.00187915	720.000000	0.00185175	720.000000	0.00184803	720.000000	0.00187882	720.000000	3.23194e-07	
740.000000	0.00180091	740.000000	0.00186317	740.000000	0.00183574	740.000000	0.00183206	740.000000	0.00186286	740.000000	3.15042e-07	
760.000000	0.00178561	760.000000	0.00184817	760.000000	0.00182067	760.000000	0.00181704	760.000000	0.00184786	760.000000	3.07305e-07	
780.000000	0.00177121	780.000000	0.00183406	780.000000	0.0018065 	780.000000	0.00180291	780.000000	0.00183376	780.000000	2.99949e-07	
800.000000	0.00175765	800.000000	0.00182078	800.000000	0.0017932 	800.000000	0.00178958	800.000000	0.00182048	800.000000	2.92949e-07	
820.000000	0.00174487	820.000000	0.00180827	820.000000	0.00178067	820.000000	0.001777  	820.000000	0.00180798	820.000000	2.86278e-07	
840.000000	0.00173282	840.000000	0.00179647	840.000000	0.00176882	840.000000	0.00176512	840.000000	0.00179619	840.000000	2.79914e-07	
860.000000	0.00172146	860.000000	0.00178535	860.000000	0.00175757	860.000000	0.00175389	860.000000	0.00178507	860.000000	2.73835e-07	
880.000000	0.00171073	880.000000	0.00177484	880.000000	0.0017469 	880.000000	0.00174326	880.000000	0.00177458	880.000000	2.68023e-07	
900.000000	0.0017006 	900.000000	0.00176493	900.000000	0.00173679	900.000000	0.00173319	900.000000	0.00176466	900.000000	2.6246e-07	
920.000000	0.00169103	920.000000	0.00175555	920.000000	0.00172721	920.000000	0.00172364	920.000000	0.00175529	920.000000	2.57131e-07	
940.000000	0.00168199	940.000000	0.00174669	940.000000	0.00171813	940.000000	0.00171459	940.000000	0.00174644	940.000000	2.5202e-07	
960.000000	0.00167345	960.000000	0.00173831	960.000000	0.00170952	960.000000	0.00170599	960.000000	0.00173806	960.000000	2.47115e-07	
980.000000	0.00166537	980.000000	0.00173038	980.000000	0.00170133	980.000000	0.00169782	980.000000	0.00173014	980.000000	2.42404e-07	
1000.000000	0.00165773	1000.000000	0.00172287	1000.000000	0.00169355	1000.000000	0.00169006	1000.000000	0.00172264	1000.000000	2.37874e-07	
1020.000000	0.00165051	1020.000000	0.00171577	1020.000000	0.00168614	1020.000000	0.00168268	1020.000000	0.00171554	1020.000000	2.33515e-07	
1040.000000	0.00164368	1040.000000	0.00170904	1040.000000	0.00167908	1040.000000	0.00167565	1040.000000	0.00170881	1040.000000	2.29319e-07	
1060.000000	0.00163723	1060.000000	0.00170267	1060.000000	0.00167236	1060.000000	0.00166895	1060.000000	0.00170245	1060.000000	2.25275e-07	
1080.000000	0.00163113	1080.000000	0.00169664	1080.000000	0.00166596	1080.000000	0.00166257	1080.000000	0.00169642	1080.000000	2.21376e-07	
1100.000000	0.00162537	1100.000000	0.00169093	1100.000000	0.00165986	1100.000000	0.00165649	1100.000000	0.00169071	1100.000000	2.17614e-07	
1120.000000	0.00161993	1120.000000	0.00168552	1120.000000	0.00165407	1120.000000	0.0016507 	1120.000000	0.00168531	1120.000000	2.13981e-07	
1140.000000	0.00161478	1140.000000	0.0016804 	1140.000000	0.00164856	1140.000000	0.00164516	1140.000000	0.00168019	1140.000000	2.10471e-07	
1160.000000	0.00160993	1160.000000	0.00167555	1160.000000	0.0016433 	1160.000000	0.00163988	1160.000000	0.00167534	1160.000000	2.07079e-07	
1180.000000	0.00160535	1180.000000	0.00167096	1180.000000	0.00163828	1180.000000	0.00163484	1180.000000	0.00167075	1180.000000	2.03797e-07	
1200.000000	0.00160104	1200.000000	0.00166661	1200.000000	0.00163348	1200.000000	0.00163002	1200.000000	0.00166641	1200.000000	2.00621e-07	
1220.000000	0.00159697	1220.000000	0.0016625 	1220.000000	0.00162887	1220.000000	0.00162541	1220.000000	0.00166231	1220.000000	1.97546e-07	
1240.000000	0.00159314	1240.000000	0.00165862	1240.000000	0.00162446	1240.000000	0.00162101	1240.000000	0.00165842	1240.000000	1.94566e-07	
1260.000000	0.00158954	1260.000000	0.00165494	1260.000000	0.00162024	1260.000000	0.0016168 	1260.000000	0.00165475	1260.000000	1.91678e-07	
1280.000000	0.00158616	1280.000000	0.00165147	1280.000000	0.00161619	1280.000000	0.00161277	1280.000000	0.00165128	1280.000000	1.88876e-07	
1300.000000	0.00158299	1300.000000	0.0016482 	1300.000000	0.00161232	1300.000000	0.00160892	1300.000000	0.00164801	1300.000000	1.86158e-07	
1320.000000	0.00158001	1320.000000	0.0016451 	1320.000000	0.00160861	1320.000000	0.00160523	1320.000000	0.00164492	1320.000000	1.8352e-07	
1340.000000	0.00157723	1340.000000	0.00164219	1340.000000	0.00160507	1340.000000	0.0016017 	1340.000000	0.00164201	1340.000000	1.80958e-07	
1360.000000	0.00157463	1360.000000	0.00163944	1360.000000	0.00160168	1360.000000	0.00159832	1360.000000	0.00163926	1360.000000	1.78468e-07	
1380.000000	0.00157221	1380.000000	0.00163686	1380.000000	0.00159843	1380.000000	0.00159508	1380.000000	0.00163668	1380.000000	1.76048e-07	
1400.000000	0.00156996	1400.000000	0.00163443	1400.000000	0.00159532	1400.000000	0.00159198	1400.000000	0.00163426	1400.000000	1.73695e-07	
1420.000000	0.00156787	1420.000000	0.00163215	1420.000000	0.00159234	1420.000000	0.00158901	1420.000000	0.00163198	1420.000000	1.71406e-07	
1440.000000	0.00156593	1440.000000	0.00163001	1440.000000	0.00158948	1440.000000	0.00158616	1440.000000	0.00162985	1440.000000	1.69178e-07	
1460.000000	0.00156415	1460.000000	0.00162801	1460.000000	0.00158674	1460.000000	0.00158343	1460.000000	0.00162785	1460.000000	1.6701e-07	
1480.000000	0.00156251	1480.000000	0.00162615	1480.000000	0.00158411	1480.000000	0.00158082	1480.000000	0.00162598	1480.000000	1.64898e-07	
1500.000000	0.00156101	1500.000000	0.0016244 	1500.000000	0.00158158	1500.000000	0.00157831	1500.000000	0.00162424	1500.000000	1.6284e-07	
1520.000000	0.00155965	1520.000000	0.00162278	1520.000000	0.00157917	1520.000000	0.00157591	1520.000000	0.00162262	1520.000000	1.60834e-07	
1540.000000	0.00155841	1540.000000	0.00162128	1540.000000	0.00157685	1540.000000	0.0015736 	1540.000000	0.00162112	1540.000000	1.58879e-07	
1560.000000	0.0015573 	1560.000000	0.00161988	1560.000000	0.00157464	1560.000000	0.00157139	1560.000000	0.00161973	1560.000000	1.56973e-07	
1580.000000	0.00155631	1580.000000	0.0016186 	1580.000000	0.00157252	1580.000000	0.00156927	1580.000000	0.00161845	1580.000000	1.55113e-07	
1600.000000	0.00155544	1600.000000	0.00161742	1600.000000	0.00157048	1600.000000	0.00156724	1600.000000	0.00161727	1600.000000	1.53298e-07	
1620.000000	0.00155468	1620.000000	0.00161634	1620.000000	0.00156854	1620.000000	0.0015653 	1620.000000	0.00161619	1620.000000	1.51526e-07	
1640.000000	0.00155402	1640.000000	0.00161536	1640.000000	0.00156668	1640.000000	0.00156343	1640.000000	0.00161521	1640.000000	1.49796e-07	
1660.000000	0.00155348	1660.000000	0.00161447	1660.000000	0.0015649 	1660.000000	0.00156164	1660.000000	0.00161432	1660.000000	1.48106e-07	
1680.000000	0.00155303	1680.000000	0.00161367	1680.000000	0.0015632 	1680.000000	0.00155992	1680.000000	0.00161352	1680.000000	1.46455e-07	
1700.000000	0.00155269	1700.000000	0.00161295	1700.000000	0.00156156	1700.000000	0.00155828	1700.000000	0.00161281	1700.000000	1.44842e-07	
1750.000000	0.00155223	1750.000000	0.00161153	1750.000000	0.00155777	1750.000000	0.00155445	1750.000000	0.00161139	1750.000000	1.40964e-07	
1800.000000	0.00155232	1800.000000	0.00161058	1800.000000	0.00155434	1800.000000	0.00155102	1800.000000	0.00161044	1800.000000	1.37295e-07	
1850.000000	0.00155292	1850.000000	0.00161008	1850.000000	0.00155125	1850.000000	0.00154793	1850.000000	0.00160995	1850.000000	1.33818e-07	
1900.000000	0.001554  	1900.000000	0.00160998	1900.000000	0.00154847	1900.000000	0.00154516	1900.000000	0.00160985	1900.000000	1.30517e-07	
1950.000000	0.00155552	1950.000000	0.00161026	1950.000000	0.00154598	1950.000000	0.00154269	1950.000000	0.00161014	1950.000000	1.2738e-07	
2000.000000	0.00155745	2000.000000	0.00161089	2000.000000	0.00154375	2000.000000	0.00154048	2000.000000	0.00161077	2000.000000	1.24395e-07	
2100.000000	0.00156244	2100.000000	0.00161309	2100.000000	0.00154   	2100.000000	0.00153676	2100.000000	0.00161297	2100.000000	1.18838e-07	
2200.000000	0.00156878	2200.000000	0.0016164 	2200.000000	0.00153707	2200.000000	0.00153385	2200.000000	0.00161629	2200.000000	1.13769e-07	
2300.000000	0.00157631	2300.000000	0.00162069	2300.000000	0.00153483	2300.000000	0.00153163	2300.000000	0.00162058	2300.000000	1.09127e-07	
2400.000000	0.00158491	2400.000000	0.00162583	2400.000000	0.00153318	2400.000000	0.00152999	2400.000000	0.00162572	2400.000000	1.04859e-07	
2500.000000	0.00159447	2500.000000	0.00163171	2500.000000	0.00153201	2500.000000	0.00152885	2500.000000	0.00163161	2500.000000	1.00922e-07	
2600.000000	0.00160489	2600.000000	0.00163825	2600.000000	0.00153127	2600.000000	0.00152813	2600.000000	0.00163815	2600.000000	9.7278e-08	
2700.000000	0.00161609	2700.000000	0.00164538	2700.000000	0.0015309 	2700.000000	0.00152777	2700.000000	0.00164528	2700.000000	9.38953e-08	
2800.000000	0.001628  	2800.000000	0.00165303	2800.000000	0.00153085	2800.000000	0.00152772	2800.000000	0.00165294	2800.000000	9.07464e-08	
2900.000000	0.00164056	2900.000000	0.00166114	2900.000000	0.00153106	2900.000000	0.00152794	2900.000000	0.00166106	2900.000000	8.78078e-08	
3000.000000	0.00165372	3000.000000	0.00166968	3000.000000	0.00153152	3000.000000	0.00152839	3000.000000	0.0016696 	3000.000000	8.50589e-08	
3200.000000	0.00168165	3200.000000	0.00168785	3200.000000	0.00153301	3200.000000	0.00152987	3200.000000	0.00168777	3200.000000	8.00603e-08	
3400.000000	0.00171149	3400.000000	0.00170727	3400.000000	0.0015351 	3400.000000	0.00153194	3400.000000	0.00170719	3400.000000	7.56317e-08	
3600.000000	0.001743  	3600.000000	0.00172771	3600.000000	0.00153764	3600.000000	0.00153447	3600.000000	0.00172764	3600.000000	7.168e-08 	
3800.000000	0.00177597	3800.000000	0.00174902	3800.000000	0.0015405 	3800.000000	0.00153733	3800.000000	0.00174895	3800.000000	6.81315e-08	
4000.000000	0.00181027	4000.000000	0.00177105	4000.000000	0.00154361	4000.000000	0.00154044	4000.000000	0.00177098	4000.000000	6.49269e-08	
4200.000000	0.00184576	4200.000000	0.0017937 	4200.000000	0.0015469 	4200.000000	0.00154374	4200.000000	0.00179364	4200.000000	6.20181e-08	
4400.000000	0.00188233	4400.000000	0.00181687	4400.000000	0.00155032	4400.000000	0.00154717	4400.000000	0.00181681	4400.000000	5.93656e-08	
4600.000000	0.00191991	4600.000000	0.0018405 	4600.000000	0.00155383	4600.000000	0.00155069	4600.000000	0.00184044	4600.000000	5.69367e-08	
4800.000000	0.00195842	4800.000000	0.00186452	4800.000000	0.0015574 	4800.000000	0.00155427	4800.000000	0.00186447	4800.000000	5.4704e-08	
5000.000000	0.00199779	5000.000000	0.00188888	5000.000000	0.001561  	5000.000000	0.00155788	5000.000000	0.00188883	5000.000000	5.26444e-08	
5250.000000	0.00204816	5250.000000	0.00191975	5250.000000	0.00156554	5250.000000	0.00156242	5250.000000	0.0019197 	5250.000000	5.02839e-08	
5500.000000	0.00209971	5500.000000	0.001951  	5500.000000	0.00157006	5500.000000	0.00156695	5500.000000	0.00195096	5500.000000	4.81315e-08	
6000.000000	0.00220611	6000.000000	0.00201448	6000.000000	0.00157903	6000.000000	0.00157593	6000.000000	0.00201443	6000.000000	4.43489e-08	
6500.000000	0.00231656	6500.000000	0.00207895	6500.000000	0.00158779	6500.000000	0.0015847 	6500.000000	0.0020789 	6500.000000	4.11314e-08	
7000.000000	0.00243072	7000.000000	0.00214415	7000.000000	0.00159629	7000.000000	0.0015932 	7000.000000	0.00214412	7000.000000	3.83602e-08	
7500.000000	0.00254837	7500.000000	0.00220992	7500.000000	0.00160448	7500.000000	0.0016014 	7500.000000	0.00220989	7500.000000	3.59477e-08	
8000.000000	0.00266932	8000.000000	0.00227611	8000.000000	0.00161239	8000.000000	0.0016093 	8000.000000	0.00227608	8000.000000	3.3828e-08	
8500.000000	0.00279345	8500.000000	0.00234262	8500.000000	0.00161996	8500.000000	0.00161689	8500.000000	0.00234259	8500.000000	3.19505e-08	
9000.000000	0.00292063	9000.000000	0.00240937	9000.000000	0.00162719	9000.000000	0.00162419	9000.000000	0.00240934	9000.000000	3.02755e-08	
9500.000000	0.00305079	9500.000000	0.0024763 	9500.000000	0.00163415	9500.000000	0.00163119	9500.000000	0.00247627	9500.000000	2.87717e-08	
10000.000000	0.00318386	10000.000000	0.00254337	10000.000000	0.00164087	10000.000000	0.00163793	10000.000000	0.00254334	10000.000000	2.74139e-08	
11000.000000	0.00345853	11000.000000	0.00267778	11000.000000	0.00165359	11000.000000	0.00165064	11000.000000	0.00267775	11000.000000	2.50582e-08	
12000.000000	0.0037443 	12000.000000	0.00281236	12000.000000	0.00166538	12000.000000	0.00166242	12000.000000	0.00281234	12000.000000	2.30842e-08	
13000.000000	0.00404097	13000.000000	0.002947  	13000.000000	0.00167632	13000.000000	0.00167338	13000.000000	0.00294698	13000.000000	2.14055e-08	
14000.000000	0.0043484 	14000.000000	0.00308159	14000.000000	0.00168652	14000.000000	0.0016836 	14000.000000	0.00308157	14000.000000	1.99599e-08	
15000.000000	0.00466649	15000.000000	0.00321607	15000.000000	0.00169604	15000.000000	0.00169317	15000.000000	0.00321605	15000.000000	1.87017e-08	
16000.000000	0.00499517	16000.000000	0.0033504 	16000.000000	0.00170499	16000.000000	0.00170216	16000.000000	0.00335038	16000.000000	1.75963e-08	
17000.000000	0.00533441	17000.000000	0.00348455	17000.000000	0.00171343	17000.000000	0.00171063	17000.000000	0.00348453	17000.000000	1.66174e-08	
18000.000000	0.0056842 	18000.000000	0.0036185 	18000.000000	0.0017214 	18000.000000	0.00171862	18000.000000	0.00361849	18000.000000	1.57442e-08	
19000.000000	0.00604452	19000.000000	0.00375225	19000.000000	0.00172895	19000.000000	0.00172619	19000.000000	0.00375224	19000.000000	1.49604e-08	
20000.000000	0.00641539	20000.000000	0.00388578	20000.000000	0.00173613	20000.000000	0.00173337	20000.000000	0.00388577	20000.000000	1.42528e-08	
21000.000000	0.00679682	21000.000000	0.0040191 	21000.000000	0.00174296	21000.000000	0.00174021	21000.000000	0.00401909	21000.000000	1.36107e-08	
22000.000000	0.00718883	22000.000000	0.00415219	22000.000000	0.00174946	22000.000000	0.00174671	22000.000000	0.00415218	22000.000000	1.30253e-08	
23000.000000	0.00759145	23000.000000	0.00428507	23000.000000	0.0017556 	23000.000000	0.00175293	23000.000000	0.00428506	23000.000000	1.24894e-08	
24000.000000	0.0080047 	24000.000000	0.00441773	24000.000000	0.00176147	24000.000000	0.00175888	24000.000000	0.00441772	24000.000000	1.1997e-08	
25000.000000	0.00842864	25000.000000	0.00455017	25000.000000	0.00176717	25000.000000	0.00176457	25000.000000	0.00455016	25000.000000	1.15428e-08	
26000.000000	0.00886329	26000.000000	0.00468241	26000.000000	0.00177263	26000.000000	0.00177004	26000.000000	0.00468239	26000.000000	1.11226e-08	
27000.000000	0.0093087 	27000.000000	0.00481443	27000.000000	0.00177783	27000.000000	0.00177529	27000.000000	0.00481442	27000.000000	1.07327e-08	
28000.000000	0.00976492	28000.000000	0.00494625	28000.000000	0.00178281	28000.000000	0.00178034	28000.000000	0.00494624	28000.000000	1.03698e-08	
29000.000000	0.010232  	29000.000000	0.00507787	29000.000000	0.00178762	29000.000000	0.00178521	29000.000000	0.00507786	29000.000000	1.00313e-08	
30000.000000	0.0107099 	30000.000000	0.00520929	30000.000000	0.00179227	30000.000000	0.00178991	30000.000000	0.00520928	30000.000000	9.71472e-09	
32000.000000	0.0116988 	32000.000000	0.00547157	32000.000000	0.0018011 	32000.000000	0.00179883	32000.000000	0.00547156	32000.000000	9.13932e-09	
34000.000000	0.0127318 	34000.000000	0.00573311	34000.000000	0.00180934	34000.000000	0.00180718	34000.000000	0.0057331 	34000.000000	8.62979e-09	
36000.000000	0.0138094 	36000.000000	0.00599395	36000.000000	0.00181707	36000.000000	0.00181503	36000.000000	0.00599394	36000.000000	8.17537e-09	
38000.000000	0.0149321 	38000.000000	0.00625411	38000.000000	0.00182436	38000.000000	0.00182243	38000.000000	0.00625411	38000.000000	7.76749e-09	
40000.000000	0.0161004 	40000.000000	0.00651364	40000.000000	0.00183126	40000.000000	0.00182943	40000.000000	0.00651363	40000.000000	7.39931e-09	
42000.000000	0.0173147 	42000.000000	0.00677254	42000.000000	0.00183779	42000.000000	0.00183607	42000.000000	0.00677254	42000.000000	7.06526e-09	
44000.000000	0.0185755 	44000.000000	0.00703086	44000.000000	0.00184399	44000.000000	0.00184239	44000.000000	0.00703086	44000.000000	6.76077e-09	
46000.000000	0.0198832 	46000.000000	0.00728861	46000.000000	0.00184988	46000.000000	0.00184841	46000.000000	0.00728861	46000.000000	6.48204e-09	
48000.000000	0.0212384 	48000.000000	0.00754582	48000.000000	0.00185548	48000.000000	0.00185415	48000.000000	0.00754582	48000.000000	6.22592e-09	
50000.000000	0.0226416 	50000.000000	0.00780251	50000.000000	0.00186083	50000.000000	0.00185965	50000.000000	0.0078025 	50000.000000	5.98974e-09	
