*! 12C energy loss (dE/dX) in C
*! apply ZOOM for details
*Energy (MeV/u)1	0 - [He-base] F.Hubert et al, AD&ND Tables 46(1990)1	Energy (MeV/u)2	1 - [H -base] J.F.Ziegler et al,Pergamon Press,NY(low energy)	Energy (MeV/u)3	2 - ATIMA 1.2 LS-theory (recommended for high energy)	Energy (MeV/u)4	3 - ATIMA 1.2 without LS-correction	Energy (MeV/u)5	4 - ATIMA 1.4 H.Weick, improved mean charge formula for HI	Energy (MeV/u)6	5 - electrical component of [1] - J.F.Ziegler et al	Energy (MeV/u)7	6 - nuclear component of [1] - J.F.Ziegler et al	
0.001000	0.402813  	0.001000	0.37556   	0.001000	0.381507  	0.001000	0.381507  	0.001000	0.381523  	0.001000	0.222701  	0.001000	0.152858  	
0.002000	0.440117  	0.002000	0.405176  	0.002000	0.407794  	0.002000	0.407794  	0.002000	0.407804  	0.002000	0.288808  	0.002000	0.116368  	
0.005000	0.533096  	0.005000	0.479022  	0.005000	0.473405  	0.005000	0.473405  	0.005000	0.47341   	0.005000	0.407227  	0.005000	0.071795  	
0.008000	0.606813  	0.008000	0.539404  	0.008000	0.527108  	0.008000	0.527108  	0.008000	0.527111  	0.008000	0.485715  	0.008000	0.0536889 	
0.010000	0.649055  	0.010000	0.574495  	0.010000	0.558262  	0.010000	0.558262  	0.010000	0.558265  	0.010000	0.528108  	0.010000	0.0463869 	
0.015000	0.756178  	0.015000	0.641689  	0.015000	0.627868  	0.015000	0.627868  	0.015000	0.62787   	0.015000	0.606534  	0.015000	0.0351542 	
0.020000	0.841764  	0.020000	0.683708  	0.020000	0.697407  	0.020000	0.697407  	0.020000	0.697409  	0.020000	0.655322  	0.020000	0.0283862 	
0.025000	0.936209  	0.025000	0.742274  	0.025000	0.765278  	0.025000	0.765278  	0.025000	0.765279  	0.025000	0.71815   	0.025000	0.0241239 	
0.030000	1.01626   	0.030000	0.795997  	0.030000	0.825956  	0.030000	0.825956  	0.030000	0.825958  	0.030000	0.774931  	0.030000	0.0210667 	
0.035000	1.08207   	0.035000	0.845167  	0.035000	0.883785  	0.035000	0.883785  	0.035000	0.883787  	0.035000	0.826412  	0.035000	0.0187554 	
0.040000	1.13394   	0.040000	0.890009  	0.040000	0.938816  	0.040000	0.938816  	0.040000	0.938817  	0.040000	0.873068  	0.040000	0.0169402 	
0.045000	1.17241   	0.045000	0.930713  	0.045000	0.991103  	0.045000	0.991103  	0.045000	0.991104  	0.045000	0.91524   	0.045000	0.0154729 	
0.050000	1.19827   	0.050000	0.967453  	0.050000	1.0407    	0.050000	1.0407    	0.050000	1.0407    	0.050000	0.953194  	0.050000	0.0142596 	
0.055000	1.25046   	0.055000	1.01458   	0.055000	1.08767   	0.055000	1.08767   	0.055000	1.08767   	0.055000	1.00134   	0.055000	0.013238  	
0.060000	1.2949    	0.060000	1.05926   	0.060000	1.13207   	0.060000	1.13207   	0.060000	1.13208   	0.060000	1.0469    	0.060000	0.0123647 	
0.070000	1.3628    	0.070000	1.14151   	0.070000	1.21342   	0.070000	1.21342   	0.070000	1.21342   	0.070000	1.13057   	0.070000	0.0109475 	
0.080000	1.43565   	0.080000	1.21238   	0.080000	1.28528   	0.080000	1.28528   	0.080000	1.28529   	0.080000	1.20254   	0.080000	0.00984363	
0.090000	1.49288   	0.090000	1.27516   	0.090000	1.34827   	0.090000	1.34827   	0.090000	1.34827   	0.090000	1.26621   	0.090000	0.00895736	
0.100000	1.53878   	0.100000	1.3316    	0.100000	1.40303   	0.100000	1.40303   	0.100000	1.40303   	0.100000	1.32337   	0.100000	0.00822865	
0.120000	1.56667   	0.120000	1.42693   	0.120000	1.49056   	0.120000	1.49056   	0.120000	1.49056   	0.120000	1.41983   	0.120000	0.00709807	
0.140000	1.57775   	0.140000	1.49722   	0.140000	1.55325   	0.140000	1.55325   	0.140000	1.55326   	0.140000	1.49096   	0.140000	0.00625861	
0.160000	1.58167   	0.160000	1.54616   	0.160000	1.59616   	0.160000	1.59616   	0.160000	1.59616   	0.160000	1.54055   	0.160000	0.00560859	
0.180000	1.58134   	0.180000	1.57446   	0.180000	1.6237    	0.180000	1.6237    	0.180000	1.62371   	0.180000	1.56937   	0.180000	0.00508915	
0.200000	1.5848    	0.200000	1.59334   	0.200000	1.63957   	0.200000	1.63957   	0.200000	1.63957   	0.200000	1.58868   	0.200000	0.00466374	
0.250000	1.55588   	0.250000	1.5987    	0.250000	1.64616   	0.250000	1.64616   	0.250000	1.64616   	0.250000	1.59483   	0.250000	0.00387249	
0.300000	1.56227   	0.300000	1.61059   	0.300000	1.62765   	0.300000	1.62765   	0.300000	1.62765   	0.300000	1.60727   	0.300000	0.00332342	
0.350000	1.57398   	0.350000	1.62066   	0.350000	1.5994    	0.350000	1.5994    	0.350000	1.5994    	0.350000	1.61774   	0.350000	0.00291847	
0.400000	1.57123   	0.400000	1.61549   	0.400000	1.57084   	0.400000	1.57084   	0.400000	1.57084   	0.400000	1.61289   	0.400000	0.00260658	
0.450000	1.56256   	0.450000	1.60703   	0.450000	1.55264   	0.450000	1.55264   	0.450000	1.55264   	0.450000	1.60467   	0.450000	0.00235845	
0.500000	1.55818   	0.500000	1.60662   	0.500000	1.53168   	0.500000	1.53168   	0.500000	1.53168   	0.500000	1.60447   	0.500000	0.00215601	
0.600000	1.48894   	0.600000	1.54038   	0.600000	1.48683   	0.600000	1.48683   	0.600000	1.48683   	0.600000	1.53854   	0.600000	0.00184485	
0.700000	1.41116   	0.700000	1.47716   	0.700000	1.43805   	0.700000	1.43805   	0.700000	1.43805   	0.700000	1.47554   	0.700000	0.00161621	
0.800000	1.38114   	0.800000	1.41648   	0.800000	1.39101   	0.800000	1.39101   	0.800000	1.39102   	0.800000	1.41504   	0.800000	0.00144065	
0.900000	1.34798   	0.900000	1.35835   	0.900000	1.34677   	0.900000	1.34677   	0.900000	1.34677   	0.900000	1.35704   	0.900000	0.00130132	
1.000000	1.31311   	1.000000	1.30254   	1.000000	1.30501   	1.000000	1.30501   	1.000000	1.30501   	1.000000	1.30135   	1.000000	0.00118789	
1.250000	1.21357   	1.250000	1.21801   	1.250000	1.20821   	1.250000	1.20821   	1.250000	1.20821   	1.250000	1.21703   	1.250000	0.000978612	
1.500000	1.11108   	1.500000	1.13066   	1.500000	1.12005   	1.500000	1.12005   	1.500000	1.12005   	1.500000	1.12983   	1.500000	0.000834779	
1.750000	1.02361   	1.750000	1.05732   	1.750000	1.04509   	1.750000	1.04509   	1.750000	1.04509   	1.750000	1.05659   	1.750000	0.000729489	
2.000000	0.942237  	2.000000	0.987854  	2.000000	0.979875  	2.000000	0.979875  	2.000000	0.979876  	2.000000	0.987205  	2.000000	0.000648887	
2.250000	0.874547  	2.250000	0.919273  	2.250000	0.922388  	2.250000	0.922388  	2.250000	0.922388  	2.250000	0.918688  	2.250000	0.000585087	
2.500000	0.814473  	2.500000	0.861384  	2.500000	0.871259  	2.500000	0.871259  	2.500000	0.871259  	2.500000	0.860851  	2.500000	0.00053326	
3.000000	0.725809  	3.000000	0.76774   	3.000000	0.784263  	3.000000	0.784263  	3.000000	0.784264  	3.000000	0.767286  	3.000000	0.000454017	
3.500000	0.655369  	3.500000	0.69389   	3.500000	0.713092  	3.500000	0.713092  	3.500000	0.713092  	3.500000	0.693494  	3.500000	0.00039614	
4.000000	0.598044  	4.000000	0.633927  	4.000000	0.653874  	4.000000	0.653874  	4.000000	0.653875  	4.000000	0.633575  	4.000000	0.000351915	
4.500000	0.550461  	4.500000	0.584068  	4.500000	0.603887  	4.500000	0.603887  	4.500000	0.603887  	4.500000	0.583751  	4.500000	0.000316962	
5.000000	0.510309  	5.000000	0.541786  	5.000000	0.561158  	5.000000	0.561158  	5.000000	0.561159  	5.000000	0.541498  	5.000000	0.000288607	
5.500000	0.475955  	5.500000	0.506237  	5.500000	0.524229  	5.500000	0.524229  	5.500000	0.524229  	5.500000	0.505971  	5.500000	0.000265117	
6.000000	0.446213  	6.000000	0.47528   	6.000000	0.491999  	6.000000	0.491999  	6.000000	0.492     	6.000000	0.475035  	6.000000	0.000245323	
6.500000	0.420203  	6.500000	0.448058  	6.500000	0.463628  	6.500000	0.463628  	6.500000	0.463629  	6.500000	0.447829  	6.500000	0.000228404	
7.000000	0.397254  	7.000000	0.423919  	7.000000	0.438462  	7.000000	0.438462  	7.000000	0.438462  	7.000000	0.423706  	7.000000	0.000213768	
7.500000	0.376849  	7.500000	0.402361  	7.500000	0.415984  	7.500000	0.415984  	7.500000	0.415985  	7.500000	0.40216   	7.500000	0.000200975	
8.000000	0.358582  	8.000000	0.382984  	8.000000	0.395785  	8.000000	0.395785  	8.000000	0.395786  	8.000000	0.382794  	8.000000	0.000189693	
8.500000	0.342128  	8.500000	0.365469  	8.500000	0.377533  	8.500000	0.377533  	8.500000	0.377533  	8.500000	0.36529   	8.500000	0.000179665	
9.000000	0.327227  	9.000000	0.349558  	9.000000	0.360957  	9.000000	0.360957  	9.000000	0.360957  	9.000000	0.349387  	9.000000	0.00017069	
9.500000	0.313666  	9.500000	0.335037  	9.500000	0.345835  	9.500000	0.345835  	9.500000	0.345835  	9.500000	0.334875  	9.500000	0.000162609	
10.000000	0.301269  	10.000000	0.336268  	10.000000	0.331982  	10.000000	0.331982  	10.000000	0.331983  	10.000000	0.336112  	10.000000	0.000155292	
11.000000	0.279408  	11.000000	0.311704  	11.000000	0.307197  	11.000000	0.307408  	11.000000	0.30716   	11.000000	0.311561  	11.000000	0.000142548	
12.000000	0.260733  	12.000000	0.290671  	12.000000	0.286028  	12.000000	0.286377  	12.000000	0.285932  	12.000000	0.290539  	12.000000	0.000131818	
13.000000	0.244586  	13.000000	0.272456  	13.000000	0.267745  	13.000000	0.268183  	13.000000	0.267581  	13.000000	0.272333  	13.000000	0.000122655	
14.000000	0.230479  	14.000000	0.256528  	14.000000	0.251801  	14.000000	0.252297  	14.000000	0.251571  	14.000000	0.256413  	14.000000	0.000114733	
15.000000	0.218043  	15.000000	0.242478  	15.000000	0.237777  	15.000000	0.238311  	15.000000	0.237487  	15.000000	0.242371  	15.000000	0.000107813	
16.000000	0.206994  	16.000000	0.229993  	16.000000	0.225359  	16.000000	0.22591   	16.000000	0.225009  	16.000000	0.229891  	16.000000	0.000101714	
17.000000	0.197109  	17.000000	0.218823  	17.000000	0.214291  	17.000000	0.214843  	17.000000	0.213884  	17.000000	0.218726  	17.000000	9.62962e-05	
18.000000	0.188211  	18.000000	0.208768  	18.000000	0.204361  	18.000000	0.204912  	18.000000	0.203905  	18.000000	0.208677  	18.000000	9.14498e-05	
19.000000	0.180156  	19.000000	0.19967   	19.000000	0.195407  	19.000000	0.195953  	19.000000	0.194911  	19.000000	0.199583  	19.000000	8.70878e-05	
20.000000	0.172828  	20.000000	0.191397  	20.000000	0.187303  	20.000000	0.187835  	20.000000	0.186768  	20.000000	0.191313  	20.000000	8.314e-05 	
21.000000	0.166132  	21.000000	0.183839  	21.000000	0.179936  	21.000000	0.180448  	21.000000	0.179361  	21.000000	0.18376   	21.000000	7.95493e-05	
22.000000	0.159988  	22.000000	0.176909  	22.000000	0.17321   	22.000000	0.173702  	22.000000	0.172602  	22.000000	0.176833  	22.000000	7.62686e-05	
23.000000	0.15433   	23.000000	0.170529  	23.000000	0.167047  	23.000000	0.167519  	23.000000	0.16641   	23.000000	0.170456  	23.000000	7.3259e-05	
24.000000	0.1491    	24.000000	0.164637  	24.000000	0.161381  	24.000000	0.161835  	24.000000	0.160722  	24.000000	0.164567  	24.000000	7.04876e-05	
25.000000	0.144252  	25.000000	0.159178  	25.000000	0.156159  	25.000000	0.156595  	25.000000	0.155479  	25.000000	0.15911   	25.000000	6.7927e-05	
27.000000	0.135542  	27.000000	0.149378  	27.000000	0.146868  	27.000000	0.147263  	27.000000	0.14615   	27.000000	0.149315  	27.000000	6.33472e-05	
29.000000	0.127934  	29.000000	0.140829  	29.000000	0.138871  	29.000000	0.139216  	29.000000	0.138114  	29.000000	0.14077   	29.000000	5.93691e-05	
31.000000	0.121229  	31.000000	0.133305  	31.000000	0.131759  	31.000000	0.132042  	31.000000	0.131006  	31.000000	0.133249  	31.000000	5.58799e-05	
33.000000	0.115272  	33.000000	0.126628  	33.000000	0.125296  	33.000000	0.125521  	33.000000	0.12459   	33.000000	0.126575  	33.000000	5.27935e-05	
35.000000	0.109943  	35.000000	0.120662  	35.000000	0.119513  	35.000000	0.119688  	35.000000	0.118847  	35.000000	0.120612  	35.000000	5.00433e-05	
38.000000	0.102922  	38.000000	0.112814  	38.000000	0.111892  	38.000000	0.112003  	38.000000	0.111274  	38.000000	0.112767  	38.000000	4.64356e-05	
41.000000	0.0968526 	41.000000	0.106041  	41.000000	0.105305  	41.000000	0.105361  	41.000000	0.104722  	41.000000	0.105998  	41.000000	4.33317e-05	
44.000000	0.0915505 	44.000000	0.100135  	44.000000	0.0995352 	44.000000	0.0995587 	44.000000	0.098995  	44.000000	0.100094  	44.000000	4.06317e-05	
47.000000	0.0868763 	47.000000	0.094937  	47.000000	0.094456  	47.000000	0.0944446 	47.000000	0.0939433 	47.000000	0.0948988 	47.000000	3.82606e-05	
50.000000	0.082723  	50.000000	0.0903258 	50.000000	0.0899404 	50.000000	0.0899011 	50.000000	0.0894526 	50.000000	0.0902897 	50.000000	3.61612e-05	
55.000000	0.0767378 	55.000000	0.0836948 	55.000000	0.0834228 	55.000000	0.0833559 	55.000000	0.0829786 	55.000000	0.0836617 	55.000000	3.31485e-05	
60.000000	0.0716822 	60.000000	0.0781081 	60.000000	0.077918  	60.000000	0.0778301 	60.000000	0.0775087 	60.000000	0.0780775 	60.000000	3.0616e-05	
65.000000	0.0673513 	65.000000	0.0733345 	65.000000	0.0731975 	65.000000	0.0730997 	65.000000	0.0728232 	65.000000	0.073306  	65.000000	2.84562e-05	
70.000000	0.0635972 	70.000000	0.0692067 	70.000000	0.0691184 	70.000000	0.0690024 	70.000000	0.0687624 	70.000000	0.0691801 	70.000000	2.65914e-05	
75.000000	0.0603095 	75.000000	0.0656006 	75.000000	0.0655375 	75.000000	0.0654175 	75.000000	0.0652078 	75.000000	0.0655756 	75.000000	2.49645e-05	
80.000000	0.0574047 	80.000000	0.0624222 	80.000000	0.0623843 	80.000000	0.0622535 	80.000000	0.0620692 	80.000000	0.0623986 	80.000000	2.35321e-05	
85.000000	0.0548184 	85.000000	0.0595989 	85.000000	0.0595719 	85.000000	0.0594395 	85.000000	0.0592766 	85.000000	0.0595766 	85.000000	2.22609e-05	
90.000000	0.0524997 	90.000000	0.0570737 	90.000000	0.0570607 	90.000000	0.0569199 	90.000000	0.0567752 	90.000000	0.0570525 	90.000000	2.11249e-05	
95.000000	0.0504083 	95.000000	0.0548013 	95.000000	0.0547913 	95.000000	0.0546502 	95.000000	0.0545215 	95.000000	0.0547812 	95.000000	2.01033e-05	
100.000000	0.0485116 	100.000000	0.0527453 	100.000000	0.0527361 	100.000000	0.0525948 	100.000000	0.0524799 	100.000000	0.0527261 	100.000000	1.91794e-05	
105.000000	0.046783  	105.000000	0.0508757 	105.000000	0.0508652 	105.000000	0.0507243 	105.000000	0.0506214 	105.000000	0.0508574 	105.000000	1.83398e-05	
110.000000	0.0452006 	110.000000	0.0491682 	110.000000	0.0491607 	110.000000	0.0490146 	110.000000	0.0489225 	110.000000	0.0491507 	110.000000	1.75732e-05	
115.000000	0.0437461 	115.000000	0.0476024 	115.000000	0.0475935 	115.000000	0.0474458 	115.000000	0.047363  	115.000000	0.0475855 	115.000000	1.68704e-05	
120.000000	0.0424044 	120.000000	0.0461612 	120.000000	0.0461475 	120.000000	0.0460009 	120.000000	0.0459266 	120.000000	0.0461449 	120.000000	1.62237e-05	
125.000000	0.0411624 	125.000000	0.0448301 	125.000000	0.0448121 	125.000000	0.0446657 	125.000000	0.0445989 	125.000000	0.0448145 	125.000000	1.56265e-05	
130.000000	0.0400091 	130.000000	0.0435969 	130.000000	0.043574  	130.000000	0.0434282 	130.000000	0.0433683 	130.000000	0.0435818 	130.000000	1.50733e-05	
135.000000	0.0389352 	135.000000	0.0424511 	135.000000	0.0424232 	135.000000	0.0422778 	135.000000	0.042224  	135.000000	0.0424366 	135.000000	1.45594e-05	
140.000000	0.0379326 	140.000000	0.0413837 	140.000000	0.0413506 	140.000000	0.0412058 	140.000000	0.0411577 	140.000000	0.0413696 	140.000000	1.40806e-05	
145.000000	0.0369941 	145.000000	0.0403869 	145.000000	0.0403485 	145.000000	0.0402043 	145.000000	0.0401611 	145.000000	0.0403732 	145.000000	1.36334e-05	
150.000000	0.0361136 	150.000000	0.0394537 	150.000000	0.0394102 	150.000000	0.0392665 	150.000000	0.0392281 	150.000000	0.0394405 	150.000000	1.32148e-05	
155.000000	0.0348739 	155.000000	0.0385784 	155.000000	0.0385297 	155.000000	0.0383866 	155.000000	0.0383524 	155.000000	0.0385656 	155.000000	1.28221e-05	
160.000000	0.0341472 	160.000000	0.0377556 	160.000000	0.0377019 	160.000000	0.0375594 	160.000000	0.037529  	160.000000	0.0377431 	160.000000	1.24528e-05	
165.000000	0.033462  	165.000000	0.0369807 	165.000000	0.0369221 	165.000000	0.0367802 	165.000000	0.0367535 	165.000000	0.0369686 	165.000000	1.2105e-05	
170.000000	0.0328147 	170.000000	0.0362497 	170.000000	0.0361863 	170.000000	0.0360449 	170.000000	0.0360215 	170.000000	0.0362379 	170.000000	1.17768e-05	
175.000000	0.0322022 	175.000000	0.0355589 	175.000000	0.0354909 	175.000000	0.0353501 	175.000000	0.0353297 	175.000000	0.0355474 	175.000000	1.14666e-05	
180.000000	0.0316217 	180.000000	0.034905  	180.000000	0.0348326 	180.000000	0.0346923 	180.000000	0.0346748 	180.000000	0.0348939 	180.000000	1.11729e-05	
185.000000	0.0310708 	185.000000	0.0342853 	185.000000	0.0342085 	185.000000	0.0340688 	185.000000	0.0340539 	185.000000	0.0342744 	185.000000	1.08944e-05	
190.000000	0.0305472 	190.000000	0.033697  	190.000000	0.0336161 	190.000000	0.033477  	190.000000	0.0334645 	190.000000	0.0336864 	190.000000	1.063e-05 	
195.000000	0.0300489 	195.000000	0.0331378 	195.000000	0.033053  	195.000000	0.0329144 	195.000000	0.0329043 	195.000000	0.0331275 	195.000000	1.03785e-05	
200.000000	0.0295742 	200.000000	0.0326057 	200.000000	0.0325171 	200.000000	0.032379  	200.000000	0.032371  	200.000000	0.0325956 	200.000000	1.01391e-05	
210.000000	0.0286888 	210.000000	0.031615  	210.000000	0.0315194 	210.000000	0.0313824 	210.000000	0.0313783 	210.000000	0.0316053 	210.000000	9.69314e-06	
220.000000	0.0278796 	220.000000	0.0307117 	220.000000	0.0306097 	220.000000	0.0304737 	220.000000	0.030473  	220.000000	0.0307024 	220.000000	9.28607e-06	
230.000000	0.027137  	230.000000	0.0298846 	230.000000	0.0297769 	230.000000	0.0296418 	230.000000	0.0296442 	230.000000	0.0298757 	230.000000	8.91296e-06	
240.000000	0.0264532 	240.000000	0.0291246 	240.000000	0.0290117 	240.000000	0.0288776 	240.000000	0.0288827 	240.000000	0.0291161 	240.000000	8.5697e-06	
250.000000	0.0258213 	250.000000	0.0284239 	250.000000	0.0283068 	250.000000	0.0281732 	250.000000	0.0281807 	250.000000	0.0284157 	250.000000	8.2528e-06	
260.000000	0.0252357 	260.000000	0.0277758 	260.000000	0.0276532 	260.000000	0.0275219 	260.000000	0.0275315 	260.000000	0.0277678 	260.000000	7.9593e-06	
270.000000	0.0246914 	270.000000	0.0271746 	270.000000	0.0270461 	270.000000	0.026918  	270.000000	0.0269296 	270.000000	0.027167  	270.000000	7.68667e-06	
280.000000	0.0241842 	280.000000	0.0266156 	280.000000	0.0264842 	280.000000	0.0263566 	280.000000	0.0263699 	280.000000	0.0266081 	280.000000	7.43274e-06	
290.000000	0.0237105 	290.000000	0.0260944 	290.000000	0.0259603 	290.000000	0.0258334 	290.000000	0.0258484 	290.000000	0.0260872 	290.000000	7.19562e-06	
300.000000	0.0232671 	300.000000	0.0256074 	300.000000	0.0254709 	300.000000	0.0253447 	300.000000	0.0253612 	300.000000	0.0256004 	300.000000	6.97368e-06	
310.000000	0.0228511 	310.000000	0.0251513 	310.000000	0.0250129 	310.000000	0.0248873 	310.000000	0.0249052 	310.000000	0.0251446 	310.000000	6.76549e-06	
320.000000	0.0224601 	320.000000	0.0247235 	320.000000	0.0245833 	320.000000	0.0244584 	320.000000	0.0244775 	320.000000	0.0247169 	320.000000	6.5698e-06	
330.000000	0.0220919 	330.000000	0.0243213 	330.000000	0.0241796 	330.000000	0.0240554 	330.000000	0.0240756 	330.000000	0.0243149 	330.000000	6.38549e-06	
340.000000	0.0217447 	340.000000	0.0239426 	340.000000	0.0237998 	340.000000	0.0236761 	340.000000	0.0236974 	340.000000	0.0239364 	340.000000	6.2116e-06	
350.000000	0.0214167 	350.000000	0.0235854 	350.000000	0.0234419 	350.000000	0.0233185 	350.000000	0.0233407 	350.000000	0.0235793 	350.000000	6.04726e-06	
360.000000	0.0211063 	360.000000	0.023248  	360.000000	0.023103  	360.000000	0.022981  	360.000000	0.0230041 	360.000000	0.0232421 	360.000000	5.89168e-06	
370.000000	0.0208123 	370.000000	0.0229288 	370.000000	0.0227788 	370.000000	0.022659  	370.000000	0.022683  	370.000000	0.0229231 	370.000000	5.74419e-06	
380.000000	0.0205334 	380.000000	0.0226265 	380.000000	0.0224728 	380.000000	0.0223541 	380.000000	0.0223788 	380.000000	0.0226209 	380.000000	5.60415e-06	
390.000000	0.0202684 	390.000000	0.0223397 	390.000000	0.0221835 	390.000000	0.022065  	390.000000	0.0220904 	390.000000	0.0223343 	390.000000	5.47101e-06	
400.000000	0.0200165 	400.000000	0.0220674 	400.000000	0.0219087 	400.000000	0.0217906 	400.000000	0.0218167 	400.000000	0.0220621 	400.000000	5.34427e-06	
410.000000	0.0197766 	410.000000	0.0218085 	410.000000	0.0216474 	410.000000	0.0215298 	410.000000	0.0215565 	410.000000	0.0218033 	410.000000	5.22347e-06	
420.000000	0.019548  	420.000000	0.0215621 	420.000000	0.0213988 	420.000000	0.0212817 	420.000000	0.021309  	420.000000	0.021557  	420.000000	5.1082e-06	
430.000000	0.0193299 	430.000000	0.0213273 	430.000000	0.0211622 	430.000000	0.0210454 	430.000000	0.0210733 	430.000000	0.0213223 	430.000000	4.99808e-06	
440.000000	0.0191217 	440.000000	0.0211034 	440.000000	0.0209367 	440.000000	0.0208201 	440.000000	0.0208485 	440.000000	0.0210985 	440.000000	4.89277e-06	
450.000000	0.0189226 	450.000000	0.0208896 	450.000000	0.0207214 	450.000000	0.0206052 	450.000000	0.020634  	450.000000	0.0208848 	450.000000	4.79196e-06	
460.000000	0.0187322 	460.000000	0.0206854 	460.000000	0.020515  	460.000000	0.0203999 	460.000000	0.0204292 	460.000000	0.0206807 	460.000000	4.69536e-06	
470.000000	0.0185499 	470.000000	0.0204901 	470.000000	0.0203173 	470.000000	0.0202037 	470.000000	0.0202334 	470.000000	0.0204855 	470.000000	4.60271e-06	
480.000000	0.0183753 	480.000000	0.0203032 	480.000000	0.0201285 	480.000000	0.0200159 	480.000000	0.020046  	480.000000	0.0202986 	480.000000	4.51378e-06	
490.000000	0.0182078 	490.000000	0.0201241 	490.000000	0.0199483 	490.000000	0.0198362 	490.000000	0.0198667 	490.000000	0.0201197 	490.000000	4.42833e-06	
500.000000	0.0180471 	500.000000	0.0199525 	500.000000	0.019776  	500.000000	0.0196639 	500.000000	0.0196948 	500.000000	0.0199481 	500.000000	4.34617e-06	
520.000000	0.0177446 	520.000000	0.0196299 	520.000000	0.0194518 	520.000000	0.0193403 	520.000000	0.0193718 	520.000000	0.0196257 	520.000000	4.19096e-06	
540.000000	0.017465  	540.000000	0.0193323 	540.000000	0.0191528 	540.000000	0.0190419 	540.000000	0.019074  	540.000000	0.0193282 	540.000000	4.04682e-06	
560.000000	0.017206  	560.000000	0.019057  	560.000000	0.0188765 	560.000000	0.0187661 	560.000000	0.0187988 	560.000000	0.0190531 	560.000000	3.91259e-06	
580.000000	0.0169656 	580.000000	0.0188019 	580.000000	0.0186202 	580.000000	0.0185106 	580.000000	0.0185438 	580.000000	0.0187982 	580.000000	3.78726e-06	
600.000000	0.016742  	600.000000	0.018565  	600.000000	0.0183817 	600.000000	0.0182734 	600.000000	0.018307  	600.000000	0.0185614 	600.000000	3.66998e-06	
620.000000	0.0165336 	620.000000	0.0183446 	620.000000	0.0181597 	620.000000	0.0180527 	620.000000	0.0180867 	620.000000	0.018341  	620.000000	3.55998e-06	
640.000000	0.0163391 	640.000000	0.0181391 	640.000000	0.0179534 	640.000000	0.017847  	640.000000	0.0178814 	640.000000	0.0181357 	640.000000	3.45659e-06	
660.000000	0.0161574 	660.000000	0.0179473 	660.000000	0.0177611 	660.000000	0.017655  	660.000000	0.0176896 	660.000000	0.0179439 	660.000000	3.35924e-06	
680.000000	0.0159873 	680.000000	0.0177679 	680.000000	0.0175811 	680.000000	0.0174753 	680.000000	0.0175103 	680.000000	0.0177646 	680.000000	3.2674e-06	
700.000000	0.0158279 	700.000000	0.0175999 	700.000000	0.0174125 	700.000000	0.0173071 	700.000000	0.0173424 	700.000000	0.0175967 	700.000000	3.18061e-06	
720.000000	0.0156783 	720.000000	0.0174424 	720.000000	0.0172545 	720.000000	0.0171493 	720.000000	0.0171848 	720.000000	0.0174393 	720.000000	3.09846e-06	
740.000000	0.0155379 	740.000000	0.0172946 	740.000000	0.0171057 	740.000000	0.017001  	740.000000	0.0170368 	740.000000	0.0172916 	740.000000	3.02059e-06	
760.000000	0.0154058 	760.000000	0.0171557 	760.000000	0.0169652 	760.000000	0.0168616 	760.000000	0.0168976 	760.000000	0.0171528 	760.000000	2.94666e-06	
780.000000	0.0152816 	780.000000	0.0170251 	780.000000	0.0168328 	780.000000	0.0167303 	780.000000	0.0167665 	780.000000	0.0170222 	780.000000	2.87638e-06	
800.000000	0.0151646 	800.000000	0.0169021 	800.000000	0.0167084 	800.000000	0.0166065 	800.000000	0.0166429 	800.000000	0.0168992 	800.000000	2.80949e-06	
820.000000	0.0150544 	820.000000	0.0167862 	820.000000	0.0165914 	820.000000	0.0164897 	820.000000	0.0165263 	820.000000	0.0167834 	820.000000	2.74574e-06	
840.000000	0.0149504 	840.000000	0.0166768 	840.000000	0.0164809 	840.000000	0.0163794 	840.000000	0.0164161 	840.000000	0.0166742 	840.000000	2.68491e-06	
860.000000	0.0148524 	860.000000	0.0165737 	860.000000	0.0163764 	860.000000	0.016275  	860.000000	0.0163119 	860.000000	0.0165711 	860.000000	2.62681e-06	
880.000000	0.0147598 	880.000000	0.0164763 	880.000000	0.0162774 	880.000000	0.0161763 	880.000000	0.0162133 	880.000000	0.0164737 	880.000000	2.57125e-06	
900.000000	0.0146724 	900.000000	0.0163842 	900.000000	0.0161836 	900.000000	0.0160828 	900.000000	0.01612   	900.000000	0.0163817 	900.000000	2.51807e-06	
920.000000	0.0145899 	920.000000	0.0162972 	920.000000	0.0160949 	920.000000	0.0159941 	920.000000	0.0160314 	920.000000	0.0162948 	920.000000	2.46712e-06	
940.000000	0.0145118 	940.000000	0.0162149 	940.000000	0.0160106 	940.000000	0.01591   	940.000000	0.0159474 	940.000000	0.0162125 	940.000000	2.41825e-06	
960.000000	0.0144381 	960.000000	0.016137  	960.000000	0.0159303 	960.000000	0.0158301 	960.000000	0.0158676 	960.000000	0.0161347 	960.000000	2.37135e-06	
980.000000	0.0143684 	980.000000	0.0160633 	980.000000	0.0158538 	980.000000	0.0157542 	980.000000	0.0157919 	980.000000	0.016061  	980.000000	2.32629e-06	
1000.000000	0.0143025 	1000.000000	0.0159935 	1000.000000	0.0157809 	1000.000000	0.0156821 	1000.000000	0.0157198 	1000.000000	0.0159912 	1000.000000	2.28297e-06	
1020.000000	0.0142402 	1020.000000	0.0159274 	1020.000000	0.0157117 	1020.000000	0.0156134 	1020.000000	0.0156513 	1020.000000	0.0159251 	1020.000000	2.24128e-06	
1040.000000	0.0141813 	1040.000000	0.0158648 	1040.000000	0.0156459 	1040.000000	0.0155481 	1040.000000	0.0155861 	1040.000000	0.0158626 	1040.000000	2.20114e-06	
1060.000000	0.0141257 	1060.000000	0.0158054 	1060.000000	0.0155835 	1060.000000	0.0154859 	1060.000000	0.015524  	1060.000000	0.0158032 	1060.000000	2.16246e-06	
1080.000000	0.0140731 	1080.000000	0.0157492 	1080.000000	0.0155241 	1080.000000	0.0154266 	1080.000000	0.0154647 	1080.000000	0.015747  	1080.000000	2.12516e-06	
1100.000000	0.0140233 	1100.000000	0.0156959 	1100.000000	0.0154676 	1100.000000	0.0153701 	1100.000000	0.0154083 	1100.000000	0.0156938 	1100.000000	2.08916e-06	
1120.000000	0.0139764 	1120.000000	0.0156454 	1120.000000	0.0154136 	1120.000000	0.0153162 	1120.000000	0.0153545 	1120.000000	0.0156433 	1120.000000	2.0544e-06	
1140.000000	0.013932  	1140.000000	0.0155975 	1140.000000	0.015362  	1140.000000	0.0152648 	1140.000000	0.0153031 	1140.000000	0.0155955 	1140.000000	2.02082e-06	
1160.000000	0.0138901 	1160.000000	0.0155522 	1160.000000	0.0153127 	1160.000000	0.0152157 	1160.000000	0.0152541 	1160.000000	0.0155502 	1160.000000	1.98836e-06	
1180.000000	0.0138506 	1180.000000	0.0155092 	1180.000000	0.0152657 	1180.000000	0.0151688 	1180.000000	0.0152072 	1180.000000	0.0155072 	1180.000000	1.95695e-06	
1200.000000	0.0138134 	1200.000000	0.0154685 	1200.000000	0.0152208 	1200.000000	0.015124  	1200.000000	0.0151625 	1200.000000	0.0154666 	1200.000000	1.92656e-06	
1220.000000	0.0137783 	1220.000000	0.0154299 	1220.000000	0.0151779 	1220.000000	0.0150811 	1220.000000	0.0151197 	1220.000000	0.015428  	1220.000000	1.89712e-06	
1240.000000	0.0137453 	1240.000000	0.0153935 	1240.000000	0.0151369 	1240.000000	0.0150402 	1240.000000	0.0150788 	1240.000000	0.0153916 	1240.000000	1.8686e-06	
1260.000000	0.0137142 	1260.000000	0.0153589 	1260.000000	0.0150976 	1260.000000	0.015001  	1260.000000	0.0150397 	1260.000000	0.0153571 	1260.000000	1.84096e-06	
1280.000000	0.013685  	1280.000000	0.0153263 	1280.000000	0.0150601 	1280.000000	0.0149636 	1280.000000	0.0150023 	1280.000000	0.0153245 	1280.000000	1.81414e-06	
1300.000000	0.0136577 	1300.000000	0.0152954 	1300.000000	0.0150241 	1300.000000	0.0149277 	1300.000000	0.0149665 	1300.000000	0.0152936 	1300.000000	1.78812e-06	
1320.000000	0.013632  	1320.000000	0.0152662 	1320.000000	0.0149895 	1320.000000	0.0148934 	1320.000000	0.0149322 	1320.000000	0.0152645 	1320.000000	1.76286e-06	
1340.000000	0.013608  	1340.000000	0.0152387 	1340.000000	0.0149563 	1340.000000	0.0148606 	1340.000000	0.0148994 	1340.000000	0.015237  	1340.000000	1.73833e-06	
1360.000000	0.0135856 	1360.000000	0.0152127 	1360.000000	0.0149245 	1360.000000	0.0148291 	1360.000000	0.014868  	1360.000000	0.015211  	1360.000000	1.71449e-06	
1380.000000	0.0135647 	1380.000000	0.0151882 	1380.000000	0.014894  	1380.000000	0.014799  	1380.000000	0.0148379 	1380.000000	0.0151866 	1380.000000	1.69132e-06	
1400.000000	0.0135453 	1400.000000	0.0151652 	1400.000000	0.0148648 	1400.000000	0.0147701 	1400.000000	0.0148091 	1400.000000	0.0151635 	1400.000000	1.66879e-06	
1420.000000	0.0135272 	1420.000000	0.0151435 	1420.000000	0.0148368 	1420.000000	0.0147425 	1420.000000	0.0147814 	1420.000000	0.0151419 	1420.000000	1.64687e-06	
1440.000000	0.0135105 	1440.000000	0.0151231 	1440.000000	0.0148101 	1440.000000	0.0147159 	1440.000000	0.014755  	1440.000000	0.0151215 	1440.000000	1.62554e-06	
1460.000000	0.0134951 	1460.000000	0.015104  	1460.000000	0.0147845 	1460.000000	0.0146905 	1460.000000	0.0147296 	1460.000000	0.0151024 	1460.000000	1.60477e-06	
1480.000000	0.013481  	1480.000000	0.0150861 	1480.000000	0.01476   	1480.000000	0.0146662 	1480.000000	0.0147053 	1480.000000	0.0150845 	1480.000000	1.58454e-06	
1500.000000	0.0134681 	1500.000000	0.0150694 	1500.000000	0.0147365 	1500.000000	0.0146428 	1500.000000	0.014682  	1500.000000	0.0150678 	1500.000000	1.56483e-06	
1520.000000	0.0134563 	1520.000000	0.0150538 	1520.000000	0.0147141 	1520.000000	0.0146204 	1520.000000	0.0146596 	1520.000000	0.0150522 	1520.000000	1.54562e-06	
1540.000000	0.0134456 	1540.000000	0.0150392 	1540.000000	0.0146926 	1540.000000	0.014599  	1540.000000	0.0146382 	1540.000000	0.0150377 	1540.000000	1.52689e-06	
1560.000000	0.0134361 	1560.000000	0.0150257 	1560.000000	0.014672  	1560.000000	0.0145784 	1560.000000	0.0146176 	1560.000000	0.0150242 	1560.000000	1.50863e-06	
1580.000000	0.0134275 	1580.000000	0.0150132 	1580.000000	0.0146522 	1580.000000	0.0145587 	1580.000000	0.0145979 	1580.000000	0.0150117 	1580.000000	1.49081e-06	
1600.000000	0.01342   	1600.000000	0.0150016 	1600.000000	0.0146332 	1600.000000	0.0145397 	1600.000000	0.014579  	1600.000000	0.0150002 	1600.000000	1.47342e-06	
1620.000000	0.0134134 	1620.000000	0.014991  	1620.000000	0.0146151 	1620.000000	0.0145216 	1620.000000	0.0145609 	1620.000000	0.0149895 	1620.000000	1.45645e-06	
1640.000000	0.0134078 	1640.000000	0.0149812 	1640.000000	0.0145976 	1640.000000	0.0145042 	1640.000000	0.0145435 	1640.000000	0.0149798 	1640.000000	1.43987e-06	
1660.000000	0.0134031 	1660.000000	0.0149723 	1660.000000	0.0145809 	1660.000000	0.0144875 	1660.000000	0.0145268 	1660.000000	0.0149709 	1660.000000	1.42368e-06	
1680.000000	0.0133992 	1680.000000	0.0149643 	1680.000000	0.0145648 	1680.000000	0.0144715 	1680.000000	0.0145108 	1680.000000	0.0149629 	1680.000000	1.40786e-06	
1700.000000	0.0133962 	1700.000000	0.014957  	1700.000000	0.0145494 	1700.000000	0.0144561 	1700.000000	0.0144955 	1700.000000	0.0149556 	1700.000000	1.3924e-06	
1750.000000	0.0133923 	1750.000000	0.0149422 	1750.000000	0.0145136 	1750.000000	0.0144205 	1750.000000	0.0144599 	1750.000000	0.0149408 	1750.000000	1.35525e-06	
1800.000000	0.0133931 	1800.000000	0.0149317 	1800.000000	0.0144814 	1800.000000	0.0143884 	1800.000000	0.0144279 	1800.000000	0.0149304 	1800.000000	1.32008e-06	
1850.000000	0.0133983 	1850.000000	0.0149254 	1850.000000	0.0144524 	1850.000000	0.0143596 	1850.000000	0.0143991 	1850.000000	0.0149241 	1850.000000	1.28675e-06	
1900.000000	0.0134076 	1900.000000	0.0149228 	1900.000000	0.0144264 	1900.000000	0.0143338 	1900.000000	0.0143733 	1900.000000	0.0149215 	1900.000000	1.25512e-06	
1950.000000	0.0134207 	1950.000000	0.0149236 	1950.000000	0.014403  	1950.000000	0.0143106 	1950.000000	0.0143502 	1950.000000	0.0149224 	1950.000000	1.22504e-06	
2000.000000	0.0134373 	2000.000000	0.0149277 	2000.000000	0.0143821 	2000.000000	0.0142899 	2000.000000	0.0143295 	2000.000000	0.0149265 	2000.000000	1.19643e-06	
2100.000000	0.0134803 	2100.000000	0.0149445 	2100.000000	0.0143468 	2100.000000	0.0142551 	2100.000000	0.0142947 	2100.000000	0.0149433 	2100.000000	1.14314e-06	
2200.000000	0.013535  	2200.000000	0.0149716 	2200.000000	0.014319  	2200.000000	0.0142278 	2200.000000	0.0142675 	2200.000000	0.0149705 	2200.000000	1.09453e-06	
2300.000000	0.0136001 	2300.000000	0.0150076 	2300.000000	0.0142977 	2300.000000	0.0142069 	2300.000000	0.0142466 	2300.000000	0.0150065 	2300.000000	1.05e-06  	
2400.000000	0.0136743 	2400.000000	0.0150514 	2400.000000	0.0142818 	2400.000000	0.0141914 	2400.000000	0.0142312 	2400.000000	0.0150504 	2400.000000	1.00906e-06	
2500.000000	0.0137568 	2500.000000	0.0151022 	2500.000000	0.0142708 	2500.000000	0.0141805 	2500.000000	0.0142203 	2500.000000	0.0151012 	2500.000000	9.7129e-07	
2600.000000	0.0138467 	2600.000000	0.015159  	2600.000000	0.0142637 	2600.000000	0.0141736 	2600.000000	0.0142134 	2600.000000	0.015158  	2600.000000	9.36324e-07	
2700.000000	0.0139433 	2700.000000	0.0152212 	2700.000000	0.0142601 	2700.000000	0.01417   	2700.000000	0.0142098 	2700.000000	0.0152203 	2700.000000	9.03862e-07	
2800.000000	0.014046  	2800.000000	0.0152882 	2800.000000	0.0142593 	2800.000000	0.0141693 	2800.000000	0.0142092 	2800.000000	0.0152873 	2800.000000	8.7364e-07	
2900.000000	0.0141544 	2900.000000	0.0153595 	2900.000000	0.0142611 	2900.000000	0.0141712 	2900.000000	0.014211  	2900.000000	0.0153587 	2900.000000	8.45433e-07	
3000.000000	0.0142679 	3000.000000	0.0154347 	3000.000000	0.014265  	3000.000000	0.0141751 	3000.000000	0.014215  	3000.000000	0.0154339 	3000.000000	8.19043e-07	
3200.000000	0.0145089 	3200.000000	0.0155952 	3200.000000	0.014278  	3200.000000	0.0141884 	3200.000000	0.0142283 	3200.000000	0.0155945 	3200.000000	7.7105e-07	
3400.000000	0.0147664 	3400.000000	0.0157672 	3400.000000	0.0142967 	3400.000000	0.0142073 	3400.000000	0.0142472 	3400.000000	0.0157665 	3400.000000	7.28521e-07	
3600.000000	0.0150382 	3600.000000	0.0159487 	3600.000000	0.0143196 	3600.000000	0.0142304 	3600.000000	0.0142703 	3600.000000	0.015948  	3600.000000	6.90564e-07	
3800.000000	0.0153227 	3800.000000	0.0161381 	3800.000000	0.0143456 	3800.000000	0.0142567 	3800.000000	0.0142965 	3800.000000	0.0161375 	3800.000000	6.56475e-07	
4000.000000	0.0156186 	4000.000000	0.0163343 	4000.000000	0.014374  	4000.000000	0.0142853 	4000.000000	0.0143251 	4000.000000	0.0163336 	4000.000000	6.25684e-07	
4200.000000	0.0159248 	4200.000000	0.0165361 	4200.000000	0.0144042 	4200.000000	0.0143156 	4200.000000	0.0143554 	4200.000000	0.0165355 	4200.000000	5.97731e-07	
4400.000000	0.0162403 	4400.000000	0.0167428 	4400.000000	0.0144356 	4400.000000	0.0143472 	4400.000000	0.014387  	4400.000000	0.0167422 	4400.000000	5.72237e-07	
4600.000000	0.0165646 	4600.000000	0.0169536 	4600.000000	0.0144679 	4600.000000	0.0143796 	4600.000000	0.0144194 	4600.000000	0.0169531 	4600.000000	5.48889e-07	
4800.000000	0.0168968 	4800.000000	0.0171681 	4800.000000	0.0145008 	4800.000000	0.0144126 	4800.000000	0.0144524 	4800.000000	0.0171676 	4800.000000	5.27425e-07	
5000.000000	0.0172365 	5000.000000	0.0173858 	5000.000000	0.014534  	5000.000000	0.014446  	5000.000000	0.0144858 	5000.000000	0.0173852 	5000.000000	5.07622e-07	
5250.000000	0.017671  	5250.000000	0.0176616 	5250.000000	0.0145758 	5250.000000	0.014488  	5250.000000	0.0145277 	5250.000000	0.0176611 	5250.000000	4.84923e-07	
5500.000000	0.0181158 	5500.000000	0.0179411 	5500.000000	0.0146176 	5500.000000	0.0145299 	5500.000000	0.0145696 	5500.000000	0.0179407 	5500.000000	4.64222e-07	
6000.000000	0.0190338 	6000.000000	0.0185091 	6000.000000	0.0147004 	6000.000000	0.014613  	6000.000000	0.0146526 	6000.000000	0.0185086 	6000.000000	4.27835e-07	
6500.000000	0.0199867 	6500.000000	0.0190862 	6500.000000	0.0147814 	6500.000000	0.0146942 	6500.000000	0.0147337 	6500.000000	0.0190858 	6500.000000	3.96877e-07	
7000.000000	0.0209717 	7000.000000	0.0196702 	7000.000000	0.0148601 	7000.000000	0.014773  	7000.000000	0.0148124 	7000.000000	0.0196699 	7000.000000	3.70207e-07	
7500.000000	0.0219868 	7500.000000	0.0202594 	7500.000000	0.0149358 	7500.000000	0.0148491 	7500.000000	0.0148884 	7500.000000	0.0202591 	7500.000000	3.46985e-07	
8000.000000	0.0230303 	8000.000000	0.0208526 	8000.000000	0.0150089 	8000.000000	0.0149225 	8000.000000	0.0149616 	8000.000000	0.0208523 	8000.000000	3.26577e-07	
8500.000000	0.0241012 	8500.000000	0.0214488 	8500.000000	0.0150794 	8500.000000	0.014993  	8500.000000	0.015032  	8500.000000	0.0214485 	8500.000000	3.08498e-07	
9000.000000	0.0251985 	9000.000000	0.0220472 	9000.000000	0.0151473 	9000.000000	0.0150609 	9000.000000	0.0150997 	9000.000000	0.0220469 	9000.000000	2.92366e-07	
9500.000000	0.0263215 	9500.000000	0.0226474 	9500.000000	0.0152123 	9500.000000	0.0151261 	9500.000000	0.0151647 	9500.000000	0.0226471 	9500.000000	2.7788e-07	
10000.000000	0.0274696 	10000.000000	0.0232489 	10000.000000	0.0152745 	10000.000000	0.0151888 	10000.000000	0.0152273 	10000.000000	0.0232486 	10000.000000	2.64799e-07	
11000.000000	0.0298394 	11000.000000	0.0244544 	11000.000000	0.0153921 	11000.000000	0.0153073 	11000.000000	0.0153454 	11000.000000	0.0244542 	11000.000000	2.421e-07 	
12000.000000	0.032305  	12000.000000	0.0256618 	12000.000000	0.0155021 	12000.000000	0.0154173 	12000.000000	0.0154549 	12000.000000	0.0256616 	12000.000000	2.23075e-07	
13000.000000	0.0348646 	13000.000000	0.0268697 	13000.000000	0.0156044 	13000.000000	0.0155197 	13000.000000	0.0155569 	13000.000000	0.0268695 	13000.000000	2.06891e-07	
14000.000000	0.037517  	14000.000000	0.0280774 	14000.000000	0.0156994 	14000.000000	0.0156153 	14000.000000	0.0156521 	14000.000000	0.0280772 	14000.000000	1.92952e-07	
15000.000000	0.0402614 	15000.000000	0.0292842 	15000.000000	0.015788  	15000.000000	0.015705  	15000.000000	0.0157412 	15000.000000	0.029284  	15000.000000	1.80818e-07	
16000.000000	0.0430972 	16000.000000	0.0304897 	16000.000000	0.0158713 	16000.000000	0.0157893 	16000.000000	0.015825  	16000.000000	0.0304895 	16000.000000	1.70156e-07	
17000.000000	0.0460241 	17000.000000	0.0316937 	17000.000000	0.0159499 	17000.000000	0.0158687 	17000.000000	0.0159039 	17000.000000	0.0316935 	17000.000000	1.60713e-07	
18000.000000	0.049042  	18000.000000	0.032896  	18000.000000	0.0160244 	18000.000000	0.0159438 	18000.000000	0.0159784 	18000.000000	0.0328958 	18000.000000	1.52287e-07	
19000.000000	0.0521508 	19000.000000	0.0340964 	19000.000000	0.0160952 	19000.000000	0.016015  	19000.000000	0.0160489 	19000.000000	0.0340963 	19000.000000	1.44723e-07	
20000.000000	0.0553506 	20000.000000	0.035295  	20000.000000	0.0161626 	20000.000000	0.0160826 	20000.000000	0.0161159 	20000.000000	0.0352949 	20000.000000	1.37894e-07	
21000.000000	0.0586414 	21000.000000	0.0364917 	21000.000000	0.0162266 	21000.000000	0.0161469 	21000.000000	0.0161795 	21000.000000	0.0364915 	21000.000000	1.31696e-07	
22000.000000	0.0620236 	22000.000000	0.0376864 	22000.000000	0.0162871 	22000.000000	0.0162083 	22000.000000	0.0162402 	22000.000000	0.0376862 	22000.000000	1.26045e-07	
23000.000000	0.0654973 	23000.000000	0.0388791 	23000.000000	0.0163449 	23000.000000	0.016267  	23000.000000	0.0162981 	23000.000000	0.038879  	23000.000000	1.20871e-07	
24000.000000	0.0690628 	24000.000000	0.04007   	24000.000000	0.0164002 	24000.000000	0.0163231 	24000.000000	0.0163534 	24000.000000	0.0400699 	24000.000000	1.16116e-07	
25000.000000	0.0727204 	25000.000000	0.0412589 	25000.000000	0.0164533 	25000.000000	0.016377  	25000.000000	0.0164064 	25000.000000	0.0412588 	25000.000000	1.1173e-07	
26000.000000	0.0764705 	26000.000000	0.0424459 	26000.000000	0.0165042 	26000.000000	0.0164287 	26000.000000	0.0164573 	26000.000000	0.0424458 	26000.000000	1.07672e-07	
27000.000000	0.0803134 	27000.000000	0.0436311 	27000.000000	0.0165532 	27000.000000	0.0164784 	27000.000000	0.0165061 	27000.000000	0.043631  	27000.000000	1.03906e-07	
28000.000000	0.0842495 	28000.000000	0.0448145 	28000.000000	0.0166003 	28000.000000	0.0165263 	28000.000000	0.016553  	28000.000000	0.0448144 	28000.000000	1.00401e-07	
29000.000000	0.0882792 	29000.000000	0.0459961 	29000.000000	0.0166456 	29000.000000	0.0165724 	29000.000000	0.0165983 	29000.000000	0.045996  	29000.000000	9.71303e-08	
30000.000000	0.092403  	30000.000000	0.0471759 	30000.000000	0.0166893 	30000.000000	0.0166169 	30000.000000	0.0166418 	30000.000000	0.0471759 	30000.000000	9.40718e-08	
32000.000000	0.100934  	32000.000000	0.0495305 	32000.000000	0.016772  	32000.000000	0.0167016 	32000.000000	0.0167244 	32000.000000	0.0495304 	32000.000000	8.8512e-08	
34000.000000	0.109847  	34000.000000	0.0518785 	34000.000000	0.0168495 	34000.000000	0.016781  	34000.000000	0.0168017 	34000.000000	0.0518785 	34000.000000	8.35881e-08	
36000.000000	0.119145  	36000.000000	0.0542203 	36000.000000	0.0169219 	36000.000000	0.0168557 	36000.000000	0.016874  	36000.000000	0.0542202 	36000.000000	7.9196e-08	
38000.000000	0.128831  	38000.000000	0.056556  	38000.000000	0.0169897 	38000.000000	0.0169262 	38000.000000	0.0169421 	38000.000000	0.0565559 	38000.000000	7.52534e-08	
40000.000000	0.138911  	40000.000000	0.058886  	40000.000000	0.0170537 	40000.000000	0.016993  	40000.000000	0.0170064 	40000.000000	0.0588859 	40000.000000	7.1694e-08	
42000.000000	0.149387  	42000.000000	0.0612105 	42000.000000	0.0171142 	42000.000000	0.0170563 	42000.000000	0.017067  	42000.000000	0.0612104 	42000.000000	6.84642e-08	
44000.000000	0.160265  	44000.000000	0.0635296 	44000.000000	0.0171718 	44000.000000	0.0171166 	44000.000000	0.0171246 	44000.000000	0.0635296 	44000.000000	6.55198e-08	
46000.000000	0.171548  	46000.000000	0.0658438 	46000.000000	0.0172268 	46000.000000	0.0171741 	46000.000000	0.0171792 	46000.000000	0.0658437 	46000.000000	6.28243e-08	
48000.000000	0.18324   	48000.000000	0.068153  	48000.000000	0.0172793 	48000.000000	0.0172291 	48000.000000	0.0172311 	48000.000000	0.068153  	48000.000000	6.03472e-08	
50000.000000	0.195346  	50000.000000	0.0704576 	50000.000000	0.0173293 	50000.000000	0.0172817 	50000.000000	0.0172806 	50000.000000	0.0704575 	50000.000000	5.80627e-08	
