*Energy (MeV/u)1	0 - [He-base] F.Hubert et al. AD&ND Tables 46(1990)1	Energy (MeV/u)2	1 - [H -base] J.F.Ziegler et al.Pergamon Press.NY(low energy)	Energy (MeV/u)3	2 - ATIMA 1.2 LS-theory (recommended for high energy)	Energy (MeV/u)4	3 - ATIMA 1.2 without LS-correction	Energy (MeV/u)5	4 - ATIMA 1.4 H.Weick. improved mean charge formula for HI	Energy (MeV/u)6	5 - electrical component of [1] - J.F.Ziegler et al	Energy (MeV/u)7	6 - nuclear component of [1] - J.F.Ziegler et al	
0.001000	0.0569528 	0.001000	0.0328516 	0.001000	0.0318775 	0.001000	0.0318775 	0.001000	0.0318623 	0.001000	0.0271127 	0.001000	0.00573883	
0.002000	0.0670829 	0.002000	0.0412473 	0.002000	0.0399166 	0.002000	0.0399166 	0.002000	0.0399077 	0.002000	0.0370371 	0.002000	0.00421026	
0.005000	0.0875061 	0.005000	0.0584387 	0.005000	0.0564288 	0.005000	0.0564288 	0.005000	0.0564248 	0.005000	0.0559384 	0.005000	0.00250033	
0.008000	0.10171   	0.008000	0.0709557 	0.008000	0.0684724 	0.008000	0.0684724 	0.008000	0.0684699 	0.008000	0.0691136 	0.008000	0.00184207	
0.010000	0.10946   	0.010000	0.0779959 	0.010000	0.0752502 	0.010000	0.0752502 	0.010000	0.0752482 	0.010000	0.076414  	0.010000	0.00158181	
0.015000	0.13195   	0.015000	0.0921343 	0.015000	0.0895906 	0.015000	0.0895906 	0.015000	0.0895893 	0.015000	0.0909579 	0.015000	0.00117636	
0.020000	0.150391  	0.020000	0.102829  	0.020000	0.101587  	0.020000	0.101587  	0.020000	0.101586  	0.020000	0.101876  	0.020000	0.000952938	
0.025000	0.165647  	0.025000	0.111013  	0.025000	0.11207   	0.025000	0.11207   	0.025000	0.112069  	0.025000	0.110206  	0.025000	0.0008062 	
0.030000	0.178183  	0.030000	0.117233  	0.030000	0.117439  	0.030000	0.117439  	0.030000	0.117438  	0.030000	0.116532  	0.030000	0.00070169	
0.035000	0.188307  	0.035000	0.121873  	0.035000	0.121508  	0.035000	0.121508  	0.035000	0.121508  	0.035000	0.12125   	0.035000	0.000623086	
0.040000	0.196259  	0.040000	0.125226  	0.040000	0.124524  	0.040000	0.124524  	0.040000	0.124524  	0.040000	0.124664  	0.040000	0.0005616 	
0.045000	0.202259  	0.045000	0.127533  	0.045000	0.126677  	0.045000	0.126677  	0.045000	0.126676  	0.045000	0.127021  	0.045000	0.000512059	
0.050000	0.206516  	0.050000	0.128995  	0.050000	0.128119  	0.050000	0.128119  	0.050000	0.128119  	0.050000	0.128524  	0.050000	0.000471205	
0.055000	0.209238  	0.055000	0.129781  	0.055000	0.128977  	0.055000	0.128977  	0.055000	0.128977  	0.055000	0.129344  	0.055000	0.000436882	
0.060000	0.210629  	0.060000	0.130032  	0.060000	0.129359  	0.060000	0.129359  	0.060000	0.129358  	0.060000	0.129624  	0.060000	0.000407599	
0.070000	0.210192  	0.070000	0.129378  	0.070000	0.129033  	0.070000	0.129033  	0.070000	0.129033  	0.070000	0.129017  	0.070000	0.000360189	
0.080000	0.206637  	0.080000	0.127735  	0.080000	0.127703  	0.080000	0.127703  	0.080000	0.127702  	0.080000	0.127411  	0.080000	0.000323366	
0.090000	0.201144  	0.090000	0.125557  	0.090000	0.125758  	0.090000	0.125758  	0.090000	0.125758  	0.090000	0.125263  	0.090000	0.000293866	
0.100000	0.194605  	0.100000	0.123126  	0.100000	0.123468  	0.100000	0.123468  	0.100000	0.123468  	0.100000	0.122856  	0.100000	0.000269655	
0.120000	0.180689  	0.120000	0.118105  	0.120000	0.118501  	0.120000	0.118501  	0.120000	0.118501  	0.120000	0.117873  	0.120000	0.000232177	
0.140000	0.167638  	0.140000	0.113313  	0.140000	0.113584  	0.140000	0.113584  	0.140000	0.113584  	0.140000	0.113108  	0.140000	0.000204418	
0.160000	0.156309  	0.160000	0.108913  	0.160000	0.108999  	0.160000	0.108999  	0.160000	0.108999  	0.160000	0.10873   	0.160000	0.000182966	
0.180000	0.146736  	0.180000	0.104911  	0.180000	0.104815  	0.180000	0.104815  	0.180000	0.104815  	0.180000	0.104745  	0.180000	0.000165851	
0.200000	0.138682  	0.200000	0.101265  	0.200000	0.101017  	0.200000	0.101017  	0.200000	0.101017  	0.200000	0.101113  	0.200000	0.000151854	
0.250000	0.123387  	0.250000	0.0934057 	0.250000	0.0929343 	0.250000	0.0929343 	0.250000	0.0929342 	0.250000	0.0932799 	0.250000	0.000125868	
0.300000	0.11248   	0.300000	0.0869025 	0.300000	0.086371  	0.300000	0.086371  	0.300000	0.086371  	0.300000	0.0867946 	0.300000	0.000107876	
0.350000	0.104106  	0.350000	0.0813873 	0.350000	0.0808811 	0.350000	0.0808811 	0.350000	0.0808811 	0.350000	0.0812927 	0.350000	9.46286e-05	
0.400000	0.0973152 	0.400000	0.0766278 	0.400000	0.0761834 	0.400000	0.0761834 	0.400000	0.0761834 	0.400000	0.0765434 	0.400000	8.444e-05 	
0.450000	0.0916001 	0.450000	0.0724666 	0.450000	0.0720954 	0.450000	0.0720954 	0.450000	0.0720954 	0.450000	0.0723903 	0.450000	7.63437e-05	
0.500000	0.0866673 	0.500000	0.0687909 	0.500000	0.0684923 	0.500000	0.0684923 	0.500000	0.0684923 	0.500000	0.0687211 	0.500000	6.97445e-05	
0.600000	0.0784786 	0.600000	0.0625778 	0.600000	0.0624052 	0.600000	0.0624052 	0.600000	0.0624052 	0.600000	0.0625182 	0.600000	5.96133e-05	
0.700000	0.0718785 	0.700000	0.0575147 	0.700000	0.0574371 	0.700000	0.0574371 	0.700000	0.0574371 	0.700000	0.0574626 	0.700000	5.21789e-05	
0.800000	0.0664043 	0.800000	0.0533    	0.800000	0.0532904 	0.800000	0.0532904 	0.800000	0.0532904 	0.800000	0.0532535 	0.800000	4.64766e-05	
0.900000	0.0617725 	0.900000	0.0497307 	0.900000	0.0497686 	0.900000	0.0497686 	0.900000	0.0497687 	0.900000	0.0496888 	0.900000	4.19554e-05	
1.000000	0.0577934 	1.000000	0.0466647 	1.000000	0.0467351 	1.000000	0.0467351 	1.000000	0.0467351 	1.000000	0.0466264 	1.000000	3.82775e-05	
1.250000	0.0499065 	1.250000	0.0405908 	1.250000	0.0407008 	1.250000	0.0407008 	1.250000	0.0407008 	1.250000	0.0405593 	1.250000	3.1499e-05	
1.500000	0.0440309 	1.500000	0.0360659 	1.500000	0.0361837 	1.500000	0.0361837 	1.500000	0.0361837 	1.500000	0.036039  	1.500000	2.68463e-05	
1.750000	0.0394698 	1.750000	0.0325496 	1.750000	0.0326612 	1.750000	0.0326612 	1.750000	0.0326612 	1.750000	0.0325262 	1.750000	2.34439e-05	
2.000000	0.0358185 	2.000000	0.0297293 	2.000000	0.0298285 	2.000000	0.0298285 	2.000000	0.0298285 	2.000000	0.0297085 	2.000000	2.08414e-05	
2.250000	0.0328243 	2.250000	0.0274109 	2.250000	0.0274956 	2.250000	0.0274956 	2.250000	0.0274956 	2.250000	0.0273922 	2.250000	1.87828e-05	
2.500000	0.0301896 	2.500000	0.0254674 	2.500000	0.025537  	2.500000	0.025537  	2.500000	0.025537  	2.500000	0.0254503 	2.500000	1.71116e-05	
3.000000	0.0263609 	3.000000	0.0223822 	3.000000	0.0224237 	3.000000	0.0224237 	3.000000	0.0224237 	3.000000	0.0223676 	3.000000	1.45582e-05	
3.500000	0.0234551 	3.500000	0.0200335 	3.500000	0.0200507 	3.500000	0.0200507 	3.500000	0.0200508 	3.500000	0.0200208 	3.500000	1.26949e-05	
4.000000	0.0211681 	4.000000	0.0181787 	4.000000	0.0181757 	4.000000	0.0181757 	4.000000	0.0181757 	4.000000	0.0181674 	4.000000	1.1272e-05	
4.500000	0.0193175 	4.500000	0.0166725 	4.500000	0.0166527 	4.500000	0.0166527 	4.500000	0.0166527 	4.500000	0.0166623 	4.500000	1.01481e-05	
5.000000	0.0177868 	5.000000	0.0154222 	5.000000	0.0153885 	5.000000	0.0153885 	5.000000	0.0153885 	5.000000	0.0154129 	5.000000	9.23685e-06	
5.500000	0.016498  	5.500000	0.0143656 	5.500000	0.0143204 	5.500000	0.0143204 	5.500000	0.0143204 	5.500000	0.0143572 	5.500000	8.48227e-06	
6.000000	0.0153968 	6.000000	0.0134597 	6.000000	0.0134048 	6.000000	0.0134048 	6.000000	0.0134048 	6.000000	0.0134519 	6.000000	7.84666e-06	
6.500000	0.0144443 	6.500000	0.0126733 	6.500000	0.0126102 	6.500000	0.0126102 	6.500000	0.0126103 	6.500000	0.012666  	6.500000	7.30357e-06	
7.000000	0.0136117 	7.000000	0.0119835 	7.000000	0.0119136 	7.000000	0.0119136 	7.000000	0.0119136 	7.000000	0.0119767 	7.000000	6.83389e-06	
7.500000	0.0128772 	7.500000	0.0113729 	7.500000	0.0112972 	7.500000	0.0112972 	7.500000	0.0112972 	7.500000	0.0113665 	7.500000	6.42349e-06	
8.000000	0.0122241 	8.000000	0.0108282 	8.000000	0.0107475 	8.000000	0.0107475 	8.000000	0.0107475 	8.000000	0.0108222 	8.000000	6.06166e-06	
8.500000	0.0116393 	8.500000	0.010339  	8.500000	0.010254  	8.500000	0.010254  	8.500000	0.010254  	8.500000	0.0103332 	8.500000	5.74013e-06	
9.000000	0.0111125 	9.000000	0.00989677	9.000000	0.0098082 	9.000000	0.0098082 	9.000000	0.00980821	9.000000	0.00989132	9.000000	5.45243e-06	
9.500000	0.0106352 	9.500000	0.00949495	9.500000	0.00940328	9.500000	0.00940328	9.500000	0.00940328	9.500000	0.00948975	9.500000	5.19342e-06	
10.000000	0.0102006 	10.000000	0.00917167	10.000000	0.00903369	10.000000	0.00903369	10.000000	0.0090337 	10.000000	0.00916671	10.000000	4.95895e-06	
11.000000	0.00943831	11.000000	0.00854636	11.000000	0.00838519	11.000000	0.00838527	11.000000	0.00838457	11.000000	0.00854181	11.000000	4.5507e-06	
12.000000	0.00879089	12.000000	0.0080058 	12.000000	0.00783287	12.000000	0.00783304	12.000000	0.00783242	12.000000	0.0080016 	12.000000	4.2071e-06	
13.000000	0.0082338 	13.000000	0.0075339 	13.000000	0.00735659	13.000000	0.00735669	13.000000	0.00735629	13.000000	0.00752998	13.000000	3.91373e-06	
14.000000	0.00774904	14.000000	0.00711832	14.000000	0.00694131	14.000000	0.0069413 	14.000000	0.0069411 	14.000000	0.00711466	14.000000	3.66018e-06	
15.000000	0.00732315	15.000000	0.00674952	15.000000	0.00657565	15.000000	0.00657567	15.000000	0.00657562	15.000000	0.00674608	15.000000	3.43876e-06	
16.000000	0.00694583	16.000000	0.00641997	16.000000	0.00625129	16.000000	0.0062512 	16.000000	0.00625128	16.000000	0.00641672	16.000000	3.24366e-06	
17.000000	0.00660908	17.000000	0.00612367	17.000000	0.00596157	17.000000	0.00596122	17.000000	0.00596139	17.000000	0.0061206 	17.000000	3.07037e-06	
18.000000	0.00630657	18.000000	0.00585579	18.000000	0.0057009 	18.000000	0.00570043	18.000000	0.00570069	18.000000	0.00585288	18.000000	2.9154e-06	
19.000000	0.00603325	19.000000	0.00561239	19.000000	0.00546504	19.000000	0.00546458	19.000000	0.00546493	19.000000	0.00560962	19.000000	2.77593e-06	
20.000000	0.005785  	20.000000	0.00539023	20.000000	0.0052507 	20.000000	0.00525023	20.000000	0.00525067	20.000000	0.00538758	20.000000	2.64974e-06	
21.000000	0.00555847	21.000000	0.00518661	21.000000	0.00505506	21.000000	0.00505455	21.000000	0.00505507	21.000000	0.00518408	21.000000	2.53497e-06	
22.000000	0.00535087	22.000000	0.00499928	22.000000	0.00487568	22.000000	0.00487519	22.000000	0.0048758 	22.000000	0.00499685	22.000000	2.43014e-06	
23.000000	0.00515989	23.000000	0.00482634	23.000000	0.0047107 	23.000000	0.0047102 	23.000000	0.00471089	23.000000	0.004824  	23.000000	2.33397e-06	
24.000000	0.00498357	24.000000	0.00466616	24.000000	0.00455862	24.000000	0.00455792	24.000000	0.00455869	24.000000	0.00466392	24.000000	2.24544e-06	
25.000000	0.00482024	25.000000	0.00451737	25.000000	0.00441796	25.000000	0.00441695	25.000000	0.00441781	25.000000	0.00451521	25.000000	2.16364e-06	
27.000000	0.00452715	27.000000	0.00424937	27.000000	0.00416559	27.000000	0.00416431	27.000000	0.00416533	27.000000	0.00424736	27.000000	2.01737e-06	
29.000000	0.00427149	29.000000	0.0040146 	29.000000	0.00394578	29.000000	0.00394453	29.000000	0.00394569	29.000000	0.00401271	29.000000	1.89035e-06	
31.000000	0.00404641	31.000000	0.00380717	31.000000	0.00374843	31.000000	0.00374715	31.000000	0.00374841	31.000000	0.00380539	31.000000	1.77896e-06	
33.000000	0.00384663	33.000000	0.00362251	33.000000	0.00356861	33.000000	0.00356741	33.000000	0.00356868	33.000000	0.00362083	33.000000	1.68045e-06	
35.000000	0.00366804	35.000000	0.00345701	35.000000	0.00340734	35.000000	0.00340627	35.000000	0.00340755	35.000000	0.00345542	35.000000	1.59269e-06	
38.000000	0.00343292	38.000000	0.00323858	38.000000	0.00319489	38.000000	0.00319345	38.000000	0.00319473	38.000000	0.0032371 	38.000000	1.47758e-06	
41.000000	0.00322984	41.000000	0.00304943	41.000000	0.00301049	41.000000	0.00300901	41.000000	0.00301028	41.000000	0.00304805	41.000000	1.37857e-06	
44.000000	0.00305254	44.000000	0.00288397	44.000000	0.00284886	44.000000	0.00284751	44.000000	0.00284877	44.000000	0.00288268	44.000000	1.29246e-06	
47.000000	0.00289632	47.000000	0.00273797	47.000000	0.00270614	47.000000	0.00270486	47.000000	0.00270611	47.000000	0.00273675	47.000000	1.21686e-06	
50.000000	0.00275757	50.000000	0.00260813	50.000000	0.00257908	50.000000	0.00257788	50.000000	0.00257912	50.000000	0.00260698	50.000000	1.14992e-06	
55.000000	0.0025577 	55.000000	0.00242093	55.000000	0.00239565	55.000000	0.00239454	55.000000	0.00239575	55.000000	0.00241987	55.000000	1.0539e-06	
60.000000	0.00238896	60.000000	0.00226274	60.000000	0.00224047	60.000000	0.00223937	60.000000	0.00224056	60.000000	0.00226176	60.000000	9.73199e-07	
65.000000	0.00224445	65.000000	0.00212724	65.000000	0.00210754	65.000000	0.00210624	65.000000	0.00210741	65.000000	0.00212633	65.000000	9.04387e-07	
70.000000	0.00211922	70.000000	0.00200982	70.000000	0.0019919 	70.000000	0.00199072	70.000000	0.00199185	70.000000	0.00200897	70.000000	8.44989e-07	
75.000000	0.00200957	75.000000	0.00190705	75.000000	0.00189058	75.000000	0.00188946	75.000000	0.00189058	75.000000	0.00190626	75.000000	7.93176e-07	
80.000000	0.00191272	80.000000	0.00181632	80.000000	0.00180102	80.000000	0.00179996	80.000000	0.00180106	80.000000	0.00181558	80.000000	7.47566e-07	
85.000000	0.00182649	85.000000	0.00173562	85.000000	0.00172125	85.000000	0.00172026	85.000000	0.00172133	85.000000	0.00173491	85.000000	7.07095e-07	
90.000000	0.00174919	90.000000	0.00166335	90.000000	0.00164976	90.000000	0.0016488 	90.000000	0.00164985	90.000000	0.00166268	90.000000	6.70932e-07	
95.000000	0.00167947	95.000000	0.00159824	95.000000	0.0015855 	95.000000	0.00158436	95.000000	0.00158539	95.000000	0.0015976 	95.000000	6.38416e-07	
100.000000	0.00161625	100.000000	0.00153927	100.000000	0.00152703	100.000000	0.00152594	100.000000	0.00152696	100.000000	0.00153866	100.000000	6.09015e-07	
105.000000	0.00155864	105.000000	0.0014856 	105.000000	0.00147377	105.000000	0.00147273	105.000000	0.00147373	105.000000	0.00148502	105.000000	5.82297e-07	
110.000000	0.0015059 	110.000000	0.00143654	110.000000	0.00142506	110.000000	0.00142406	110.000000	0.00142504	110.000000	0.00143598	110.000000	5.57907e-07	
115.000000	0.00145744	115.000000	0.00139152	115.000000	0.00138032	115.000000	0.00137935	115.000000	0.00138032	115.000000	0.00139099	115.000000	5.35549e-07	
120.000000	0.00141272	120.000000	0.00135005	120.000000	0.00133908	120.000000	0.00133815	120.000000	0.00133911	120.000000	0.00134954	120.000000	5.14977e-07	
125.000000	0.00137134	125.000000	0.00131173	125.000000	0.00130096	125.000000	0.00130006	125.000000	0.001301  	125.000000	0.00131124	125.000000	4.95982e-07	
130.000000	0.00133291	130.000000	0.00127621	130.000000	0.00126559	130.000000	0.00126472	130.000000	0.00126565	130.000000	0.00127573	130.000000	4.78388e-07	
135.000000	0.00129712	135.000000	0.00124318	135.000000	0.00123269	135.000000	0.00123186	135.000000	0.00123277	135.000000	0.00124272	135.000000	4.62043e-07	
140.000000	0.00126371	140.000000	0.0012124 	140.000000	0.0012021 	140.000000	0.00120122	140.000000	0.00120212	140.000000	0.00121196	140.000000	4.46818e-07	
145.000000	0.00123244	145.000000	0.00118365	145.000000	0.00117354	145.000000	0.00117258	145.000000	0.00117347	145.000000	0.00118321	145.000000	4.32599e-07	
150.000000	0.00120311	150.000000	0.00115672	150.000000	0.00114668	150.000000	0.00114575	150.000000	0.00114663	150.000000	0.0011563 	150.000000	4.1929e-07	
155.000000	0.0011618 	155.000000	0.00113144	155.000000	0.00112146	155.000000	0.00112056	155.000000	0.00112143	155.000000	0.00113103	155.000000	4.06803e-07	
160.000000	0.00113759	160.000000	0.00110768	160.000000	0.00109776	160.000000	0.00109687	160.000000	0.00109773	160.000000	0.00110728	160.000000	3.95066e-07	
165.000000	0.00111476	165.000000	0.00108529	165.000000	0.00107541	165.000000	0.00107455	165.000000	0.0010754 	165.000000	0.0010849 	165.000000	3.8401e-07	
170.000000	0.00109319	170.000000	0.00106416	170.000000	0.00105432	170.000000	0.00105348	170.000000	0.00105432	170.000000	0.00106379	170.000000	3.73578e-07	
175.000000	0.00107279	175.000000	0.00104419	175.000000	0.00103439	175.000000	0.00103356	175.000000	0.00103439	175.000000	0.00104382	175.000000	3.63719e-07	
180.000000	0.00105345	180.000000	0.00102528	180.000000	0.00101551	180.000000	0.0010147 	180.000000	0.00101553	180.000000	0.00102492	180.000000	3.54384e-07	
185.000000	0.00103509	185.000000	0.00100735	185.000000	0.000997607	185.000000	0.000996817	185.000000	0.000997634	185.000000	0.00100701	185.000000	3.45534e-07	
190.000000	0.00101765	190.000000	0.00099033	190.000000	0.000980613	190.000000	0.000979836	190.000000	0.000980646	190.000000	0.000989993	190.000000	3.3713e-07	
195.000000	0.00100105	195.000000	0.000974148	195.000000	0.000964444	195.000000	0.000963692	195.000000	0.000964494	195.000000	0.000973819	195.000000	3.2914e-07	
200.000000	0.000985233	200.000000	0.000958745	200.000000	0.000949056	200.000000	0.000948324	200.000000	0.000949119	200.000000	0.000958423	200.000000	3.21534e-07	
210.000000	0.000955735	210.000000	0.00093006	210.000000	0.000920523	210.000000	0.000919706	210.000000	0.000920488	210.000000	0.000929752	210.000000	3.07364e-07	
220.000000	0.000928775	220.000000	0.000903894	220.000000	0.000894418	220.000000	0.000893603	220.000000	0.000894373	220.000000	0.000903599	220.000000	2.94432e-07	
230.000000	0.000904037	230.000000	0.00087993	230.000000	0.000870484	230.000000	0.000869702	230.000000	0.00087046	230.000000	0.000879647	230.000000	2.8258e-07	
240.000000	0.000881255	240.000000	0.000857902	240.000000	0.000848499	240.000000	0.000847737	240.000000	0.000848485	240.000000	0.000857631	240.000000	2.71677e-07	
250.000000	0.000860204	250.000000	0.000837587	250.000000	0.000828226	250.000000	0.000827486	250.000000	0.000828224	250.000000	0.000837326	250.000000	2.61612e-07	
260.000000	0.000840695	260.000000	0.000818794	260.000000	0.000809478	260.000000	0.000808759	260.000000	0.000809487	260.000000	0.000818541	260.000000	2.52291e-07	
270.000000	0.000822562	270.000000	0.000801359	270.000000	0.000792095	270.000000	0.000791392	270.000000	0.000792112	270.000000	0.000801115	270.000000	2.43634e-07	
280.000000	0.000805666	280.000000	0.000785141	280.000000	0.000775932	280.000000	0.000775246	280.000000	0.000775957	280.000000	0.000784906	280.000000	2.35571e-07	
290.000000	0.000789885	290.000000	0.00077002	290.000000	0.000760857	290.000000	0.000760199	290.000000	0.000760902	290.000000	0.000769792	290.000000	2.28042e-07	
300.000000	0.000775111	300.000000	0.000755888	300.000000	0.000746835	300.000000	0.000746144	300.000000	0.00074684	300.000000	0.000755667	300.000000	2.20996e-07	
310.000000	0.000761253	310.000000	0.000742654	310.000000	0.000733726	310.000000	0.000732989	310.000000	0.000733678	310.000000	0.00074244	310.000000	2.14386e-07	
320.000000	0.000748227	320.000000	0.000730236	320.000000	0.000721374	320.000000	0.000720653	320.000000	0.000721335	320.000000	0.000730028	320.000000	2.08174e-07	
330.000000	0.000735962	330.000000	0.000718562	330.000000	0.000709764	330.000000	0.000709064	330.000000	0.000709739	330.000000	0.00071836	330.000000	2.02324e-07	
340.000000	0.000724395	340.000000	0.00070757	340.000000	0.000698848	340.000000	0.000698157	340.000000	0.000698827	340.000000	0.000707373	340.000000	1.96805e-07	
350.000000	0.000713467	350.000000	0.000697201	350.000000	0.000688555	350.000000	0.000687877	350.000000	0.000688541	350.000000	0.000697009	350.000000	1.91589e-07	
360.000000	0.000703128	360.000000	0.000687406	360.000000	0.000678838	360.000000	0.000678172	360.000000	0.000678831	360.000000	0.00068722	360.000000	1.86651e-07	
370.000000	0.000693333	370.000000	0.000678141	370.000000	0.000669653	370.000000	0.000668998	370.000000	0.000669651	370.000000	0.000677959	370.000000	1.8197e-07	
380.000000	0.000684041	380.000000	0.000669363	380.000000	0.000660959	380.000000	0.000660313	380.000000	0.000660962	380.000000	0.000669186	380.000000	1.77526e-07	
390.000000	0.000675215	390.000000	0.000661038	390.000000	0.000652718	390.000000	0.000652082	390.000000	0.000652726	390.000000	0.000660865	390.000000	1.73302e-07	
400.000000	0.000666822	400.000000	0.000653132	400.000000	0.000644897	400.000000	0.000644271	400.000000	0.00064491	400.000000	0.000652963	400.000000	1.6928e-07	
410.000000	0.000658831	410.000000	0.000645616	410.000000	0.000637467	410.000000	0.00063685	410.000000	0.000637485	410.000000	0.00064545	410.000000	1.65447e-07	
420.000000	0.000651215	420.000000	0.000638462	420.000000	0.000630403	420.000000	0.000629792	420.000000	0.000630423	420.000000	0.0006383 	420.000000	1.6179e-07	
430.000000	0.00064395	430.000000	0.000631646	430.000000	0.000623675	430.000000	0.000623073	430.000000	0.000623699	430.000000	0.000631488	430.000000	1.58296e-07	
440.000000	0.000637012	440.000000	0.000625146	440.000000	0.000617256	440.000000	0.000616669	440.000000	0.000617292	440.000000	0.000624991	440.000000	1.54955e-07	
450.000000	0.000630381	450.000000	0.000618941	450.000000	0.000611142	450.000000	0.000610561	450.000000	0.00061118	450.000000	0.000618789	450.000000	1.51757e-07	
460.000000	0.000624038	460.000000	0.000613013	460.000000	0.000605327	460.000000	0.000604729	460.000000	0.000605344	460.000000	0.000612864	460.000000	1.48693e-07	
470.000000	0.000617965	470.000000	0.000607344	470.000000	0.000599783	470.000000	0.000599156	470.000000	0.000599768	470.000000	0.000607198	470.000000	1.45754e-07	
480.000000	0.000612147	480.000000	0.000601919	480.000000	0.000594469	480.000000	0.000593827	480.000000	0.000594436	480.000000	0.000601776	480.000000	1.42933e-07	
490.000000	0.000606568	490.000000	0.000596723	490.000000	0.000589364	490.000000	0.000588727	490.000000	0.000589332	490.000000	0.000596583	490.000000	1.40222e-07	
500.000000	0.000601215	500.000000	0.000591743	500.000000	0.000584466	500.000000	0.000583841	500.000000	0.000584444	500.000000	0.000591605	500.000000	1.37616e-07	
520.000000	0.000591137	520.000000	0.000582383	520.000000	0.000575279	520.000000	0.000574668	520.000000	0.000575265	520.000000	0.00058225	520.000000	1.32694e-07	
540.000000	0.000581823	540.000000	0.00057375	540.000000	0.000566819	540.000000	0.000566218	540.000000	0.000566809	540.000000	0.000573622	540.000000	1.28123e-07	
560.000000	0.000573195	560.000000	0.000565768	560.000000	0.000559005	560.000000	0.000558416	560.000000	0.000559002	560.000000	0.000565644	560.000000	1.23866e-07	
580.000000	0.000565185	580.000000	0.000558373	580.000000	0.000551774	580.000000	0.000551194	580.000000	0.000551775	580.000000	0.000558253	580.000000	1.19892e-07	
600.000000	0.000557735	600.000000	0.000551506	600.000000	0.000545066	600.000000	0.000544495	600.000000	0.000545072	600.000000	0.00055139	600.000000	1.16173e-07	
620.000000	0.000550794	620.000000	0.000545119	620.000000	0.000538833	620.000000	0.00053827	620.000000	0.000538843	620.000000	0.000545006	620.000000	1.12686e-07	
640.000000	0.000544316	640.000000	0.000539167	640.000000	0.00053303	640.000000	0.000532474	640.000000	0.000533042	640.000000	0.000539058	640.000000	1.09408e-07	
660.000000	0.000538261	660.000000	0.000533613	660.000000	0.000527614	660.000000	0.000527068	660.000000	0.000527633	660.000000	0.000533506	660.000000	1.06321e-07	
680.000000	0.000532594	680.000000	0.000528421	680.000000	0.000522551	680.000000	0.000522018	680.000000	0.000522579	680.000000	0.000528318	680.000000	1.0341e-07	
700.000000	0.000527283	700.000000	0.000523562	700.000000	0.000517831	700.000000	0.000517293	700.000000	0.000517851	700.000000	0.000523461	700.000000	1.00659e-07	
720.000000	0.000522301	720.000000	0.000519008	720.000000	0.000513428	720.000000	0.000512866	720.000000	0.00051342	720.000000	0.00051891	720.000000	9.8055e-08	
740.000000	0.000517622	740.000000	0.000514736	740.000000	0.000509327	740.000000	0.000508746	740.000000	0.000509298	740.000000	0.00051464	740.000000	9.55868e-08	
760.000000	0.000513223	760.000000	0.000510724	760.000000	0.000505533	760.000000	0.000504953	760.000000	0.000505502	760.000000	0.000510631	760.000000	9.32438e-08	
780.000000	0.000509084	780.000000	0.000506952	780.000000	0.000501955	780.000000	0.000501385	780.000000	0.000501931	780.000000	0.000506861	780.000000	9.10165e-08	
800.000000	0.000505187	800.000000	0.000503403	800.000000	0.000498587	800.000000	0.000498026	800.000000	0.00049857	800.000000	0.000503314	800.000000	8.88966e-08	
820.000000	0.000501515	820.000000	0.00050006	820.000000	0.000495417	820.000000	0.00049486	820.000000	0.000495401	820.000000	0.000499973	820.000000	8.68763e-08	
840.000000	0.000498052	840.000000	0.00049691	840.000000	0.000492426	840.000000	0.000491874	840.000000	0.000492412	840.000000	0.000496825	840.000000	8.49487e-08	
860.000000	0.000494786	860.000000	0.00049394	860.000000	0.000489602	860.000000	0.000489054	860.000000	0.00048959	860.000000	0.000493857	860.000000	8.31076e-08	
880.000000	0.000491702	880.000000	0.000491136	880.000000	0.000486933	880.000000	0.000486389	880.000000	0.000486923	880.000000	0.000491055	880.000000	8.13471e-08	
900.000000	0.000488791	900.000000	0.00048849	900.000000	0.000484408	900.000000	0.000483869	900.000000	0.000484401	900.000000	0.00048841	900.000000	7.96621e-08	
920.000000	0.000486041	920.000000	0.00048599	920.000000	0.000482019	920.000000	0.000481484	920.000000	0.000482014	920.000000	0.000485912	920.000000	7.80477e-08	
940.000000	0.000483442	940.000000	0.000483627	940.000000	0.000479756	940.000000	0.000479225	940.000000	0.000479753	940.000000	0.00048355	940.000000	7.64995e-08	
960.000000	0.000480986	960.000000	0.000481393	960.000000	0.000477612	960.000000	0.000477085	960.000000	0.000477611	960.000000	0.000481318	960.000000	7.50135e-08	
980.000000	0.000478664	980.000000	0.00047928	980.000000	0.000475579	980.000000	0.000475055	980.000000	0.00047558	980.000000	0.000479207	980.000000	7.3586e-08	
1000.000000	0.000476469	1000.000000	0.000477282	1000.000000	0.00047365	1000.000000	0.000473129	1000.000000	0.000473652	1000.000000	0.00047721	1000.000000	7.22135e-08	
1020.000000	0.000474394	1020.000000	0.000475391	1020.000000	0.000471819	1020.000000	0.000471301	1020.000000	0.000471823	1020.000000	0.000475321	1020.000000	7.08929e-08	
1040.000000	0.000472432	1040.000000	0.000473602	1040.000000	0.000470079	1040.000000	0.000469565	1040.000000	0.000470085	1040.000000	0.000473533	1040.000000	6.96213e-08	
1060.000000	0.000470577	1060.000000	0.000471909	1060.000000	0.000468426	1060.000000	0.000467915	1060.000000	0.000468433	1060.000000	0.00047184	1060.000000	6.8396e-08	
1080.000000	0.000468824	1080.000000	0.000470306	1080.000000	0.000466855	1080.000000	0.000466347	1080.000000	0.000466864	1080.000000	0.000470239	1080.000000	6.72144e-08	
1100.000000	0.000467168	1100.000000	0.000468789	1100.000000	0.000465361	1100.000000	0.000464855	1100.000000	0.000465371	1100.000000	0.000468723	1100.000000	6.60743e-08	
1120.000000	0.000465603	1120.000000	0.000467354	1120.000000	0.00046394	1120.000000	0.000463436	1120.000000	0.00046395	1120.000000	0.000467289	1120.000000	6.49734e-08	
1140.000000	0.000464125	1140.000000	0.000465996	1140.000000	0.000462587	1140.000000	0.000462085	1140.000000	0.000462598	1140.000000	0.000465932	1140.000000	6.39098e-08	
1160.000000	0.00046273	1160.000000	0.00046471	1160.000000	0.0004613 	1160.000000	0.0004608 	1160.000000	0.000461311	1160.000000	0.000464648	1160.000000	6.28816e-08	
1180.000000	0.000461414	1180.000000	0.000463495	1180.000000	0.000460073	1180.000000	0.000459575	1180.000000	0.000460086	1180.000000	0.000463433	1180.000000	6.1887e-08	
1200.000000	0.000460174	1200.000000	0.000462346	1200.000000	0.000458903	1200.000000	0.000458409	1200.000000	0.000458918	1200.000000	0.000462285	1200.000000	6.09243e-08	
1220.000000	0.000459005	1220.000000	0.000461259	1220.000000	0.000457788	1220.000000	0.000457297	1220.000000	0.000457806	1220.000000	0.000461199	1220.000000	5.99921e-08	
1240.000000	0.000457905	1240.000000	0.000460233	1240.000000	0.000456725	1240.000000	0.000456238	1240.000000	0.000456745	1240.000000	0.000460174	1240.000000	5.90889e-08	
1260.000000	0.00045687	1260.000000	0.000459263	1260.000000	0.000455711	1260.000000	0.000455228	1260.000000	0.000455735	1260.000000	0.000459205	1260.000000	5.82134e-08	
1280.000000	0.000455898	1280.000000	0.000458349	1280.000000	0.000454747	1280.000000	0.000454266	1280.000000	0.000454771	1280.000000	0.000458291	1280.000000	5.73643e-08	
1300.000000	0.000454986	1300.000000	0.000457486	1300.000000	0.000453829	1300.000000	0.000453348	1300.000000	0.000453852	1300.000000	0.000457429	1300.000000	5.65403e-08	
1320.000000	0.000454131	1320.000000	0.000456673	1320.000000	0.000452956	1320.000000	0.000452473	1320.000000	0.000452976	1320.000000	0.000456617	1320.000000	5.57405e-08	
1340.000000	0.000453332	1340.000000	0.000455908	1340.000000	0.000452127	1340.000000	0.000451638	1340.000000	0.00045214	1340.000000	0.000455853	1340.000000	5.49637e-08	
1360.000000	0.000452585	1360.000000	0.000455188	1360.000000	0.000451337	1360.000000	0.000450842	1360.000000	0.000451343	1360.000000	0.000455134	1360.000000	5.42089e-08	
1380.000000	0.000451889	1380.000000	0.000454512	1380.000000	0.000450584	1380.000000	0.000450082	1380.000000	0.000450583	1380.000000	0.000454458	1380.000000	5.34752e-08	
1400.000000	0.000451241	1400.000000	0.000453877	1400.000000	0.000449866	1400.000000	0.000449357	1400.000000	0.000449857	1400.000000	0.000453824	1400.000000	5.27618e-08	
1420.000000	0.00045064	1420.000000	0.000453282	1420.000000	0.000449181	1420.000000	0.000448666	1420.000000	0.000449165	1420.000000	0.00045323	1420.000000	5.20677e-08	
1440.000000	0.000450085	1440.000000	0.000452726	1440.000000	0.000448526	1440.000000	0.000448007	1440.000000	0.000448505	1440.000000	0.000452675	1440.000000	5.13923e-08	
1460.000000	0.000449572	1460.000000	0.000452206	1460.000000	0.000447899	1460.000000	0.000447378	1460.000000	0.000447875	1460.000000	0.000452156	1460.000000	5.07347e-08	
1480.000000	0.000449101	1480.000000	0.000451722	1480.000000	0.000447299	1480.000000	0.000446778	1480.000000	0.000447275	1480.000000	0.000451672	1480.000000	5.00942e-08	
1500.000000	0.00044867	1500.000000	0.000451272	1500.000000	0.000446726	1500.000000	0.000446206	1500.000000	0.000446702	1500.000000	0.000451222	1500.000000	4.94703e-08	
1520.000000	0.000448278	1520.000000	0.000450854	1520.000000	0.000446179	1520.000000	0.00044566	1520.000000	0.000446156	1520.000000	0.000450805	1520.000000	4.88622e-08	
1540.000000	0.000447923	1540.000000	0.000450468	1540.000000	0.000445657	1540.000000	0.00044514	1540.000000	0.000445635	1540.000000	0.000450419	1540.000000	4.82693e-08	
1560.000000	0.000447603	1560.000000	0.000450111	1560.000000	0.000445158	1560.000000	0.000444644	1560.000000	0.000445138	1560.000000	0.000450064	1560.000000	4.76911e-08	
1580.000000	0.000447319	1580.000000	0.000449784	1580.000000	0.000444683	1580.000000	0.000444172	1580.000000	0.000444665	1580.000000	0.000449737	1580.000000	4.7127e-08	
1600.000000	0.000447068	1600.000000	0.000449485	1600.000000	0.00044423	1600.000000	0.000443721	1600.000000	0.000444214	1600.000000	0.000449438	1600.000000	4.65766e-08	
1620.000000	0.000446849	1620.000000	0.000449213	1620.000000	0.000443799	1620.000000	0.000443292	1620.000000	0.000443784	1620.000000	0.000449167	1620.000000	4.60392e-08	
1640.000000	0.000446662	1640.000000	0.000448966	1640.000000	0.000443389	1640.000000	0.000442884	1640.000000	0.000443375	1640.000000	0.000448921	1640.000000	4.55145e-08	
1660.000000	0.000446504	1660.000000	0.000448745	1660.000000	0.000442999	1660.000000	0.000442495	1660.000000	0.000442986	1660.000000	0.0004487 	1660.000000	4.5002e-08	
1680.000000	0.000446376	1680.000000	0.000448548	1680.000000	0.000442627	1680.000000	0.000442125	1680.000000	0.000442615	1680.000000	0.000448503	1680.000000	4.45013e-08	
1700.000000	0.000446276	1700.000000	0.000448374	1700.000000	0.000442274	1700.000000	0.000441773	1700.000000	0.000442263	1700.000000	0.00044833	1700.000000	4.4012e-08	
1750.000000	0.000446145	1750.000000	0.000448036	1750.000000	0.000441467	1750.000000	0.000440967	1750.000000	0.000441456	1750.000000	0.000447993	1750.000000	4.28358e-08	
1800.000000	0.000446172	1800.000000	0.000447827	1800.000000	0.000440757	1800.000000	0.000440259	1800.000000	0.000440746	1800.000000	0.000447785	1800.000000	4.17228e-08	
1850.000000	0.000446345	1850.000000	0.000447736	1850.000000	0.000440136	1850.000000	0.00043964	1850.000000	0.000440126	1850.000000	0.000447695	1850.000000	4.0668e-08	
1900.000000	0.000446655	1900.000000	0.000447755	1900.000000	0.000439595	1900.000000	0.000439102	1900.000000	0.000439587	1900.000000	0.000447715	1900.000000	3.96667e-08	
1950.000000	0.000447091	1950.000000	0.000447875	1950.000000	0.000439128	1950.000000	0.000438636	1950.000000	0.00043912	1950.000000	0.000447836	1950.000000	3.87151e-08	
2000.000000	0.000447646	2000.000000	0.000448088	2000.000000	0.000438727	2000.000000	0.000438238	2000.000000	0.00043872	2000.000000	0.000448051	2000.000000	3.78094e-08	
2100.000000	0.000449079	2100.000000	0.000448769	2100.000000	0.000438102	2100.000000	0.000437617	2100.000000	0.000438098	2100.000000	0.000448733	2100.000000	3.61231e-08	
2200.000000	0.000450901	2200.000000	0.000449749	2200.000000	0.000437681	2200.000000	0.000437199	2200.000000	0.000437678	2200.000000	0.000449715	2200.000000	3.4585e-08	
2300.000000	0.000453067	2300.000000	0.000450991	2300.000000	0.000437431	2300.000000	0.000436951	2300.000000	0.000437429	2300.000000	0.000450957	2300.000000	3.31762e-08	
2400.000000	0.00045554	2400.000000	0.00045246	2400.000000	0.000437324	2400.000000	0.000436847	2400.000000	0.000437323	2400.000000	0.000452428	2400.000000	3.1881e-08	
2500.000000	0.000458287	2500.000000	0.00045413	2500.000000	0.000437338	2500.000000	0.000436863	2500.000000	0.000437338	2500.000000	0.000454099	2500.000000	3.0686e-08	
2600.000000	0.000461282	2600.000000	0.000455977	2600.000000	0.000437455	2600.000000	0.000436982	2600.000000	0.000437456	2600.000000	0.000455948	2600.000000	2.95799e-08	
2700.000000	0.000464501	2700.000000	0.000457982	2700.000000	0.000437658	2700.000000	0.000437188	2700.000000	0.00043766	2700.000000	0.000457953	2700.000000	2.8553e-08	
2800.000000	0.000467924	2800.000000	0.000460127	2800.000000	0.000437936	2800.000000	0.000437467	2800.000000	0.000437939	2800.000000	0.000460099	2800.000000	2.7597e-08	
2900.000000	0.000471534	2900.000000	0.000462397	2900.000000	0.000438276	2900.000000	0.000437809	2900.000000	0.00043828	2900.000000	0.000462371	2900.000000	2.67049e-08	
3000.000000	0.000475317	3000.000000	0.00046478	3000.000000	0.000438671	3000.000000	0.000438205	3000.000000	0.000438675	3000.000000	0.000464755	3000.000000	2.58702e-08	
3200.000000	0.000483345	3200.000000	0.000469842	3200.000000	0.000439589	3200.000000	0.000439126	3200.000000	0.000439594	3200.000000	0.000469817	3200.000000	2.43524e-08	
3400.000000	0.000491921	3400.000000	0.000475237	3400.000000	0.00044064	3400.000000	0.000440179	3400.000000	0.000440646	3400.000000	0.000475214	3400.000000	2.30075e-08	
3600.000000	0.000500976	3600.000000	0.000480909	3600.000000	0.000441787	3600.000000	0.000441328	3600.000000	0.000441793	3600.000000	0.000480887	3600.000000	2.18073e-08	
3800.000000	0.000510454	3800.000000	0.000486812	3800.000000	0.000443  	3800.000000	0.000442543	3800.000000	0.000443007	3800.000000	0.000486791	3800.000000	2.07295e-08	
4000.000000	0.000520311	4000.000000	0.000492909	4000.000000	0.00044426	4000.000000	0.000443804	4000.000000	0.000444267	4000.000000	0.000492889	4000.000000	1.9756e-08	
4200.000000	0.000530511	4200.000000	0.000499172	4200.000000	0.000445549	4200.000000	0.000445094	4200.000000	0.000445556	4200.000000	0.000499153	4200.000000	1.88723e-08	
4400.000000	0.000541024	4400.000000	0.000505576	4400.000000	0.000446856	4400.000000	0.000446403	4400.000000	0.000446863	4400.000000	0.000505558	4400.000000	1.80664e-08	
4600.000000	0.000551825	4600.000000	0.000512102	4600.000000	0.000448171	4600.000000	0.000447719	4600.000000	0.000448179	4600.000000	0.000512084	4600.000000	1.73284e-08	
4800.000000	0.000562893	4800.000000	0.000518733	4800.000000	0.000449488	4800.000000	0.000449036	4800.000000	0.000449495	4800.000000	0.000518716	4800.000000	1.66499e-08	
5000.000000	0.000574211	5000.000000	0.000525454	5000.000000	0.0004508 	5000.000000	0.000450349	5000.000000	0.000450807	5000.000000	0.000525438	5000.000000	1.6024e-08	
5250.000000	0.000588686	5250.000000	0.000533967	5250.000000	0.000452427	5250.000000	0.000451977	5250.000000	0.000452434	5250.000000	0.000533952	5250.000000	1.53067e-08	
5500.000000	0.000603504	5500.000000	0.000542586	5500.000000	0.000454034	5500.000000	0.000453585	5500.000000	0.000454041	5500.000000	0.000542571	5500.000000	1.46524e-08	
6000.000000	0.000634086	6000.000000	0.000560079	6000.000000	0.000457174	6000.000000	0.000456727	6000.000000	0.000457181	6000.000000	0.000560066	6000.000000	1.35027e-08	
6500.000000	0.00066583	6500.000000	0.000577838	6500.000000	0.0004602 	6500.000000	0.000459753	6500.000000	0.000460205	6500.000000	0.000577825	6500.000000	1.25245e-08	
7000.000000	0.000698643	7000.000000	0.000595794	7000.000000	0.000463103	7000.000000	0.000462657	7000.000000	0.000463107	7000.000000	0.000595782	7000.000000	1.16819e-08	
7500.000000	0.000732458	7500.000000	0.000613899	7500.000000	0.000465883	7500.000000	0.000465437	7500.000000	0.000465885	7500.000000	0.000613888	7500.000000	1.09483e-08	
8000.000000	0.000767223	8000.000000	0.000632115	8000.000000	0.000468542	8000.000000	0.000468097	8000.000000	0.000468543	8000.000000	0.000632105	8000.000000	1.03037e-08	
8500.000000	0.000802899	8500.000000	0.000650416	8500.000000	0.000471085	8500.000000	0.000470641	8500.000000	0.000471085	8500.000000	0.000650407	8500.000000	9.7326e-09	
9000.000000	0.000839455	9000.000000	0.000668782	9000.000000	0.000473518	9000.000000	0.000473075	9000.000000	0.000473516	9000.000000	0.000668772	9000.000000	9.2231e-09	
9500.000000	0.000876866	9500.000000	0.000687195	9500.000000	0.000475849	9500.000000	0.000475405	9500.000000	0.000475845	9500.000000	0.000687186	9500.000000	8.76563e-09	
10000.000000	0.000915113	10000.000000	0.000705643	10000.000000	0.000478083	10000.000000	0.000477638	10000.000000	0.000478075	10000.000000	0.000705635	10000.000000	8.35255e-09	
11000.000000	0.000994058	11000.000000	0.000742608	11000.000000	0.00048228	11000.000000	0.000481836	11000.000000	0.000482268	11000.000000	0.0007426 	11000.000000	7.63579e-09	
12000.000000	0.0010762 	12000.000000	0.000779618	12000.000000	0.000486145	12000.000000	0.000485713	12000.000000	0.00048614	12000.000000	0.000779611	12000.000000	7.0351e-09	
13000.000000	0.00116147	13000.000000	0.000816637	13000.000000	0.000489729	13000.000000	0.000489309	13000.000000	0.000489729	13000.000000	0.000816631	13000.000000	6.52419e-09	
14000.000000	0.00124983	14000.000000	0.00085364	14000.000000	0.000493069	14000.000000	0.000492656	14000.000000	0.000493071	14000.000000	0.000853634	14000.000000	6.08418e-09	
15000.000000	0.00134125	15000.000000	0.000890611	15000.000000	0.000496194	15000.000000	0.000495784	15000.000000	0.000496192	15000.000000	0.000890605	15000.000000	5.70116e-09	
16000.000000	0.00143572	16000.000000	0.000927539	16000.000000	0.000499123	16000.000000	0.000498717	16000.000000	0.000499118	16000.000000	0.000927533	16000.000000	5.36466e-09	
17000.000000	0.00153323	17000.000000	0.000964416	17000.000000	0.000501878	17000.000000	0.000501476	17000.000000	0.00050187	17000.000000	0.000964411	17000.000000	5.06661e-09	
18000.000000	0.00163377	18000.000000	0.00100124	18000.000000	0.000504477	18000.000000	0.000504079	18000.000000	0.000504466	18000.000000	0.00100123	18000.000000	4.80073e-09	
19000.000000	0.00173733	19000.000000	0.001038  	19000.000000	0.000506934	19000.000000	0.000506541	19000.000000	0.00050692	19000.000000	0.001038  	19000.000000	4.56204e-09	
20000.000000	0.00184393	20000.000000	0.0010747 	20000.000000	0.000509263	20000.000000	0.000508877	20000.000000	0.000509247	20000.000000	0.0010747 	20000.000000	4.34654e-09	
21000.000000	0.00195356	21000.000000	0.00111135	21000.000000	0.000511471	21000.000000	0.000511097	21000.000000	0.000511458	21000.000000	0.00111134	21000.000000	4.15097e-09	
22000.000000	0.00206623	22000.000000	0.00114793	22000.000000	0.000513562	22000.000000	0.000513211	22000.000000	0.000513563	22000.000000	0.00114792	22000.000000	3.97268e-09	
23000.000000	0.00218195	23000.000000	0.00118445	23000.000000	0.000515576	23000.000000	0.00051523	23000.000000	0.000515572	23000.000000	0.00118444	23000.000000	3.80945e-09	
24000.000000	0.00230073	24000.000000	0.00122091	24000.000000	0.000517506	24000.000000	0.00051716	24000.000000	0.000517492	24000.000000	0.0012209 	24000.000000	3.65943e-09	
25000.000000	0.00242258	25000.000000	0.00125731	25000.000000	0.000519339	25000.000000	0.000519008	25000.000000	0.00051933	25000.000000	0.00125731	25000.000000	3.52108e-09	
26000.000000	0.00254751	26000.000000	0.00129365	26000.000000	0.000521101	26000.000000	0.000520782	26000.000000	0.000521093	26000.000000	0.00129365	26000.000000	3.39306e-09	
27000.000000	0.00267553	27000.000000	0.00132994	27000.000000	0.000522807	27000.000000	0.000522485	27000.000000	0.000522786	27000.000000	0.00132993	27000.000000	3.27426e-09	
28000.000000	0.00280666	28000.000000	0.00136616	28000.000000	0.000524448	28000.000000	0.000524125	28000.000000	0.000524413	28000.000000	0.00136616	28000.000000	3.1637e-09	
29000.000000	0.0029409 	29000.000000	0.00140234	29000.000000	0.000526018	29000.000000	0.000525704	29000.000000	0.000525981	29000.000000	0.00140233	29000.000000	3.06056e-09	
30000.000000	0.00307828	30000.000000	0.00143845	30000.000000	0.000527522	30000.000000	0.000527227	30000.000000	0.000527491	30000.000000	0.00143845	30000.000000	2.96409e-09	
32000.000000	0.00336248	32000.000000	0.00151053	32000.000000	0.000530373	32000.000000	0.00053012	32000.000000	0.000530358	32000.000000	0.00151053	32000.000000	2.78874e-09	
34000.000000	0.00365939	34000.000000	0.00158241	34000.000000	0.000533051	34000.000000	0.000532829	34000.000000	0.000533039	34000.000000	0.00158241	34000.000000	2.63346e-09	
36000.000000	0.00396914	36000.000000	0.00165409	36000.000000	0.000535573	36000.000000	0.000535374	36000.000000	0.000535555	36000.000000	0.00165409	36000.000000	2.49495e-09	
38000.000000	0.00429183	38000.000000	0.00172559	38000.000000	0.00053795	38000.000000	0.000537774	38000.000000	0.000537924	38000.000000	0.00172559	38000.000000	2.37063e-09	
40000.000000	0.00462762	40000.000000	0.00179691	40000.000000	0.000540197	40000.000000	0.000540045	40000.000000	0.000540162	40000.000000	0.00179691	40000.000000	2.2584e-09	
42000.000000	0.00497663	42000.000000	0.00186806	42000.000000	0.000542328	42000.000000	0.000542198	42000.000000	0.000542281	42000.000000	0.00186806	42000.000000	2.15656e-09	
44000.000000	0.005339  	44000.000000	0.00193905	44000.000000	0.000544353	44000.000000	0.000544245	44000.000000	0.000544293	44000.000000	0.00193904	44000.000000	2.06373e-09	
46000.000000	0.00571488	46000.000000	0.00200988	46000.000000	0.000546284	46000.000000	0.000546195	46000.000000	0.000546205	46000.000000	0.00200988	46000.000000	1.97875e-09	
48000.000000	0.00610439	48000.000000	0.00208056	48000.000000	0.000548126	48000.000000	0.000548058	48000.000000	0.000548029	48000.000000	0.00208056	48000.000000	1.90066e-09	
50000.000000	0.00650769	50000.000000	0.0021511 	50000.000000	0.000549883	50000.000000	0.00054984	50000.000000	0.00054977	50000.000000	0.0021511 	50000.000000	1.82864e-09	
