Energy (MeV/u)1	0 - [He-base] F.Hubert et al. AD&ND Tables 46(1990)1	Energy (MeV/u)2	1 - [H -base] J.F.Ziegler et al.Pergamon Press.NY(low energy)	Energy (MeV/u)3	2 - ATIMA 1.2 LS-theory (recommended for high energy)	Energy (MeV/u)4	3 - ATIMA 1.2 without LS-correction	Energy (MeV/u)5	4 - ATIMA 1.4 H.Weick. improved mean charge formula for HI	Energy (MeV/u)6	5 - electrical component of [1] - J.F.Ziegler et al	Energy (MeV/u)7	6 - nuclear component of [1] - J.F.Ziegler et al	
0.001000	0.420191  	0.001000	0.390903  	0.001000	0.319086  	0.001000	0.319086  	0.001000	0.3191    	0.001000	0.240147  	0.001000	0.150756  	
0.002000	0.459105  	0.002000	0.42406   	0.002000	0.35068   	0.002000	0.35068   	0.002000	0.35069   	0.002000	0.311432  	0.002000	0.112629  	
0.005000	0.556095  	0.005000	0.507267  	0.005000	0.444531  	0.005000	0.444531  	0.005000	0.444535  	0.005000	0.439127  	0.005000	0.0681401 	
0.008000	0.632993  	0.008000	0.574329  	0.008000	0.526665  	0.008000	0.526665  	0.008000	0.526668  	0.008000	0.523764  	0.008000	0.0505656 	
0.010000	0.677056  	0.010000	0.613028  	0.010000	0.575846  	0.010000	0.575846  	0.010000	0.575848  	0.010000	0.569478  	0.010000	0.0435505 	
0.015000	0.788801  	0.015000	0.70622   	0.015000	0.661688  	0.015000	0.661688  	0.015000	0.66169   	0.015000	0.673687  	0.015000	0.0325321 	
0.020000	0.878079  	0.020000	0.797522  	0.020000	0.73708   	0.020000	0.73708   	0.020000	0.737082  	0.020000	0.771085  	0.020000	0.026438  	
0.025000	0.976599  	0.025000	0.882848  	0.025000	0.810141  	0.025000	0.810141  	0.025000	0.810143  	0.025000	0.860433  	0.025000	0.0224156 	
0.030000	1.0601    	0.030000	0.962932  	0.030000	0.891207  	0.030000	0.891207  	0.030000	0.891208  	0.030000	0.943391  	0.030000	0.0195411 	
0.035000	1.12875   	0.035000	1.03808   	0.035000	0.968054  	0.035000	0.968054  	0.035000	0.968055  	0.035000	1.02071   	0.035000	0.0173738 	
0.040000	1.18286   	0.040000	1.10847   	0.040000	1.04067   	0.040000	1.04067   	0.040000	1.04067   	0.040000	1.09279   	0.040000	0.0156753 	
0.045000	1.22299   	0.045000	1.17424   	0.045000	1.10904   	0.045000	1.10904   	0.045000	1.10904   	0.045000	1.15993   	0.045000	0.0143046 	
0.050000	1.24997   	0.050000	1.23552   	0.050000	1.17318   	0.050000	1.17318   	0.050000	1.17319   	0.050000	1.22235   	0.050000	0.0131728 	
0.055000	1.3044    	0.055000	1.29244   	0.055000	1.23315   	0.055000	1.23315   	0.055000	1.23315   	0.055000	1.28022   	0.055000	0.0122209 	
0.060000	1.35077   	0.060000	1.34512   	0.060000	1.289     	0.060000	1.289     	0.060000	1.289     	0.060000	1.33371   	0.060000	0.0114081 	
0.070000	1.42159   	0.070000	1.43839   	0.070000	1.38871   	0.070000	1.38871   	0.070000	1.38871   	0.070000	1.4283    	0.070000	0.0100905 	
0.080000	1.49759   	0.080000	1.51661   	0.080000	1.47329   	0.080000	1.47329   	0.080000	1.47329   	0.080000	1.50755   	0.080000	0.00906579	
0.090000	1.55729   	0.090000	1.58247   	0.090000	1.54394   	0.090000	1.54394   	0.090000	1.54394   	0.090000	1.57422   	0.090000	0.00824398	
0.100000	1.60517   	0.100000	1.63799   	0.100000	1.60204   	0.100000	1.60204   	0.100000	1.60204   	0.100000	1.63042   	0.100000	0.00756893	
0.120000	1.63426   	0.120000	1.71726   	0.120000	1.68632   	0.120000	1.68632   	0.120000	1.68632   	0.120000	1.71074   	0.120000	0.00652281	
0.140000	1.64582   	0.140000	1.76355   	0.140000	1.73714   	0.140000	1.73714   	0.140000	1.73714   	0.140000	1.75781   	0.140000	0.00574705	
0.160000	1.64991   	0.160000	1.7841    	0.160000	1.76399   	0.160000	1.76399   	0.160000	1.76399   	0.160000	1.77896   	0.160000	0.00514697	
0.180000	1.64956   	0.180000	1.78315   	0.180000	1.77433   	0.180000	1.77433   	0.180000	1.77434   	0.180000	1.77848   	0.180000	0.00466784	
0.200000	1.65317   	0.200000	1.77388   	0.200000	1.7737    	0.200000	1.7737    	0.200000	1.7737    	0.200000	1.7696    	0.200000	0.00427572	
0.250000	1.623     	0.250000	1.7335    	0.250000	1.74697   	0.250000	1.74697   	0.250000	1.74697   	0.250000	1.72995   	0.250000	0.0035471 	
0.300000	1.62967   	0.300000	1.71207   	0.300000	1.7072    	0.300000	1.7072    	0.300000	1.7072    	0.300000	1.70903   	0.300000	0.00304206	
0.350000	1.64188   	0.350000	1.69424   	0.350000	1.66638   	0.350000	1.66638   	0.350000	1.66638   	0.350000	1.69157   	0.350000	0.00266991	
0.400000	1.63902   	0.400000	1.66431   	0.400000	1.63079   	0.400000	1.63079   	0.400000	1.63079   	0.400000	1.66193   	0.400000	0.00238349	
0.450000	1.62997   	0.450000	1.63325   	0.450000	1.60819   	0.450000	1.60819   	0.450000	1.60819   	0.450000	1.63109   	0.450000	0.00215576	
0.500000	1.6254    	0.500000	1.61152   	0.500000	1.5841    	0.500000	1.5841    	0.500000	1.5841    	0.500000	1.60955   	0.500000	0.00197005	
0.600000	1.55318   	0.600000	1.57062   	0.600000	1.53438   	0.600000	1.53438   	0.600000	1.53438   	0.600000	1.56894   	0.600000	0.00168478	
0.700000	1.47204   	0.700000	1.52998   	0.700000	1.48097   	0.700000	1.48097   	0.700000	1.48098   	0.700000	1.5285    	0.700000	0.00147532	
0.800000	1.44073   	0.800000	1.48693   	0.800000	1.42936   	0.800000	1.42936   	0.800000	1.42936   	0.800000	1.48562   	0.800000	0.00131456	
0.900000	1.40613   	0.900000	1.44463   	0.900000	1.38061   	0.900000	1.38061   	0.900000	1.38061   	0.900000	1.44344   	0.900000	0.00118705	
1.000000	1.36976   	1.000000	1.40315   	1.000000	1.33453   	1.000000	1.33453   	1.000000	1.33453   	1.000000	1.40207   	1.000000	0.00108328	
1.250000	1.26593   	1.250000	1.29537   	1.250000	1.2282    	1.250000	1.2282    	1.250000	1.2282    	1.250000	1.29448   	1.250000	0.000891927	
1.500000	1.15901   	1.500000	1.18755   	1.500000	1.13257   	1.500000	1.13257   	1.500000	1.13257   	1.500000	1.18679   	1.500000	0.000760502	
1.750000	1.06778   	1.750000	1.09683   	1.750000	1.0519    	1.750000	1.0519    	1.750000	1.0519    	1.750000	1.09617   	1.750000	0.000664344	
2.000000	0.982887  	2.000000	1.01261   	2.000000	0.982328  	2.000000	0.982328  	2.000000	0.982328  	2.000000	1.01202   	2.000000	0.000590765	
2.250000	0.912277  	2.250000	0.941348  	2.250000	0.921502  	2.250000	0.921502  	2.250000	0.921503  	2.250000	0.940815  	2.250000	0.000532545	
2.500000	0.849611  	2.500000	0.881235  	2.500000	0.867804  	2.500000	0.867804  	2.500000	0.867805  	2.500000	0.88075   	2.500000	0.000485264	
3.000000	0.757123  	3.000000	0.784223  	3.000000	0.777275  	3.000000	0.777275  	3.000000	0.777275  	3.000000	0.78381   	3.000000	0.000413001	
3.500000	0.683643  	3.500000	0.708024  	3.500000	0.703954  	3.500000	0.703954  	3.500000	0.703954  	3.500000	0.707663  	3.500000	0.000360244	
4.000000	0.623845  	4.000000	0.646391  	4.000000	0.643423  	4.000000	0.643423  	4.000000	0.643424  	4.000000	0.646071  	4.000000	0.000319946	
4.500000	0.574209  	4.500000	0.595323  	4.500000	0.592646  	4.500000	0.592646  	4.500000	0.592646  	4.500000	0.595035  	4.500000	0.000288106	
5.000000	0.532325  	5.000000	0.552153  	5.000000	0.549462  	5.000000	0.549462  	5.000000	0.549462  	5.000000	0.55189   	5.000000	0.000262282	
5.500000	0.496489  	5.500000	0.515099  	5.500000	0.512296  	5.500000	0.512296  	5.500000	0.512297  	5.500000	0.514858  	5.500000	0.000240895	
6.000000	0.465464  	6.000000	0.482908  	6.000000	0.479977  	6.000000	0.479977  	6.000000	0.479978  	6.000000	0.482685  	6.000000	0.000222876	
6.500000	0.438332  	6.500000	0.454659  	6.500000	0.451615  	6.500000	0.451615  	6.500000	0.451615  	6.500000	0.454451  	6.500000	0.000207477	
7.000000	0.414393  	7.000000	0.429656  	7.000000	0.426523  	7.000000	0.426523  	7.000000	0.426523  	7.000000	0.429462  	7.000000	0.000194158	
7.500000	0.393108  	7.500000	0.407363  	7.500000	0.404165  	7.500000	0.404165  	7.500000	0.404165  	7.500000	0.40718   	7.500000	0.000182518	
8.000000	0.374052  	8.000000	0.387356  	8.000000	0.384115  	8.000000	0.384115  	8.000000	0.384116  	8.000000	0.387183  	8.000000	0.000172254	
8.500000	0.356889  	8.500000	0.369297  	8.500000	0.366032  	8.500000	0.366032  	8.500000	0.366032  	8.500000	0.369134  	8.500000	0.000163133	
9.000000	0.341345  	9.000000	0.352912  	9.000000	0.349638  	9.000000	0.349638  	9.000000	0.349638  	9.000000	0.352757  	9.000000	0.00015497	
9.500000	0.327199  	9.500000	0.337977  	9.500000	0.334704  	9.500000	0.334704  	9.500000	0.334704  	9.500000	0.33783   	9.500000	0.00014762	
10.000000	0.314267  	10.000000	0.320083  	10.000000	0.321043  	10.000000	0.321043  	10.000000	0.321043  	10.000000	0.319942  	10.000000	0.000140966	
11.000000	0.291463  	11.000000	0.297405  	11.000000	0.296685  	11.000000	0.296889  	11.000000	0.296758  	11.000000	0.297275  	11.000000	0.000129379	
12.000000	0.271982  	12.000000	0.277882  	12.000000	0.275966  	12.000000	0.276303  	12.000000	0.276069  	12.000000	0.277762  	12.000000	0.000119626	
13.000000	0.255138  	13.000000	0.260901  	13.000000	0.258135  	13.000000	0.258558  	13.000000	0.258247  	13.000000	0.26079   	13.000000	0.000111296	
14.000000	0.240422  	14.000000	0.245997  	14.000000	0.242635  	14.000000	0.243114  	14.000000	0.242746  	14.000000	0.245893  	14.000000	0.000104097	
15.000000	0.22745   	15.000000	0.23281   	15.000000	0.229042  	15.000000	0.229558  	15.000000	0.229149  	15.000000	0.232712  	15.000000	9.78092e-05	
16.000000	0.215924  	16.000000	0.221059  	16.000000	0.217037  	16.000000	0.217569  	16.000000	0.217134  	16.000000	0.220966  	16.000000	9.22679e-05	
17.000000	0.205613  	17.000000	0.21052   	17.000000	0.206365  	17.000000	0.206898  	17.000000	0.206448  	17.000000	0.210433  	17.000000	8.73459e-05	
18.000000	0.19633   	18.000000	0.201015  	18.000000	0.196813  	18.000000	0.197344  	18.000000	0.196885  	18.000000	0.200932  	18.000000	8.29434e-05	
19.000000	0.187928  	19.000000	0.192398  	19.000000	0.188218  	19.000000	0.188745  	19.000000	0.188285  	19.000000	0.192319  	19.000000	7.89813e-05	
20.000000	0.180284  	20.000000	0.184549  	20.000000	0.180455  	20.000000	0.180969  	20.000000	0.180514  	20.000000	0.184474  	20.000000	7.53958e-05	
21.000000	0.1733    	21.000000	0.177369  	21.000000	0.173413  	21.000000	0.173908  	21.000000	0.17346   	21.000000	0.177297  	21.000000	7.21349e-05	
22.000000	0.166891  	22.000000	0.170776  	22.000000	0.166997  	22.000000	0.167472  	22.000000	0.167036  	22.000000	0.170707  	22.000000	6.91557e-05	
23.000000	0.160988  	23.000000	0.164699  	23.000000	0.161128  	23.000000	0.161584  	23.000000	0.161162  	23.000000	0.164633  	23.000000	6.64229e-05	
24.000000	0.155533  	24.000000	0.15908   	24.000000	0.155743  	24.000000	0.156181  	24.000000	0.155775  	24.000000	0.159017  	24.000000	6.39067e-05	
25.000000	0.150476  	25.000000	0.153869  	25.000000	0.150788  	25.000000	0.151209  	25.000000	0.150819  	25.000000	0.153808  	25.000000	6.15818e-05	
27.000000	0.14139   	27.000000	0.144502  	27.000000	0.141995  	27.000000	0.142377  	27.000000	0.142024  	27.000000	0.144445  	27.000000	5.74243e-05	
29.000000	0.133454  	29.000000	0.136318  	29.000000	0.134453  	29.000000	0.134787  	29.000000	0.134473  	29.000000	0.136264  	29.000000	5.38133e-05	
31.000000	0.126459  	31.000000	0.129103  	31.000000	0.127665  	31.000000	0.127938  	31.000000	0.127677  	31.000000	0.129053  	31.000000	5.06464e-05	
33.000000	0.120245  	33.000000	0.122694  	33.000000	0.121405  	33.000000	0.121623  	33.000000	0.121419  	33.000000	0.122647  	33.000000	4.78454e-05	
35.000000	0.114686  	35.000000	0.116962  	35.000000	0.115803  	35.000000	0.115972  	35.000000	0.115817  	35.000000	0.116916  	35.000000	4.53497e-05	
38.000000	0.107362  	38.000000	0.109411  	38.000000	0.10842   	38.000000	0.108528  	38.000000	0.10843   	38.000000	0.109369  	38.000000	4.20762e-05	
41.000000	0.101031  	41.000000	0.102888  	41.000000	0.102038  	41.000000	0.102092  	41.000000	0.102039  	41.000000	0.102848  	41.000000	3.92602e-05	
44.000000	0.0955002 	44.000000	0.0971927 	44.000000	0.0964482 	44.000000	0.0964708 	44.000000	0.0964525 	44.000000	0.0971559 	44.000000	3.68109e-05	
47.000000	0.0906244 	47.000000	0.0921762 	47.000000	0.0915268 	47.000000	0.0915157 	47.000000	0.0915255 	47.000000	0.0921415 	47.000000	3.46602e-05	
50.000000	0.0862919 	50.000000	0.0877222 	50.000000	0.0871513 	50.000000	0.0871134 	50.000000	0.087146  	50.000000	0.0876895 	50.000000	3.2756e-05	
55.000000	0.0800485 	55.000000	0.0813115 	55.000000	0.0808358 	55.000000	0.0807712 	55.000000	0.0808326 	55.000000	0.0812815 	55.000000	3.00238e-05	
60.000000	0.0747747 	60.000000	0.0759051 	60.000000	0.0755015 	60.000000	0.0754166 	60.000000	0.0754989 	60.000000	0.0758774 	60.000000	2.77274e-05	
65.000000	0.0702571 	65.000000	0.0712817 	65.000000	0.0709272 	65.000000	0.0708327 	65.000000	0.0709303 	65.000000	0.0712559 	65.000000	2.5769e-05	
70.000000	0.0663409 	70.000000	0.067281  	70.000000	0.0669743 	70.000000	0.0668622 	70.000000	0.0669712 	70.000000	0.0672569 	70.000000	2.40785e-05	
75.000000	0.0629114 	75.000000	0.0637838 	75.000000	0.0635041 	75.000000	0.0633883 	75.000000	0.0635058 	75.000000	0.0637612 	75.000000	2.26036e-05	
80.000000	0.0598813 	80.000000	0.0606997 	80.000000	0.0604484 	80.000000	0.0603221 	80.000000	0.0604461 	80.000000	0.0606784 	80.000000	2.13052e-05	
85.000000	0.0571834 	85.000000	0.0579589 	85.000000	0.057723  	85.000000	0.0575952 	85.000000	0.057724  	85.000000	0.0579388 	85.000000	2.01531e-05	
90.000000	0.0547647 	90.000000	0.0555066 	90.000000	0.0552895 	90.000000	0.0551535 	90.000000	0.0552858 	90.000000	0.0554874 	90.000000	1.91235e-05	
95.000000	0.052583  	95.000000	0.0532989 	95.000000	0.0530903 	95.000000	0.0529541 	95.000000	0.0530891 	95.000000	0.0532807 	95.000000	1.81977e-05	
100.000000	0.0506045 	100.000000	0.0513007 	100.000000	0.0510987 	100.000000	0.0509622 	100.000000	0.0510993 	100.000000	0.0512834 	100.000000	1.73605e-05	
105.000000	0.0488013 	105.000000	0.0494833 	105.000000	0.0492857 	105.000000	0.0491495 	105.000000	0.049288  	105.000000	0.0494667 	105.000000	1.65997e-05	
110.000000	0.0471506 	110.000000	0.047823  	110.000000	0.0476339 	110.000000	0.0474928 	110.000000	0.0476324 	110.000000	0.0478071 	110.000000	1.59051e-05	
115.000000	0.0456334 	115.000000	0.0463    	115.000000	0.0461152 	115.000000	0.0459725 	115.000000	0.0461126 	115.000000	0.0462847 	115.000000	1.52684e-05	
120.000000	0.0442338 	120.000000	0.0448979 	120.000000	0.0447139 	120.000000	0.0445723 	120.000000	0.0447129 	120.000000	0.0448832 	120.000000	1.46824e-05	
125.000000	0.0429382 	125.000000	0.0436026 	125.000000	0.0434199 	125.000000	0.0432785 	125.000000	0.0434192 	125.000000	0.0435885 	125.000000	1.41414e-05	
130.000000	0.0417352 	130.000000	0.0424025 	130.000000	0.0422202 	130.000000	0.0420793 	130.000000	0.04222   	130.000000	0.0423888 	130.000000	1.36403e-05	
135.000000	0.040615  	135.000000	0.0412872 	135.000000	0.041105  	135.000000	0.0409646 	135.000000	0.0411051 	135.000000	0.041274  	135.000000	1.31747e-05	
140.000000	0.0395691 	140.000000	0.040248  	140.000000	0.0400656 	140.000000	0.0399258 	140.000000	0.0400662 	140.000000	0.0402353 	140.000000	1.2741e-05	
145.000000	0.0385901 	145.000000	0.0392774 	145.000000	0.0390946 	145.000000	0.0389553 	145.000000	0.0390952 	145.000000	0.039265  	145.000000	1.2336e-05	
150.000000	0.0376716 	150.000000	0.0383687 	150.000000	0.0381854 	150.000000	0.0380467 	150.000000	0.0381862 	150.000000	0.0383567 	150.000000	1.19568e-05	
155.000000	0.0363784 	155.000000	0.0375161 	155.000000	0.0373322 	155.000000	0.037194  	155.000000	0.0373331 	155.000000	0.0375045 	155.000000	1.16011e-05	
160.000000	0.0356204 	160.000000	0.0367147 	160.000000	0.0365301 	160.000000	0.0363924 	160.000000	0.0365309 	160.000000	0.0367034 	160.000000	1.12667e-05	
165.000000	0.0349056 	165.000000	0.0359598 	165.000000	0.0357745 	165.000000	0.0356374 	165.000000	0.0357754 	165.000000	0.0359488 	165.000000	1.09517e-05	
170.000000	0.0342304 	170.000000	0.0352476 	170.000000	0.0350615 	170.000000	0.034925  	170.000000	0.0350623 	170.000000	0.0352369 	170.000000	1.06545e-05	
175.000000	0.0335914 	175.000000	0.0345745 	175.000000	0.0343877 	175.000000	0.0342517 	175.000000	0.0343884 	175.000000	0.0345641 	175.000000	1.03736e-05	
180.000000	0.0329859 	180.000000	0.0339374 	180.000000	0.0337498 	180.000000	0.0336144 	180.000000	0.0337505 	180.000000	0.0339272 	180.000000	1.01076e-05	
185.000000	0.0324113 	185.000000	0.0333334 	185.000000	0.0331452 	185.000000	0.0330102 	185.000000	0.0331457 	185.000000	0.0333235 	185.000000	9.85541e-06	
190.000000	0.0318651 	190.000000	0.03276   	190.000000	0.0325712 	190.000000	0.0324368 	190.000000	0.0325717 	190.000000	0.0327504 	190.000000	9.61595e-06	
195.000000	0.0313453 	195.000000	0.0322151 	195.000000	0.0320256 	195.000000	0.0318917 	195.000000	0.032026  	195.000000	0.0322057 	195.000000	9.38827e-06	
200.000000	0.0308501 	200.000000	0.0316964 	200.000000	0.0315063 	200.000000	0.031373  	200.000000	0.0315066 	200.000000	0.0316872 	200.000000	9.17151e-06	
210.000000	0.0299265 	210.000000	0.0307306 	210.000000	0.0305397 	210.000000	0.0304073 	210.000000	0.0305397 	210.000000	0.0307219 	210.000000	8.7677e-06	
220.000000	0.0290823 	220.000000	0.02985   	220.000000	0.0296583 	220.000000	0.0295269 	220.000000	0.0296579 	220.000000	0.0298416 	220.000000	8.39914e-06	
230.000000	0.0283078 	230.000000	0.0290436 	230.000000	0.0288514 	230.000000	0.028721  	230.000000	0.0288508 	230.000000	0.0290355 	230.000000	8.06136e-06	
240.000000	0.0275944 	240.000000	0.0283025 	240.000000	0.02811   	240.000000	0.0279806 	240.000000	0.0281092 	240.000000	0.0282948 	240.000000	7.75061e-06	
250.000000	0.0269353 	250.000000	0.0276192 	250.000000	0.0274271 	250.000000	0.0272981 	250.000000	0.0274256 	250.000000	0.0276117 	250.000000	7.46373e-06	
260.000000	0.0263244 	260.000000	0.0269871 	260.000000	0.0267939 	260.000000	0.0266671 	260.000000	0.0267935 	260.000000	0.0269799 	260.000000	7.19804e-06	
270.000000	0.0257566 	270.000000	0.0264008 	270.000000	0.0262058 	270.000000	0.0260821 	270.000000	0.0262074 	270.000000	0.0263939 	270.000000	6.95126e-06	
280.000000	0.0252276 	280.000000	0.0258556 	280.000000	0.0256615 	280.000000	0.0255382 	280.000000	0.0256624 	280.000000	0.0258489 	280.000000	6.72141e-06	
290.000000	0.0247334 	290.000000	0.0253472 	290.000000	0.025154  	290.000000	0.0250314 	290.000000	0.0251546 	290.000000	0.0253407 	290.000000	6.50679e-06	
300.000000	0.0242709 	300.000000	0.0248722 	300.000000	0.0246799 	300.000000	0.024558  	300.000000	0.0246802 	300.000000	0.0248659 	300.000000	6.30592e-06	
310.000000	0.0238369 	310.000000	0.0244274 	310.000000	0.0242363 	310.000000	0.024115  	310.000000	0.0242362 	310.000000	0.0244213 	310.000000	6.11749e-06	
320.000000	0.023429  	320.000000	0.0240101 	320.000000	0.0238202 	320.000000	0.0236995 	320.000000	0.0238198 	320.000000	0.0240041 	320.000000	5.94039e-06	
330.000000	0.023045  	330.000000	0.0236178 	330.000000	0.0234291 	330.000000	0.0233091 	330.000000	0.0234286 	330.000000	0.023612  	330.000000	5.77359e-06	
340.000000	0.0226828 	340.000000	0.0232484 	340.000000	0.0230613 	340.000000	0.0229418 	340.000000	0.0230604 	340.000000	0.0232428 	340.000000	5.61623e-06	
350.000000	0.0223406 	350.000000	0.0229    	350.000000	0.0227146 	350.000000	0.0225954 	350.000000	0.0227133 	350.000000	0.0228945 	350.000000	5.4675e-06	
360.000000	0.0220169 	360.000000	0.0225709 	360.000000	0.0223863 	360.000000	0.0222685 	360.000000	0.0223855 	360.000000	0.0225656 	360.000000	5.32672e-06	
370.000000	0.0217102 	370.000000	0.0222596 	370.000000	0.022075  	370.000000	0.0219593 	370.000000	0.0220756 	370.000000	0.0222544 	370.000000	5.19325e-06	
380.000000	0.0214192 	380.000000	0.0219647 	380.000000	0.0217813 	380.000000	0.0216666 	380.000000	0.0217822 	380.000000	0.0219596 	380.000000	5.06653e-06	
390.000000	0.0211429 	390.000000	0.021685  	390.000000	0.0215036 	390.000000	0.0213891 	390.000000	0.021504  	390.000000	0.0216801 	390.000000	4.94606e-06	
400.000000	0.02088   	400.000000	0.0214194 	400.000000	0.0212399 	400.000000	0.0211258 	400.000000	0.02124   	400.000000	0.0214146 	400.000000	4.83138e-06	
410.000000	0.0206298 	410.000000	0.0211669 	410.000000	0.0209891 	410.000000	0.0208755 	410.000000	0.020989  	410.000000	0.0211622 	410.000000	4.72208e-06	
420.000000	0.0203914 	420.000000	0.0209266 	420.000000	0.0207505 	420.000000	0.0206374 	420.000000	0.0207503 	420.000000	0.020922  	420.000000	4.61778e-06	
430.000000	0.0201639 	430.000000	0.0206976 	430.000000	0.0205234 	430.000000	0.0204106 	430.000000	0.0205229 	430.000000	0.0206931 	430.000000	4.51815e-06	
440.000000	0.0199466 	440.000000	0.0204793 	440.000000	0.0203056 	440.000000	0.020193  	440.000000	0.0203047 	440.000000	0.0204748 	440.000000	4.42287e-06	
450.000000	0.019739  	450.000000	0.0202708 	450.000000	0.0200966 	450.000000	0.0199844 	450.000000	0.0200955 	450.000000	0.0202665 	450.000000	4.33166e-06	
460.000000	0.0195404 	460.000000	0.0200717 	460.000000	0.0198963 	460.000000	0.0197852 	460.000000	0.0198958 	460.000000	0.0200674 	460.000000	4.24427e-06	
470.000000	0.0193502 	470.000000	0.0198812 	470.000000	0.0197045 	470.000000	0.0195948 	470.000000	0.0197049 	470.000000	0.0198771 	470.000000	4.16045e-06	
480.000000	0.019168  	480.000000	0.019699  	480.000000	0.0195214 	480.000000	0.0194127 	480.000000	0.0195223 	480.000000	0.0196949 	480.000000	4.07999e-06	
490.000000	0.0189933 	490.000000	0.0195244 	490.000000	0.0193466 	490.000000	0.0192383 	490.000000	0.0193474 	490.000000	0.0195204 	490.000000	4.00269e-06	
500.000000	0.0188257 	500.000000	0.0193571 	500.000000	0.0191794 	500.000000	0.0190712 	500.000000	0.0191798 	500.000000	0.0193532 	500.000000	3.92837e-06	
520.000000	0.0185102 	520.000000	0.0190426 	520.000000	0.018865  	520.000000	0.0187573 	520.000000	0.0188649 	520.000000	0.0190388 	520.000000	3.78797e-06	
540.000000	0.0182185 	540.000000	0.0187526 	540.000000	0.0185749 	540.000000	0.0184679 	540.000000	0.0185746 	540.000000	0.0187489 	540.000000	3.65758e-06	
560.000000	0.0179483 	560.000000	0.0184844 	560.000000	0.0183069 	560.000000	0.0182004 	560.000000	0.0183064 	560.000000	0.0184808 	560.000000	3.53616e-06	
580.000000	0.0176975 	580.000000	0.0182358 	580.000000	0.0180584 	580.000000	0.0179526 	580.000000	0.0180578 	580.000000	0.0182324 	580.000000	3.4228e-06	
600.000000	0.0174643 	600.000000	0.018005  	600.000000	0.017827  	600.000000	0.0177225 	600.000000	0.017827  	600.000000	0.0180017 	600.000000	3.31671e-06	
620.000000	0.0172469 	620.000000	0.0177903 	620.000000	0.0176118 	620.000000	0.0175085 	620.000000	0.0176123 	620.000000	0.0177871 	620.000000	3.21722e-06	
640.000000	0.0170441 	640.000000	0.0175902 	640.000000	0.0174118 	640.000000	0.017309  	640.000000	0.0174122 	640.000000	0.0175871 	640.000000	3.12371e-06	
660.000000	0.0168545 	660.000000	0.0174035 	660.000000	0.0172253 	660.000000	0.0171228 	660.000000	0.0172253 	660.000000	0.0174004 	660.000000	3.03566e-06	
680.000000	0.016677  	680.000000	0.0172289 	680.000000	0.0170507 	680.000000	0.0169486 	680.000000	0.0170506 	680.000000	0.0172259 	680.000000	2.9526e-06	
700.000000	0.0165107 	700.000000	0.0170654 	700.000000	0.0168873 	700.000000	0.0167855 	700.000000	0.0168869 	700.000000	0.0170625 	700.000000	2.87411e-06	
720.000000	0.0163547 	720.000000	0.0169122 	720.000000	0.0167341 	720.000000	0.0166325 	720.000000	0.0167334 	720.000000	0.0169094 	720.000000	2.79982e-06	
740.000000	0.0162082 	740.000000	0.0167685 	740.000000	0.0165899 	740.000000	0.0164888 	740.000000	0.0165892 	740.000000	0.0167657 	740.000000	2.7294e-06	
760.000000	0.0160705 	760.000000	0.0166334 	760.000000	0.0164537 	760.000000	0.0163536 	760.000000	0.0164535 	760.000000	0.0166307 	760.000000	2.66255e-06	
780.000000	0.0159409 	780.000000	0.0165064 	780.000000	0.0163253 	780.000000	0.0162264 	780.000000	0.0163258 	780.000000	0.0165038 	780.000000	2.599e-06 	
800.000000	0.0158188 	800.000000	0.0163869 	800.000000	0.0162048 	800.000000	0.0161064 	800.000000	0.0162054 	800.000000	0.0163843 	800.000000	2.53851e-06	
820.000000	0.0157038 	820.000000	0.0162743 	820.000000	0.0160914 	820.000000	0.0159932 	820.000000	0.0160918 	820.000000	0.0162718 	820.000000	2.48086e-06	
840.000000	0.0155954 	840.000000	0.0161682 	840.000000	0.0159843 	840.000000	0.0158863 	840.000000	0.0159845 	840.000000	0.0161657 	840.000000	2.42586e-06	
860.000000	0.0154931 	860.000000	0.016068  	860.000000	0.015883  	860.000000	0.0157851 	860.000000	0.015883  	860.000000	0.0160657 	860.000000	2.37332e-06	
880.000000	0.0153966 	880.000000	0.0159735 	880.000000	0.0157871 	880.000000	0.0156895 	880.000000	0.0157869 	880.000000	0.0159712 	880.000000	2.32309e-06	
900.000000	0.0153054 	900.000000	0.0158842 	900.000000	0.0156963 	900.000000	0.0155988 	900.000000	0.015696  	900.000000	0.015882  	900.000000	2.275e-06 	
920.000000	0.0152193 	920.000000	0.0157999 	920.000000	0.0156103 	920.000000	0.0155129 	920.000000	0.0156097 	920.000000	0.0157977 	920.000000	2.22893e-06	
940.000000	0.0151379 	940.000000	0.0157201 	940.000000	0.0155286 	940.000000	0.0154314 	940.000000	0.0155279 	940.000000	0.0157179 	940.000000	2.18475e-06	
960.000000	0.015061  	960.000000	0.0156447 	960.000000	0.0154508 	960.000000	0.015354  	960.000000	0.0154502 	960.000000	0.0156426 	960.000000	2.14234e-06	
980.000000	0.0149883 	980.000000	0.0155733 	980.000000	0.0153767 	980.000000	0.0152805 	980.000000	0.0153764 	980.000000	0.0155712 	980.000000	2.1016e-06	
1000.000000	0.0149196 	1000.000000	0.0155058 	1000.000000	0.0153061 	1000.000000	0.0152107 	1000.000000	0.0153062 	1000.000000	0.0155037 	1000.000000	2.06244e-06	
1020.000000	0.0148546 	1020.000000	0.0154418 	1020.000000	0.0152391 	1020.000000	0.0151442 	1020.000000	0.0152395 	1020.000000	0.0154398 	1020.000000	2.02475e-06	
1040.000000	0.0147932 	1040.000000	0.0153813 	1040.000000	0.0151754 	1040.000000	0.0150809 	1040.000000	0.015176  	1040.000000	0.0153793 	1040.000000	1.98846e-06	
1060.000000	0.0147351 	1060.000000	0.015324  	1060.000000	0.0151149 	1060.000000	0.0150207 	1060.000000	0.0151155 	1060.000000	0.015322  	1060.000000	1.95349e-06	
1080.000000	0.0146802 	1080.000000	0.0152697 	1080.000000	0.0150574 	1080.000000	0.0149633 	1080.000000	0.0150578 	1080.000000	0.0152678 	1080.000000	1.91976e-06	
1100.000000	0.0146283 	1100.000000	0.0152183 	1100.000000	0.0150026 	1100.000000	0.0149085 	1100.000000	0.0150029 	1100.000000	0.0152164 	1100.000000	1.88722e-06	
1120.000000	0.0145793 	1120.000000	0.0151696 	1120.000000	0.0149504 	1120.000000	0.0148563 	1120.000000	0.0149504 	1120.000000	0.0151678 	1120.000000	1.8558e-06	
1140.000000	0.0145331 	1140.000000	0.0151235 	1140.000000	0.0149004 	1140.000000	0.0148065 	1140.000000	0.0149004 	1140.000000	0.0151217 	1140.000000	1.82545e-06	
1160.000000	0.0144894 	1160.000000	0.0150799 	1160.000000	0.0148527 	1160.000000	0.014759  	1160.000000	0.0148527 	1160.000000	0.0150781 	1160.000000	1.7961e-06	
1180.000000	0.0144482 	1180.000000	0.0150386 	1180.000000	0.0148072 	1180.000000	0.0147136 	1180.000000	0.0148071 	1180.000000	0.0150368 	1180.000000	1.76771e-06	
1200.000000	0.0144093 	1200.000000	0.0149995 	1200.000000	0.0147637 	1200.000000	0.0146702 	1200.000000	0.0147635 	1200.000000	0.0149977 	1200.000000	1.74023e-06	
1220.000000	0.0143727 	1220.000000	0.0149625 	1220.000000	0.0147222 	1220.000000	0.0146288 	1220.000000	0.0147219 	1220.000000	0.0149608 	1220.000000	1.71362e-06	
1240.000000	0.0143383 	1240.000000	0.0149275 	1240.000000	0.0146825 	1240.000000	0.0145892 	1240.000000	0.0146821 	1240.000000	0.0149258 	1240.000000	1.68784e-06	
1260.000000	0.0143059 	1260.000000	0.0148944 	1260.000000	0.0146446 	1260.000000	0.0145513 	1260.000000	0.014644  	1260.000000	0.0148928 	1260.000000	1.66285e-06	
1280.000000	0.0142754 	1280.000000	0.0148632 	1280.000000	0.0146082 	1280.000000	0.014515  	1280.000000	0.0146076 	1280.000000	0.0148616 	1280.000000	1.63862e-06	
1300.000000	0.0142469 	1300.000000	0.0148337 	1300.000000	0.0145734 	1300.000000	0.0144803 	1300.000000	0.0145727 	1300.000000	0.0148321 	1300.000000	1.6151e-06	
1320.000000	0.0142201 	1320.000000	0.0148059 	1320.000000	0.0145399 	1320.000000	0.0144471 	1320.000000	0.0145393 	1320.000000	0.0148043 	1320.000000	1.59226e-06	
1340.000000	0.0141951 	1340.000000	0.0147796 	1340.000000	0.0145079 	1340.000000	0.0144154 	1340.000000	0.0145074 	1340.000000	0.0147781 	1340.000000	1.57009e-06	
1360.000000	0.0141717 	1360.000000	0.0147549 	1360.000000	0.0144771 	1360.000000	0.0143849 	1360.000000	0.0144768 	1360.000000	0.0147534 	1360.000000	1.54854e-06	
1380.000000	0.0141499 	1380.000000	0.0147317 	1380.000000	0.0144476 	1380.000000	0.0143558 	1380.000000	0.0144475 	1380.000000	0.0147301 	1380.000000	1.5276e-06	
1400.000000	0.0141296 	1400.000000	0.0147098 	1400.000000	0.0144193 	1400.000000	0.0143279 	1400.000000	0.0144195 	1400.000000	0.0147083 	1400.000000	1.50724e-06	
1420.000000	0.0141108 	1420.000000	0.0146893 	1420.000000	0.0143923 	1420.000000	0.0143011 	1420.000000	0.0143926 	1420.000000	0.0146878 	1420.000000	1.48742e-06	
1440.000000	0.0140934 	1440.000000	0.0146701 	1440.000000	0.0143664 	1440.000000	0.0142755 	1440.000000	0.0143668 	1440.000000	0.0146686 	1440.000000	1.46814e-06	
1460.000000	0.0140774 	1460.000000	0.0146521 	1460.000000	0.0143417 	1460.000000	0.0142509 	1460.000000	0.0143422 	1460.000000	0.0146506 	1460.000000	1.44937e-06	
1480.000000	0.0140626 	1480.000000	0.0146353 	1480.000000	0.014318  	1480.000000	0.0142274 	1480.000000	0.0143185 	1480.000000	0.0146338 	1480.000000	1.43109e-06	
1500.000000	0.0140491 	1500.000000	0.0146196 	1500.000000	0.0142953 	1500.000000	0.0142048 	1500.000000	0.0142958 	1500.000000	0.0146182 	1500.000000	1.41327e-06	
1520.000000	0.0140368 	1520.000000	0.014605  	1520.000000	0.0142736 	1520.000000	0.0141832 	1520.000000	0.014274  	1520.000000	0.0146036 	1520.000000	1.39591e-06	
1540.000000	0.0140257 	1540.000000	0.0145914 	1540.000000	0.0142529 	1540.000000	0.0141625 	1540.000000	0.0142532 	1540.000000	0.0145901 	1540.000000	1.37899e-06	
1560.000000	0.0140157 	1560.000000	0.0145789 	1560.000000	0.0142329 	1560.000000	0.0141426 	1560.000000	0.0142332 	1560.000000	0.0145776 	1560.000000	1.36248e-06	
1580.000000	0.0140068 	1580.000000	0.0145674 	1580.000000	0.0142138 	1580.000000	0.0141235 	1580.000000	0.014214  	1580.000000	0.014566  	1580.000000	1.34638e-06	
1600.000000	0.0139989 	1600.000000	0.0145567 	1600.000000	0.0141955 	1600.000000	0.0141052 	1600.000000	0.0141956 	1600.000000	0.0145554 	1600.000000	1.33066e-06	
1620.000000	0.0139921 	1620.000000	0.014547  	1620.000000	0.014178  	1620.000000	0.0140877 	1620.000000	0.014178  	1620.000000	0.0145457 	1620.000000	1.31532e-06	
1640.000000	0.0139862 	1640.000000	0.0145382 	1640.000000	0.0141611 	1640.000000	0.0140709 	1640.000000	0.0141611 	1640.000000	0.0145369 	1640.000000	1.30034e-06	
1660.000000	0.0139813 	1660.000000	0.0145301 	1660.000000	0.0141449 	1660.000000	0.0140548 	1660.000000	0.0141448 	1660.000000	0.0145289 	1660.000000	1.28571e-06	
1680.000000	0.0139773 	1680.000000	0.0145229 	1680.000000	0.0141294 	1680.000000	0.0140393 	1680.000000	0.0141293 	1680.000000	0.0145217 	1680.000000	1.27141e-06	
1700.000000	0.0139742 	1700.000000	0.0145165 	1700.000000	0.0141146 	1700.000000	0.0140245 	1700.000000	0.0141144 	1700.000000	0.0145153 	1700.000000	1.25744e-06	
1750.000000	0.01397   	1750.000000	0.0145037 	1750.000000	0.01408   	1750.000000	0.0139901 	1750.000000	0.0140798 	1750.000000	0.0145025 	1750.000000	1.22386e-06	
1800.000000	0.0139709 	1800.000000	0.0144952 	1800.000000	0.0140489 	1800.000000	0.0139592 	1800.000000	0.0140486 	1800.000000	0.014494  	1800.000000	1.19208e-06	
1850.000000	0.0139763 	1850.000000	0.0144907 	1850.000000	0.014021  	1850.000000	0.0139314 	1850.000000	0.0140206 	1850.000000	0.0144895 	1850.000000	1.16197e-06	
1900.000000	0.013986  	1900.000000	0.0144898 	1900.000000	0.0139959 	1900.000000	0.0139065 	1900.000000	0.0139955 	1900.000000	0.0144887 	1900.000000	1.13338e-06	
1950.000000	0.0139997 	1950.000000	0.0144923 	1950.000000	0.0139735 	1950.000000	0.0138842 	1950.000000	0.0139731 	1950.000000	0.0144912 	1950.000000	1.1062e-06	
2000.000000	0.014017  	2000.000000	0.014498  	2000.000000	0.0139534 	2000.000000	0.0138643 	2000.000000	0.013953  	2000.000000	0.0144969 	2000.000000	1.08034e-06	
2100.000000	0.0140619 	2100.000000	0.0145178 	2100.000000	0.0139194 	2100.000000	0.0138308 	2100.000000	0.0139192 	2100.000000	0.0145167 	2100.000000	1.03219e-06	
2200.000000	0.014119  	2200.000000	0.0145476 	2200.000000	0.0138927 	2200.000000	0.0138047 	2200.000000	0.0138927 	2200.000000	0.0145466 	2200.000000	9.88271e-07	
2300.000000	0.0141868 	2300.000000	0.0145862 	2300.000000	0.0138723 	2300.000000	0.0137847 	2300.000000	0.0138725 	2300.000000	0.0145852 	2300.000000	9.48043e-07	
2400.000000	0.0142642 	2400.000000	0.0146324 	2400.000000	0.0138573 	2400.000000	0.0137699 	2400.000000	0.0138575 	2400.000000	0.0146315 	2400.000000	9.11055e-07	
2500.000000	0.0143503 	2500.000000	0.0146853 	2500.000000	0.0138468 	2500.000000	0.0137596 	2500.000000	0.013847  	2500.000000	0.0146845 	2500.000000	8.76927e-07	
2600.000000	0.014444  	2600.000000	0.0147442 	2600.000000	0.0138402 	2600.000000	0.0137532 	2600.000000	0.0138403 	2600.000000	0.0147434 	2600.000000	8.45337e-07	
2700.000000	0.0145448 	2700.000000	0.0148084 	2700.000000	0.0138369 	2700.000000	0.0137499 	2700.000000	0.0138369 	2700.000000	0.0148075 	2700.000000	8.1601e-07	
2800.000000	0.014652  	2800.000000	0.0148772 	2800.000000	0.0138364 	2800.000000	0.0137495 	2800.000000	0.0138364 	2800.000000	0.0148764 	2800.000000	7.88708e-07	
2900.000000	0.0147651 	2900.000000	0.0149503 	2900.000000	0.0138383 	2900.000000	0.0137515 	2900.000000	0.0138382 	2900.000000	0.0149495 	2900.000000	7.63226e-07	
3000.000000	0.0148835 	3000.000000	0.0150271 	3000.000000	0.0138423 	3000.000000	0.0137555 	3000.000000	0.0138421 	3000.000000	0.0150264 	3000.000000	7.39387e-07	
3200.000000	0.0151349 	3200.000000	0.0151906 	3200.000000	0.0138554 	3200.000000	0.0137688 	3200.000000	0.0138551 	3200.000000	0.0151899 	3200.000000	6.96034e-07	
3400.000000	0.0154034 	3400.000000	0.0153654 	3400.000000	0.0138739 	3400.000000	0.0137875 	3400.000000	0.0138736 	3400.000000	0.0153647 	3400.000000	6.57618e-07	
3600.000000	0.015687  	3600.000000	0.0155494 	3600.000000	0.0138964 	3600.000000	0.0138102 	3600.000000	0.0138961 	3600.000000	0.0155488 	3600.000000	6.23335e-07	
3800.000000	0.0159837 	3800.000000	0.0157411 	3800.000000	0.0139219 	3800.000000	0.013836  	3800.000000	0.0139217 	3800.000000	0.0157406 	3800.000000	5.92544e-07	
4000.000000	0.0162924 	4000.000000	0.0159394 	4000.000000	0.0139497 	4000.000000	0.013864  	4000.000000	0.0139495 	4000.000000	0.0159389 	4000.000000	5.64735e-07	
4200.000000	0.0166118 	4200.000000	0.0161433 	4200.000000	0.0139792 	4200.000000	0.0138937 	4200.000000	0.013979  	4200.000000	0.0161427 	4200.000000	5.39489e-07	
4400.000000	0.016941  	4400.000000	0.0163518 	4400.000000	0.0140099 	4400.000000	0.0139245 	4400.000000	0.0140097 	4400.000000	0.0163513 	4400.000000	5.16466e-07	
4600.000000	0.0172792 	4600.000000	0.0165645 	4600.000000	0.0140414 	4600.000000	0.0139562 	4600.000000	0.0140413 	4600.000000	0.016564  	4600.000000	4.9538e-07	
4800.000000	0.0176258 	4800.000000	0.0167807 	4800.000000	0.0140735 	4800.000000	0.0139884 	4800.000000	0.0140734 	4800.000000	0.0167802 	4800.000000	4.75996e-07	
5000.000000	0.0179802 	5000.000000	0.0169999 	5000.000000	0.0141059 	5000.000000	0.0140209 	5000.000000	0.0141058 	5000.000000	0.0169995 	5000.000000	4.58114e-07	
5250.000000	0.0184334 	5250.000000	0.0172777 	5250.000000	0.0141466 	5250.000000	0.0140618 	5250.000000	0.0141465 	5250.000000	0.0172773 	5250.000000	4.37616e-07	
5500.000000	0.0188974 	5500.000000	0.017559  	5500.000000	0.0141873 	5500.000000	0.0141026 	5500.000000	0.0141872 	5500.000000	0.0175586 	5500.000000	4.18923e-07	
6000.000000	0.019855  	6000.000000	0.0181303 	6000.000000	0.0142678 	6000.000000	0.0141834 	6000.000000	0.0142678 	6000.000000	0.0181299 	6000.000000	3.86069e-07	
6500.000000	0.020849  	6500.000000	0.0187105 	6500.000000	0.0143465 	6500.000000	0.0142623 	6500.000000	0.0143465 	6500.000000	0.0187101 	6500.000000	3.58117e-07	
7000.000000	0.0218765 	7000.000000	0.0192974 	7000.000000	0.0144229 	7000.000000	0.0143388 	7000.000000	0.0144228 	7000.000000	0.019297  	7000.000000	3.34038e-07	
7500.000000	0.0229353 	7500.000000	0.0198893 	7500.000000	0.0144963 	7500.000000	0.0144126 	7500.000000	0.0144964 	7500.000000	0.019889  	7500.000000	3.13072e-07	
8000.000000	0.0240239 	8000.000000	0.020485  	8000.000000	0.0145671 	8000.000000	0.0144837 	8000.000000	0.0145673 	8000.000000	0.0204847 	8000.000000	2.94649e-07	
8500.000000	0.025141  	8500.000000	0.0210836 	8500.000000	0.0146354 	8500.000000	0.014552  	8500.000000	0.0146354 	8500.000000	0.0210833 	8500.000000	2.78328e-07	
9000.000000	0.0262857 	9000.000000	0.0216843 	9000.000000	0.0147011 	9000.000000	0.0146177 	9000.000000	0.0147009 	9000.000000	0.0216841 	9000.000000	2.63765e-07	
9500.000000	0.0274571 	9500.000000	0.0222867 	9500.000000	0.014764  	9500.000000	0.0146807 	9500.000000	0.0147638 	9500.000000	0.0222865 	9500.000000	2.5069e-07	
10000.000000	0.0286548 	10000.000000	0.0228903 	10000.000000	0.0148241 	10000.000000	0.0147414 	10000.000000	0.0148242 	10000.000000	0.0228901 	10000.000000	2.38882e-07	
11000.000000	0.0311267 	11000.000000	0.0241    	11000.000000	0.0149376 	11000.000000	0.0148557 	11000.000000	0.0149381 	11000.000000	0.0240998 	11000.000000	2.18394e-07	
12000.000000	0.0336987 	12000.000000	0.0253113 	12000.000000	0.0150437 	12000.000000	0.0149618 	12000.000000	0.0150437 	12000.000000	0.0253111 	12000.000000	2.01222e-07	
13000.000000	0.0363688 	13000.000000	0.026523  	13000.000000	0.0151422 	13000.000000	0.0150604 	13000.000000	0.0151419 	13000.000000	0.0265228 	13000.000000	1.86616e-07	
14000.000000	0.0391356 	14000.000000	0.0277343 	14000.000000	0.0152336 	14000.000000	0.0151524 	14000.000000	0.0152334 	14000.000000	0.0277341 	14000.000000	1.74037e-07	
15000.000000	0.0419984 	15000.000000	0.0289446 	15000.000000	0.0153187 	15000.000000	0.0152386 	15000.000000	0.0153191 	15000.000000	0.0289444 	15000.000000	1.63086e-07	
16000.000000	0.0449565 	16000.000000	0.0301536 	16000.000000	0.0153987 	16000.000000	0.0153195 	16000.000000	0.0153994 	16000.000000	0.0301534 	16000.000000	1.53465e-07	
17000.000000	0.0480097 	17000.000000	0.0313609 	17000.000000	0.015474  	17000.000000	0.0153956 	17000.000000	0.0154751 	17000.000000	0.0313608 	17000.000000	1.44943e-07	
18000.000000	0.0511578 	18000.000000	0.0325665 	18000.000000	0.0155454 	18000.000000	0.0154676 	18000.000000	0.0155464 	18000.000000	0.0325664 	18000.000000	1.37341e-07	
19000.000000	0.0544007 	19000.000000	0.0337703 	19000.000000	0.0156132 	19000.000000	0.0155357 	19000.000000	0.0156139 	19000.000000	0.0337701 	19000.000000	1.30516e-07	
20000.000000	0.0577385 	20000.000000	0.0349721 	20000.000000	0.0156776 	20000.000000	0.0156004 	20000.000000	0.0156779 	20000.000000	0.0349719 	20000.000000	1.24354e-07	
21000.000000	0.0611714 	21000.000000	0.0361719 	21000.000000	0.0157388 	21000.000000	0.0156618 	21000.000000	0.0157387 	21000.000000	0.0361718 	21000.000000	1.18761e-07	
22000.000000	0.0646994 	22000.000000	0.0373697 	22000.000000	0.0157965 	22000.000000	0.0157204 	22000.000000	0.0157966 	22000.000000	0.0373696 	22000.000000	1.13663e-07	
23000.000000	0.068323  	23000.000000	0.0385656 	23000.000000	0.0158516 	23000.000000	0.0157764 	23000.000000	0.0158518 	23000.000000	0.0385655 	23000.000000	1.08995e-07	
24000.000000	0.0720423 	24000.000000	0.0397596 	24000.000000	0.0159044 	24000.000000	0.0158299 	24000.000000	0.0159045 	24000.000000	0.0397595 	24000.000000	1.04705e-07	
25000.000000	0.0758578 	25000.000000	0.0409516 	25000.000000	0.0159548 	25000.000000	0.0158811 	25000.000000	0.015955  	25000.000000	0.0409515 	25000.000000	1.00748e-07	
26000.000000	0.0797696 	26000.000000	0.0421417 	26000.000000	0.0160033 	26000.000000	0.0159303 	26000.000000	0.0160033 	26000.000000	0.0421416 	26000.000000	9.7087e-08	
27000.000000	0.0837783 	27000.000000	0.0433299 	27000.000000	0.0160498 	27000.000000	0.0159776 	27000.000000	0.0160498 	27000.000000	0.0433298 	27000.000000	9.36893e-08	
28000.000000	0.0878843 	28000.000000	0.0445162 	28000.000000	0.0160946 	28000.000000	0.0160231 	28000.000000	0.0160943 	28000.000000	0.0445162 	28000.000000	9.05274e-08	
29000.000000	0.0920878 	29000.000000	0.0457008 	29000.000000	0.0161376 	29000.000000	0.0160669 	29000.000000	0.0161373 	29000.000000	0.0457007 	29000.000000	8.75773e-08	
30000.000000	0.0963895 	30000.000000	0.0468836 	30000.000000	0.016179  	30000.000000	0.0161092 	30000.000000	0.0161786 	30000.000000	0.0468836 	30000.000000	8.48182e-08	
32000.000000	0.105289  	32000.000000	0.0492441 	32000.000000	0.0162575 	32000.000000	0.0161894 	32000.000000	0.0162569 	32000.000000	0.049244  	32000.000000	7.9803e-08	
34000.000000	0.114586  	34000.000000	0.051598  	34000.000000	0.0163307 	34000.000000	0.0162646 	34000.000000	0.0163299 	34000.000000	0.0515979 	34000.000000	7.53614e-08	
36000.000000	0.124285  	36000.000000	0.0539455 	36000.000000	0.0163992 	36000.000000	0.0163353 	36000.000000	0.0163983 	36000.000000	0.0539455 	36000.000000	7.13997e-08	
38000.000000	0.134389  	38000.000000	0.056287  	38000.000000	0.0164632 	38000.000000	0.0164019 	38000.000000	0.0164626 	38000.000000	0.0562869 	38000.000000	6.78435e-08	
40000.000000	0.144904  	40000.000000	0.0586227 	40000.000000	0.0165235 	40000.000000	0.0164649 	40000.000000	0.0165232 	40000.000000	0.0586227 	40000.000000	6.46331e-08	
42000.000000	0.155832  	42000.000000	0.0609529 	42000.000000	0.0165805 	42000.000000	0.0165247 	42000.000000	0.0165804 	42000.000000	0.0609528 	42000.000000	6.172e-08 	
44000.000000	0.167179  	44000.000000	0.0632778 	44000.000000	0.0166348 	44000.000000	0.0165815 	44000.000000	0.0166346 	44000.000000	0.0632777 	44000.000000	5.90644e-08	
46000.000000	0.178949  	46000.000000	0.0655975 	46000.000000	0.0166865 	46000.000000	0.0166356 	46000.000000	0.0166859 	46000.000000	0.0655975 	46000.000000	5.66334e-08	
48000.000000	0.191146  	48000.000000	0.0679124 	48000.000000	0.0167358 	48000.000000	0.0166874 	48000.000000	0.0167347 	48000.000000	0.0679124 	48000.000000	5.43993e-08	
50000.000000	0.203774  	50000.000000	0.0702226 	50000.000000	0.0167828 	50000.000000	0.0167368 	50000.000000	0.0167811 	50000.000000	0.0702225 	50000.000000	5.23391e-08	
