*Energy (MeV/u)1	0 - [He-base] F.Hubert et al, AD&ND Tables 46(1990)1	Energy (MeV/u)2	1 - [H -base] J.F.Ziegler et al, Pergamon Press, NY (low energy)	Energy (MeV/u)3	2 - ATIMA 1.2  LS-theory (recommended for high energy)	Energy (MeV/u)4	3 - ATIMA 1.2  without LS-correction	Energy (MeV/u)5	4 - electrical component of [1] - J.F.Ziegler et al	Energy (MeV/u)6	5 - nuclear component of [1] - J.F.Ziegler et al	
0.001000	0.0367845 	0.001000	0.0367845 	0.001000	0.0627864 	0.001000	0.0627864 	0.001000	0.0329223 	0.001000	0.00386217	
0.002000	0.044715  	0.002000	0.044715  	0.002000	0.0728266 	0.002000	0.0728266 	0.002000	0.0419615 	0.002000	0.00275352	
0.005000	0.0594159 	0.005000	0.0594159 	0.005000	0.0897012 	0.005000	0.0897012 	0.005000	0.0578269 	0.005000	0.00158898	
0.008000	0.0693244 	0.008000	0.0693244 	0.008000	0.100256  	0.008000	0.100256  	0.008000	0.0681666 	0.008000	0.00115774	
0.010000	0.0746843 	0.010000	0.0746843 	0.010000	0.105764  	0.010000	0.105764  	0.010000	0.0737039 	0.010000	0.000980385	
0.015000	0.0901693 	0.015000	0.0901693 	0.015000	0.116693  	0.015000	0.116693  	0.015000	0.0894386 	0.015000	0.00073075	
0.020000	0.102839  	0.020000	0.102839  	0.020000	0.125199  	0.020000	0.125199  	0.020000	0.10225   	0.020000	0.000589122	
0.025000	0.113311  	0.025000	0.113311  	0.025000	0.132255  	0.025000	0.132255  	0.025000	0.112814  	0.025000	0.000496776	
0.030000	0.121911  	0.030000	0.121911  	0.030000	0.134396  	0.030000	0.134396  	0.030000	0.12148   	0.030000	0.000431328	
0.035000	0.128855  	0.035000	0.128855  	0.035000	0.135728  	0.035000	0.135728  	0.035000	0.128473  	0.035000	0.000382282	
0.040000	0.134309  	0.040000	0.134309  	0.040000	0.136431  	0.040000	0.136431  	0.040000	0.133965  	0.040000	0.000344026	
0.045000	0.138424  	0.045000	0.138424  	0.045000	0.136635  	0.045000	0.136635  	0.045000	0.138111  	0.045000	0.000313272	
0.050000	0.141345  	0.050000	0.141345  	0.050000	0.136439  	0.050000	0.136439  	0.050000	0.141057  	0.050000	0.00028796	
0.055000	0.143213  	0.055000	0.143213  	0.055000	0.135919  	0.055000	0.135919  	0.055000	0.142947  	0.055000	0.000266728	
0.060000	0.144169  	0.060000	0.144169  	0.060000	0.135136  	0.060000	0.135136  	0.060000	0.143921  	0.060000	0.00024864	
0.070000	0.143876  	0.070000	0.143876  	0.070000	0.13298   	0.070000	0.13298   	0.070000	0.143657  	0.070000	0.000219406	
0.080000	0.141448  	0.080000	0.141448  	0.080000	0.130283  	0.080000	0.130283  	0.080000	0.141251  	0.080000	0.000196745	
0.090000	0.13769   	0.090000	0.13769   	0.090000	0.127267  	0.090000	0.127267  	0.090000	0.137511  	0.090000	0.00017862	
0.100000	0.133216  	0.100000	0.133216  	0.100000	0.124089  	0.100000	0.124089  	0.100000	0.133052  	0.100000	0.000163766	
0.120000	0.123692  	0.120000	0.123692  	0.120000	0.11765   	0.120000	0.11765   	0.120000	0.123551  	0.120000	0.000140808	
0.140000	0.11476   	0.140000	0.11476   	0.140000	0.111489  	0.140000	0.111489  	0.140000	0.114636  	0.140000	0.000123836	
0.160000	0.107005  	0.160000	0.107005  	0.160000	0.105822  	0.160000	0.105822  	0.160000	0.106894  	0.160000	0.000110739	
0.180000	0.100453  	0.180000	0.100453  	0.180000	0.100703  	0.180000	0.100703  	0.180000	0.100352  	0.180000	0.000100302	
0.200000	0.0949396 	0.200000	0.0949396 	0.200000	0.0961139 	0.200000	0.0961139 	0.200000	0.0948478 	0.200000	9.17758e-05	
0.250000	0.0844697 	0.250000	0.0844697 	0.250000	0.086616  	0.250000	0.086616  	0.250000	0.0843937 	0.250000	7.59685e-05	
0.300000	0.0770042 	0.300000	0.0770042 	0.300000	0.0792526 	0.300000	0.0792526 	0.300000	0.0769391 	0.300000	6.50419e-05	
0.350000	0.0712717 	0.350000	0.0712717 	0.350000	0.0733596 	0.350000	0.0733596 	0.350000	0.0712147 	0.350000	5.70074e-05	
0.400000	0.0666231 	0.400000	0.0666231 	0.400000	0.0685012 	0.400000	0.0685012 	0.400000	0.0665723 	0.400000	5.08344e-05	
0.450000	0.0627107 	0.450000	0.0627107 	0.450000	0.0643967 	0.450000	0.0643967 	0.450000	0.0626648 	0.450000	4.59332e-05	
0.500000	0.0593339 	0.500000	0.0593339 	0.500000	0.0608617 	0.500000	0.0608617 	0.500000	0.059292  	0.500000	4.19414e-05	
0.600000	0.0537282 	0.600000	0.0537282 	0.600000	0.0550339 	0.600000	0.0550339 	0.600000	0.0536924 	0.600000	3.58186e-05	
0.700000	0.0492099 	0.700000	0.0492099 	0.700000	0.0503824 	0.700000	0.0503824 	0.700000	0.0491786 	0.700000	3.13302e-05	
0.800000	0.0454623 	0.800000	0.0454623 	0.800000	0.0465539 	0.800000	0.0465539 	0.800000	0.0454344 	0.800000	2.78904e-05	
0.900000	0.0422914 	0.900000	0.0422914 	0.900000	0.0433319 	0.900000	0.0433319 	0.900000	0.0422662 	0.900000	2.51651e-05	
1.000000	0.0395672 	1.000000	0.0395672 	1.000000	0.0405737 	1.000000	0.0405737 	1.000000	0.0395443 	1.000000	2.29493e-05	
1.250000	0.0341678 	1.250000	0.0341678 	1.250000	0.035123  	1.250000	0.035123  	1.250000	0.0341489 	1.250000	1.8869e-05	
1.500000	0.0301452 	1.500000	0.0301452 	1.500000	0.0310667 	1.500000	0.0310667 	1.500000	0.0301292 	1.500000	1.60711e-05	
1.750000	0.0270226 	1.750000	0.0270226 	1.750000	0.0279148 	1.750000	0.0279148 	1.750000	0.0270086 	1.750000	1.40267e-05	
2.000000	0.0245228 	2.000000	0.0245228 	2.000000	0.0253871 	2.000000	0.0253871 	2.000000	0.0245104 	2.000000	1.24639e-05	
2.250000	0.0224729 	2.250000	0.0224729 	2.250000	0.0233102 	2.250000	0.0233102 	2.250000	0.0224617 	2.250000	1.12285e-05	
2.500000	0.0206701 	2.500000	0.0207591 	2.500000	0.0215704 	2.500000	0.0215704 	2.500000	0.0207489 	2.500000	1.02259e-05	
3.000000	0.0180487 	3.000000	0.0180505 	3.000000	0.0188128 	3.000000	0.0188128 	3.000000	0.0180418 	3.000000	8.6951e-06	
3.500000	0.0160592 	3.500000	0.0160011 	3.500000	0.0167192 	3.500000	0.0167192 	3.500000	0.0159935 	3.500000	7.57866e-06	
4.000000	0.0144934 	4.000000	0.0143925 	4.000000	0.0150711 	4.000000	0.0150711 	4.000000	0.0143857 	4.000000	6.72662e-06	
4.500000	0.0132263 	4.500000	0.0130939 	4.500000	0.0137372 	4.500000	0.0137372 	4.500000	0.0130878 	4.500000	6.05393e-06	
5.000000	0.0121782 	5.000000	0.012022  	5.000000	0.0126338 	5.000000	0.0126338 	5.000000	0.0120165 	5.000000	5.50869e-06	
5.500000	0.0112958 	5.500000	0.0111212 	5.500000	0.0117047 	5.500000	0.0117047 	5.500000	0.0111161 	5.500000	5.05736e-06	
6.000000	0.0105419 	6.000000	0.0103527 	6.000000	0.0109108 	6.000000	0.0109108 	6.000000	0.010348  	6.000000	4.67731e-06	
6.500000	0.0098897 	6.500000	0.00968897	6.500000	0.010224  	6.500000	0.010224  	6.500000	0.00968461	6.500000	4.35267e-06	
7.000000	0.00931961	7.000000	0.00910947	7.000000	0.00962355	7.000000	0.00962355	7.000000	0.00910539	7.000000	4.07199e-06	
7.500000	0.00881671	7.500000	0.00859885	7.500000	0.00909384	7.500000	0.00909384	7.500000	0.00859502	7.500000	3.82678e-06	
8.000000	0.00836955	8.000000	0.00814528	8.000000	0.00862279	8.000000	0.00862279	8.000000	0.00814167	8.000000	3.61063e-06	
8.500000	0.00796917	8.500000	0.00773954	8.500000	0.00820097	8.500000	0.00820097	8.500000	0.00773613	8.500000	3.4186e-06	
9.000000	0.00760846	9.000000	0.0073743 	9.000000	0.00782089	9.000000	0.00782089	9.000000	0.00737106	9.000000	3.24681e-06	
9.500000	0.00728167	9.500000	0.00704368	9.500000	0.00747652	9.500000	0.00747652	9.500000	0.00704058	9.500000	3.09217e-06	
10.000000	0.00698415	10.000000	0.00696429	10.000000	0.00716295	10.000000	0.00716295	10.000000	0.00696134	10.000000	2.9522e-06	
11.000000	0.0064622 	11.000000	0.00645548	11.000000	0.0066018 	11.000000	0.00660185	11.000000	0.00645277	11.000000	2.70855e-06	
12.000000	0.00601893	12.000000	0.00602079	12.000000	0.00612662	12.000000	0.00612672	12.000000	0.00601829	12.000000	2.50354e-06	
13.000000	0.0056375 	13.000000	0.00564496	13.000000	0.00571913	13.000000	0.00571919	13.000000	0.00564264	13.000000	2.32853e-06	
14.000000	0.0053056 	14.000000	0.00531666	14.000000	0.00536581	14.000000	0.00536581	14.000000	0.00531448	14.000000	2.17732e-06	
15.000000	0.005014  	15.000000	0.00502728	15.000000	0.00505647	15.000000	0.00505648	15.000000	0.00502524	15.000000	2.04529e-06	
16.000000	0.00475566	16.000000	0.00477021	16.000000	0.00478356	16.000000	0.0047835 	16.000000	0.00476829	16.000000	1.92898e-06	
17.000000	0.00452509	17.000000	0.00454026	17.000000	0.00454109	17.000000	0.00454088	17.000000	0.00453843	17.000000	1.82569e-06	
18.000000	0.00431797	18.000000	0.00433329	18.000000	0.00432416	18.000000	0.00432386	18.000000	0.00433155	18.000000	1.73333e-06	
19.000000	0.00413083	19.000000	0.00414597	19.000000	0.00412896	19.000000	0.00412867	19.000000	0.00414432	19.000000	1.65022e-06	
20.000000	0.00396086	20.000000	0.00397559	20.000000	0.00395253	20.000000	0.00395223	20.000000	0.00397401	20.000000	1.57503e-06	
21.000000	0.00380576	21.000000	0.00381992	21.000000	0.00379234	21.000000	0.00379202	21.000000	0.00381842	21.000000	1.50666e-06	
22.000000	0.00366363	22.000000	0.00367712	22.000000	0.00364626	22.000000	0.00364596	22.000000	0.00367567	22.000000	1.44421e-06	
23.000000	0.00353286	23.000000	0.00354561	23.000000	0.00351262	23.000000	0.00351231	23.000000	0.00354423	23.000000	1.38694e-06	
24.000000	0.00341214	24.000000	0.00342411	24.000000	0.00339005	24.000000	0.00338961	24.000000	0.00342277	24.000000	1.33421e-06	
25.000000	0.00330032	25.000000	0.00331148	25.000000	0.00327726	25.000000	0.00327662	25.000000	0.00331019	25.000000	1.2855e-06	
27.000000	0.00309964	27.000000	0.00310919	27.000000	0.00307651	27.000000	0.0030757 	27.000000	0.00310799	27.000000	1.19842e-06	
29.000000	0.0029246 	29.000000	0.00293258	29.000000	0.00290352	29.000000	0.00290273	29.000000	0.00293145	29.000000	1.1228e-06	
31.000000	0.00277049	31.000000	0.00277698	31.000000	0.00275161	31.000000	0.0027508 	31.000000	0.00277593	31.000000	1.0565e-06	
33.000000	0.0026337 	33.000000	0.00263882	33.000000	0.00261546	33.000000	0.0026147 	33.000000	0.00263782	33.000000	9.97881e-07	
35.000000	0.00251142	35.000000	0.00251527	35.000000	0.00249363	35.000000	0.00249296	35.000000	0.00251433	35.000000	9.45658e-07	
38.000000	0.00235045	38.000000	0.0023526 	38.000000	0.00233348	38.000000	0.00233258	38.000000	0.00235172	38.000000	8.77179e-07	
41.000000	0.0022114 	41.000000	0.00221209	41.000000	0.00219489	41.000000	0.00219396	41.000000	0.00221127	41.000000	8.18285e-07	
44.000000	0.00209001	44.000000	0.00208944	44.000000	0.00207374	44.000000	0.00207288	44.000000	0.00208868	44.000000	7.67074e-07	
47.000000	0.00198305	47.000000	0.00198142	47.000000	0.00196698	47.000000	0.00196617	47.000000	0.0019807 	47.000000	7.22118e-07	
50.000000	0.00188805	50.000000	0.00188552	50.000000	0.00187213	50.000000	0.00187137	50.000000	0.00188484	50.000000	6.82323e-07	
55.000000	0.0017512 	55.000000	0.0017475 	55.000000	0.00173552	55.000000	0.00173482	55.000000	0.00174687	55.000000	6.2524e-07	
60.000000	0.00163567	60.000000	0.0016311 	60.000000	0.00162024	60.000000	0.00161955	60.000000	0.00163053	60.000000	5.77277e-07	
65.000000	0.00153673	65.000000	0.00153157	65.000000	0.0015217 	65.000000	0.00152088	65.000000	0.00153103	65.000000	5.36386e-07	
70.000000	0.00145098	70.000000	0.00144544	70.000000	0.00143617	70.000000	0.00143543	70.000000	0.00144494	70.000000	5.01095e-07	
75.000000	0.00137591	75.000000	0.00137015	75.000000	0.00136138	75.000000	0.00136067	75.000000	0.00136968	75.000000	4.70314e-07	
80.000000	0.00130959	80.000000	0.00130376	80.000000	0.00129536	80.000000	0.0012947 	80.000000	0.00130332	80.000000	4.43222e-07	
85.000000	0.00125055	85.000000	0.00124476	85.000000	0.00123666	85.000000	0.00123603	85.000000	0.00124434	85.000000	4.19186e-07	
90.000000	0.00119763	90.000000	0.00119196	90.000000	0.00118411	90.000000	0.00118351	90.000000	0.00119156	90.000000	3.97711e-07	
95.000000	0.0011499 	95.000000	0.00114443	95.000000	0.00113691	95.000000	0.0011362 	95.000000	0.00114406	95.000000	3.78404e-07	
100.000000	0.00110661	100.000000	0.00110142	100.000000	0.00109404	100.000000	0.00109336	100.000000	0.00110106	100.000000	3.60948e-07	
105.000000	0.00106717	105.000000	0.00106229	105.000000	0.00105503	105.000000	0.00105438	105.000000	0.00106195	105.000000	3.45086e-07	
110.000000	0.00103106	110.000000	0.00102655	110.000000	0.00101938	110.000000	0.00101875	110.000000	0.00102622	110.000000	3.30607e-07	
115.000000	0.000997874	115.000000	0.00099376	115.000000	0.000986673	115.000000	0.000986066	115.000000	0.000993443	115.000000	3.17337e-07	
120.000000	0.00096726	120.000000	0.000963575	120.000000	0.000956548	120.000000	0.000955963	120.000000	0.00096327	120.000000	3.05127e-07	
125.000000	0.000938923	125.000000	0.000935691	125.000000	0.000928717	125.000000	0.000928149	125.000000	0.000935397	125.000000	2.93854e-07	
130.000000	0.000912612	130.000000	0.000909854	130.000000	0.00090292	130.000000	0.000902371	130.000000	0.00090957	130.000000	2.83413e-07	
135.000000	0.000888112	135.000000	0.000885843	135.000000	0.000878933	135.000000	0.000878412	135.000000	0.00088557	135.000000	2.73714e-07	
140.000000	0.000865237	140.000000	0.000863472	140.000000	0.000856644	140.000000	0.000856085	140.000000	0.000863207	140.000000	2.6468e-07	
145.000000	0.000843827	145.000000	0.000842576	145.000000	0.000835837	145.000000	0.000835229	145.000000	0.00084232	145.000000	2.56244e-07	
150.000000	0.000823741	150.000000	0.000823013	150.000000	0.000816292	150.000000	0.000815702	150.000000	0.000822765	150.000000	2.48348e-07	
155.000000	0.000795461	155.000000	0.000804659	155.000000	0.000797949	155.000000	0.000797381	155.000000	0.000804418	155.000000	2.4094e-07	
160.000000	0.000778884	160.000000	0.000787405	160.000000	0.000780714	160.000000	0.000780157	160.000000	0.000787171	160.000000	2.33977e-07	
165.000000	0.000763253	165.000000	0.000771155	165.000000	0.000764478	165.000000	0.000763934	165.000000	0.000770927	165.000000	2.27419e-07	
170.000000	0.000748486	170.000000	0.000755822	170.000000	0.00074916	170.000000	0.000748629	170.000000	0.000755601	170.000000	2.21232e-07	
175.000000	0.000734514	175.000000	0.000741331	175.000000	0.000734684	175.000000	0.000734164	175.000000	0.000741116	175.000000	2.15384e-07	
180.000000	0.000721273	180.000000	0.000727615	180.000000	0.000720981	180.000000	0.000720474	180.000000	0.000727405	180.000000	2.09848e-07	
185.000000	0.000708706	185.000000	0.000714613	185.000000	0.000707995	185.000000	0.000707496	185.000000	0.000714408	185.000000	2.04599e-07	
190.000000	0.000696763	190.000000	0.00070227	190.000000	0.000695669	190.000000	0.000695179	190.000000	0.00070207	190.000000	1.99615e-07	
195.000000	0.000685397	195.000000	0.000690537	195.000000	0.000683946	195.000000	0.000683471	195.000000	0.000690342	195.000000	1.94877e-07	
200.000000	0.000674568	200.000000	0.000679371	200.000000	0.000672793	200.000000	0.000672331	200.000000	0.000679181	200.000000	1.90367e-07	
210.000000	0.000654371	210.000000	0.000658581	210.000000	0.000652108	210.000000	0.000651592	210.000000	0.000658399	210.000000	1.81965e-07	
220.000000	0.000635912	220.000000	0.000639622	220.000000	0.0006332 	220.000000	0.000632686	220.000000	0.000639448	220.000000	1.74297e-07	
230.000000	0.000618974	230.000000	0.000622262	230.000000	0.000615875	230.000000	0.000615382	230.000000	0.000622095	230.000000	1.67271e-07	
240.000000	0.000603376	240.000000	0.000606309	240.000000	0.000599966	240.000000	0.000599485	240.000000	0.000606148	240.000000	1.60807e-07	
250.000000	0.000588963	250.000000	0.000591599	250.000000	0.0005853 	250.000000	0.000584834	250.000000	0.000591444	250.000000	1.54841e-07	
260.000000	0.000575605	260.000000	0.000577993	260.000000	0.000571742	260.000000	0.000571289	260.000000	0.000577843	260.000000	1.49316e-07	
270.000000	0.00056319	270.000000	0.000565372	270.000000	0.000559173	270.000000	0.00055873	270.000000	0.000565227	270.000000	1.44185e-07	
280.000000	0.000551622	280.000000	0.000553634	280.000000	0.000547489	280.000000	0.000547057	280.000000	0.000553494	280.000000	1.39406e-07	
290.000000	0.000540817	290.000000	0.000542691	290.000000	0.000536595	290.000000	0.000536179	290.000000	0.000542556	290.000000	1.34945e-07	
300.000000	0.000530702	300.000000	0.000532465	300.000000	0.000526457	300.000000	0.000526021	300.000000	0.000532335	300.000000	1.30769e-07	
310.000000	0.000521213	310.000000	0.00052289	310.000000	0.000516978	310.000000	0.000516513	310.000000	0.000522763	310.000000	1.26853e-07	
320.000000	0.000512295	320.000000	0.000513907	320.000000	0.000508053	320.000000	0.000507598	320.000000	0.000513783	320.000000	1.23172e-07	
330.000000	0.000503897	330.000000	0.000505462	330.000000	0.000499665	330.000000	0.000499223	330.000000	0.000505342	330.000000	1.19705e-07	
340.000000	0.000495977	340.000000	0.00049751	340.000000	0.000491776	340.000000	0.00049134	340.000000	0.000497394	340.000000	1.16435e-07	
350.000000	0.000488495	350.000000	0.000490011	350.000000	0.000484339	350.000000	0.000483911	350.000000	0.000489898	350.000000	1.13345e-07	
360.000000	0.000481416	360.000000	0.000482927	360.000000	0.000477317	360.000000	0.000476896	360.000000	0.000482817	360.000000	1.1042e-07	
370.000000	0.00047471	370.000000	0.000476226	370.000000	0.000470678	370.000000	0.000470265	370.000000	0.000476119	370.000000	1.07647e-07	
380.000000	0.000468348	380.000000	0.000469879	380.000000	0.000464394	380.000000	0.000463987	380.000000	0.000469774	380.000000	1.05014e-07	
390.000000	0.000462305	390.000000	0.000463859	390.000000	0.000458436	390.000000	0.000458035	390.000000	0.000463756	390.000000	1.02512e-07	
400.000000	0.000456558	400.000000	0.000458142	400.000000	0.000452781	400.000000	0.000452387	400.000000	0.000458042	400.000000	1.0013e-07	
410.000000	0.000451087	410.000000	0.000452707	410.000000	0.000447409	410.000000	0.000447019	410.000000	0.000452609	410.000000	9.78595e-08	
420.000000	0.000445873	420.000000	0.000447534	420.000000	0.000442299	420.000000	0.000441913	420.000000	0.000447438	420.000000	9.56933e-08	
430.000000	0.000440898	430.000000	0.000442606	430.000000	0.000437431	430.000000	0.000437051	430.000000	0.000442512	430.000000	9.36241e-08	
440.000000	0.000436148	440.000000	0.000437906	440.000000	0.000432786	440.000000	0.000432416	440.000000	0.000437814	440.000000	9.16454e-08	
450.000000	0.000431608	450.000000	0.00043342	450.000000	0.00042836	450.000000	0.000427993	450.000000	0.00043333	450.000000	8.97514e-08	
460.000000	0.000427265	460.000000	0.000429133	460.000000	0.000424147	460.000000	0.00042377	460.000000	0.000429045	460.000000	8.79367e-08	
470.000000	0.000423107	470.000000	0.000425034	470.000000	0.000420128	470.000000	0.000419733	470.000000	0.000424948	470.000000	8.61963e-08	
480.000000	0.000419124	480.000000	0.000421112	480.000000	0.000416275	480.000000	0.00041587	480.000000	0.000421028	480.000000	8.45258e-08	
490.000000	0.000415304	490.000000	0.000417355	490.000000	0.000412572	490.000000	0.00041217	490.000000	0.000417272	490.000000	8.29209e-08	
500.000000	0.000411639	500.000000	0.000413755	500.000000	0.00040902	500.000000	0.000408626	500.000000	0.000413673	500.000000	8.13778e-08	
520.000000	0.000404739	520.000000	0.000406987	520.000000	0.00040235	520.000000	0.000401965	520.000000	0.000406908	520.000000	7.84632e-08	
540.000000	0.000398361	540.000000	0.000400744	540.000000	0.000396203	540.000000	0.000395824	540.000000	0.000400668	540.000000	7.57566e-08	
560.000000	0.000392454	560.000000	0.000394973	560.000000	0.00039052	560.000000	0.000390148	560.000000	0.000394899	560.000000	7.32364e-08	
580.000000	0.00038697	580.000000	0.000389624	580.000000	0.000385254	580.000000	0.000384888	580.000000	0.000389554	580.000000	7.08837e-08	
600.000000	0.000381869	600.000000	0.000384658	600.000000	0.000380364	600.000000	0.000380004	600.000000	0.00038459	600.000000	6.86822e-08	
620.000000	0.000377117	620.000000	0.000380039	620.000000	0.000375815	620.000000	0.00037546	620.000000	0.000379972	620.000000	6.66176e-08	
640.000000	0.000372681	640.000000	0.000375733	640.000000	0.000371576	640.000000	0.000371225	640.000000	0.000375669	640.000000	6.46774e-08	
660.000000	0.000368535	660.000000	0.000371715	660.000000	0.000367614	660.000000	0.00036727	660.000000	0.000371652	660.000000	6.28506e-08	
680.000000	0.000364655	680.000000	0.000367958	680.000000	0.000363907	680.000000	0.00036357	680.000000	0.000367897	680.000000	6.11274e-08	
700.000000	0.000361019	700.000000	0.000364442	700.000000	0.000360445	700.000000	0.000360105	700.000000	0.000364383	700.000000	5.94991e-08	
720.000000	0.000357608	720.000000	0.000361146	720.000000	0.000357209	720.000000	0.000356854	720.000000	0.000361088	720.000000	5.7958e-08	
740.000000	0.000354404	740.000000	0.000358054	740.000000	0.000354167	740.000000	0.000353801	740.000000	0.000357997	740.000000	5.64973e-08	
760.000000	0.000351393	760.000000	0.000355149	760.000000	0.000351294	760.000000	0.000350929	760.000000	0.000355094	760.000000	5.51107e-08	
780.000000	0.000348559	780.000000	0.000352418	780.000000	0.000348583	780.000000	0.000348224	780.000000	0.000352364	780.000000	5.37926e-08	
800.000000	0.000345891	800.000000	0.000349847	800.000000	0.000346028	800.000000	0.000345675	800.000000	0.000349794	800.000000	5.25381e-08	
820.000000	0.000343376	820.000000	0.000347425	820.000000	0.000343619	820.000000	0.000343268	820.000000	0.000347374	820.000000	5.13427e-08	
840.000000	0.000341006	840.000000	0.000345143	840.000000	0.000341344	840.000000	0.000340995	840.000000	0.000345093	840.000000	5.02021e-08	
860.000000	0.000338769	860.000000	0.00034299	860.000000	0.000339191	860.000000	0.000338845	860.000000	0.000342941	860.000000	4.91127e-08	
880.000000	0.000336658	880.000000	0.000340958	880.000000	0.000337154	880.000000	0.000336811	880.000000	0.00034091	880.000000	4.80711e-08	
900.000000	0.000334664	900.000000	0.000339038	900.000000	0.000335224	900.000000	0.000334884	900.000000	0.000338991	900.000000	4.70741e-08	
920.000000	0.000332781	920.000000	0.000337225	920.000000	0.000333394	920.000000	0.000333056	920.000000	0.000337179	920.000000	4.6119e-08	
940.000000	0.000331002	940.000000	0.00033551	940.000000	0.000331658	940.000000	0.000331323	940.000000	0.000335465	940.000000	4.5203e-08	
960.000000	0.00032932	960.000000	0.000333889	960.000000	0.00033001	960.000000	0.000329677	960.000000	0.000333845	960.000000	4.43239e-08	
980.000000	0.000327731	980.000000	0.000332355	980.000000	0.000328444	980.000000	0.000328113	980.000000	0.000332312	980.000000	4.34794e-08	
1000.000000	0.000326228	1000.000000	0.000330903	1000.000000	0.000326955	1000.000000	0.000326627	1000.000000	0.000330861	1000.000000	4.26675e-08	
1020.000000	0.000324807	1020.000000	0.00032953	1020.000000	0.000325539	1020.000000	0.000325212	1020.000000	0.000329488	1020.000000	4.18863e-08	
1040.000000	0.000323464	1040.000000	0.000328229	1040.000000	0.00032419	1040.000000	0.000323866	1040.000000	0.000328188	1040.000000	4.11341e-08	
1060.000000	0.000322194	1060.000000	0.000326997	1060.000000	0.000322906	1060.000000	0.000322584	1060.000000	0.000326957	1060.000000	4.04092e-08	
1080.000000	0.000320994	1080.000000	0.000325831	1080.000000	0.000321682	1080.000000	0.000321362	1080.000000	0.000325792	1080.000000	3.97103e-08	
1100.000000	0.000319859	1100.000000	0.000324727	1100.000000	0.000320516	1100.000000	0.000320197	1100.000000	0.000324688	1100.000000	3.90359e-08	
1120.000000	0.000318788	1120.000000	0.000323682	1120.000000	0.000319403	1120.000000	0.000319085	1120.000000	0.000323643	1120.000000	3.83848e-08	
1140.000000	0.000317776	1140.000000	0.000322692	1140.000000	0.000318342	1140.000000	0.000318025	1140.000000	0.000322654	1140.000000	3.77557e-08	
1160.000000	0.000316821	1160.000000	0.000321755	1160.000000	0.000317328	1160.000000	0.000317012	1160.000000	0.000321718	1160.000000	3.71475e-08	
1180.000000	0.00031592	1180.000000	0.000320868	1180.000000	0.000316359	1180.000000	0.000316045	1180.000000	0.000320831	1180.000000	3.65593e-08	
1200.000000	0.000315071	1200.000000	0.000320029	1200.000000	0.000315433	1200.000000	0.000315122	1200.000000	0.000319993	1200.000000	3.59899e-08	
1220.000000	0.000314271	1220.000000	0.000319235	1220.000000	0.000314548	1220.000000	0.000314238	1220.000000	0.000319199	1220.000000	3.54386e-08	
1240.000000	0.000313517	1240.000000	0.000318484	1240.000000	0.000313701	1240.000000	0.000313394	1240.000000	0.00031845	1240.000000	3.49044e-08	
1260.000000	0.000312809	1260.000000	0.000317775	1260.000000	0.000312891	1260.000000	0.000312587	1260.000000	0.000317741	1260.000000	3.43867e-08	
1280.000000	0.000312143	1280.000000	0.000317105	1280.000000	0.000312117	1280.000000	0.000311814	1280.000000	0.000317071	1280.000000	3.38845e-08	
1300.000000	0.000311519	1300.000000	0.000316473	1300.000000	0.000311378	1300.000000	0.000311075	1300.000000	0.000316439	1300.000000	3.33972e-08	
1320.000000	0.000310934	1320.000000	0.000315876	1320.000000	0.000310672	1320.000000	0.000310367	1320.000000	0.000315843	1320.000000	3.29242e-08	
1340.000000	0.000310386	1340.000000	0.000315314	1340.000000	0.000309997	1340.000000	0.000309689	1340.000000	0.000315282	1340.000000	3.24649e-08	
1360.000000	0.000309875	1360.000000	0.000314785	1360.000000	0.000309352	1360.000000	0.00030904	1360.000000	0.000314753	1360.000000	3.20185e-08	
1380.000000	0.000309398	1380.000000	0.000314287	1380.000000	0.000308735	1380.000000	0.000308418	1380.000000	0.000314255	1380.000000	3.15847e-08	
1400.000000	0.000308955	1400.000000	0.000313819	1400.000000	0.000308144	1400.000000	0.000307823	1400.000000	0.000313788	1400.000000	3.11628e-08	
1420.000000	0.000308544	1420.000000	0.00031338	1420.000000	0.000307576	1420.000000	0.000307252	1420.000000	0.000313349	1420.000000	3.07524e-08	
1440.000000	0.000308163	1440.000000	0.000312968	1440.000000	0.000307032	1440.000000	0.000306705	1440.000000	0.000312938	1440.000000	3.0353e-08	
1460.000000	0.000307812	1460.000000	0.000312583	1460.000000	0.000306509	1460.000000	0.00030618	1460.000000	0.000312553	1460.000000	2.99642e-08	
1480.000000	0.00030749	1480.000000	0.000312224	1480.000000	0.000306006	1480.000000	0.000305677	1480.000000	0.000312194	1480.000000	2.95855e-08	
1500.000000	0.000307195	1500.000000	0.000311889	1500.000000	0.000305524	1500.000000	0.000305195	1500.000000	0.00031186	1500.000000	2.92166e-08	
1520.000000	0.000306926	1520.000000	0.000311577	1520.000000	0.00030506	1520.000000	0.000304733	1520.000000	0.000311548	1520.000000	2.8857e-08	
1540.000000	0.000306683	1540.000000	0.000311288	1540.000000	0.000304615	1540.000000	0.00030429	1540.000000	0.00031126	1540.000000	2.85065e-08	
1560.000000	0.000306464	1560.000000	0.000311021	1560.000000	0.000304189	1560.000000	0.000303865	1560.000000	0.000310993	1560.000000	2.81646e-08	
1580.000000	0.000306269	1580.000000	0.000310775	1580.000000	0.000303779	1580.000000	0.000303457	1580.000000	0.000310747	1580.000000	2.78311e-08	
1600.000000	0.000306097	1600.000000	0.000310549	1600.000000	0.000303387	1600.000000	0.000303066	1600.000000	0.000310521	1600.000000	2.75057e-08	
1620.000000	0.000305948	1620.000000	0.000310342	1620.000000	0.00030301	1620.000000	0.000302691	1620.000000	0.000310315	1620.000000	2.7188e-08	
1640.000000	0.000305819	1640.000000	0.000310154	1640.000000	0.00030265	1640.000000	0.000302331	1640.000000	0.000310127	1640.000000	2.68778e-08	
1660.000000	0.000305712	1660.000000	0.000309984	1660.000000	0.000302304	1660.000000	0.000301986	1660.000000	0.000309957	1660.000000	2.65748e-08	
1680.000000	0.000305624	1680.000000	0.000309831	1680.000000	0.000301972	1680.000000	0.000301655	1680.000000	0.000309805	1680.000000	2.62788e-08	
1700.000000	0.000305556	1700.000000	0.000309696	1700.000000	0.000301654	1700.000000	0.000301338	1700.000000	0.00030967	1700.000000	2.59895e-08	
1750.000000	0.000305466	1750.000000	0.000309426	1750.000000	0.000300915	1750.000000	0.0003006 	1750.000000	0.000309401	1750.000000	2.52942e-08	
1800.000000	0.000305484	1800.000000	0.000309249	1800.000000	0.00030025	1800.000000	0.000299936	1800.000000	0.000309225	1800.000000	2.46363e-08	
1850.000000	0.000305603	1850.000000	0.000309158	1850.000000	0.000299651	1850.000000	0.000299339	1850.000000	0.000309134	1850.000000	2.40127e-08	
1900.000000	0.000305815	1900.000000	0.000309146	1900.000000	0.000299114	1900.000000	0.000298803	1900.000000	0.000309123	1900.000000	2.34209e-08	
1950.000000	0.000306113	1950.000000	0.000309207	1950.000000	0.000298632	1950.000000	0.000298322	1950.000000	0.000309184	1950.000000	2.28584e-08	
2000.000000	0.000306493	2000.000000	0.000309335	2000.000000	0.0002982 	2000.000000	0.000297892	2000.000000	0.000309312	2000.000000	2.2323e-08	
2100.000000	0.000307475	2100.000000	0.000309774	2100.000000	0.000297472	2100.000000	0.000297166	2100.000000	0.000309752	2100.000000	2.13263e-08	
2200.000000	0.000308722	2200.000000	0.000310429	2200.000000	0.0002969 	2200.000000	0.000296596	2200.000000	0.000310408	2200.000000	2.04173e-08	
2300.000000	0.000310205	2300.000000	0.000311272	2300.000000	0.000296459	2300.000000	0.000296157	2300.000000	0.000311252	2300.000000	1.95848e-08	
2400.000000	0.000311898	2400.000000	0.00031228	2400.000000	0.00029613	2400.000000	0.000295829	2400.000000	0.000312261	2400.000000	1.88194e-08	
2500.000000	0.000313779	2500.000000	0.000313432	2500.000000	0.000295895	2500.000000	0.000295595	2500.000000	0.000313414	2500.000000	1.81132e-08	
2600.000000	0.00031583	2600.000000	0.000314712	2600.000000	0.00029574	2600.000000	0.000295442	2600.000000	0.000314694	2600.000000	1.74596e-08	
2700.000000	0.000318034	2700.000000	0.000316106	2700.000000	0.000295655	2700.000000	0.000295359	2700.000000	0.000316089	2700.000000	1.68529e-08	
2800.000000	0.000320377	2800.000000	0.0003176 	2800.000000	0.00029563	2800.000000	0.000295334	2800.000000	0.000317584	2800.000000	1.6288e-08	
2900.000000	0.000322849	2900.000000	0.000319186	2900.000000	0.000295655	2900.000000	0.000295361	2900.000000	0.00031917	2900.000000	1.57609e-08	
3000.000000	0.000325439	3000.000000	0.000320852	3000.000000	0.000295725	3000.000000	0.000295431	3000.000000	0.000320837	3000.000000	1.52678e-08	
3200.000000	0.000330936	3200.000000	0.000324398	3200.000000	0.000295974	3200.000000	0.000295682	3200.000000	0.000324384	3200.000000	1.43712e-08	
3400.000000	0.000336808	3400.000000	0.000328185	3400.000000	0.000296338	3400.000000	0.000296047	3400.000000	0.000328171	3400.000000	1.35767e-08	
3600.000000	0.000343007	3600.000000	0.000332171	3600.000000	0.000296787	3600.000000	0.000296498	3600.000000	0.000332158	3600.000000	1.28677e-08	
3800.000000	0.000349497	3800.000000	0.000336324	3800.000000	0.000297301	3800.000000	0.000297012	3800.000000	0.000336312	3800.000000	1.22311e-08	
4000.000000	0.000356246	4000.000000	0.000340618	4000.000000	0.000297863	4000.000000	0.000297575	4000.000000	0.000340606	4000.000000	1.16562e-08	
4200.000000	0.000363229	4200.000000	0.00034503	4200.000000	0.000298459	4200.000000	0.000298173	4200.000000	0.000345019	4200.000000	1.11343e-08	
4400.000000	0.000370427	4400.000000	0.000349545	4400.000000	0.000299081	4400.000000	0.000298795	4400.000000	0.000349535	4400.000000	1.06583e-08	
4600.000000	0.000377823	4600.000000	0.000354148	4600.000000	0.000299721	4600.000000	0.000299436	4600.000000	0.000354138	4600.000000	1.02225e-08	
4800.000000	0.000385401	4800.000000	0.000358827	4800.000000	0.000300372	4800.000000	0.000300087	4800.000000	0.000358817	4800.000000	9.82189e-09	
5000.000000	0.00039315	5000.000000	0.000363571	5000.000000	0.00030103	5000.000000	0.000300746	5000.000000	0.000363562	5000.000000	9.45232e-09	
5250.000000	0.000403061	5250.000000	0.000369582	5250.000000	0.000301857	5250.000000	0.000301573	5250.000000	0.000369572	5250.000000	9.02874e-09	
5500.000000	0.000413206	5500.000000	0.000375668	5500.000000	0.000302683	5500.000000	0.0003024 	5500.000000	0.00037566	5500.000000	8.64249e-09	
6000.000000	0.000434145	6000.000000	0.000388027	6000.000000	0.000304319	6000.000000	0.000304037	6000.000000	0.000388019	6000.000000	7.96367e-09	
6500.000000	0.000455879	6500.000000	0.000400579	6500.000000	0.000305917	6500.000000	0.000305635	6500.000000	0.000400571	6500.000000	7.38624e-09	
7000.000000	0.000478346	7000.000000	0.000413273	7000.000000	0.000307464	7000.000000	0.000307183	7000.000000	0.000413266	7000.000000	6.88887e-09	
7500.000000	0.000501498	7500.000000	0.000426076	7500.000000	0.000308956	7500.000000	0.000308675	7500.000000	0.000426069	7500.000000	6.45587e-09	
8000.000000	0.000525301	8000.000000	0.00043896	8000.000000	0.000310391	8000.000000	0.000310111	8000.000000	0.000438953	8000.000000	6.0754e-09	
8500.000000	0.000549727	8500.000000	0.000451905	8500.000000	0.000311769	8500.000000	0.000311489	8500.000000	0.0004519 	8500.000000	5.73839e-09	
9000.000000	0.000574756	9000.000000	0.000464898	9000.000000	0.000313091	9000.000000	0.000312812	9000.000000	0.000464892	9000.000000	5.43772e-09	
9500.000000	0.000600371	9500.000000	0.000477926	9500.000000	0.000314362	9500.000000	0.000314083	9500.000000	0.00047792	9500.000000	5.16777e-09	
10000.000000	0.000626558	10000.000000	0.000490979	10000.000000	0.000315584	10000.000000	0.000315302	10000.000000	0.000490974	10000.000000	4.92402e-09	
11000.000000	0.000680609	11000.000000	0.000517138	11000.000000	0.00031788	11000.000000	0.0003176 	11000.000000	0.000517133	11000.000000	4.50111e-09	
12000.000000	0.000736848	12000.000000	0.000543332	12000.000000	0.000319995	12000.000000	0.000319727	12000.000000	0.000543328	12000.000000	4.14672e-09	
13000.000000	0.000795231	13000.000000	0.000569534	13000.000000	0.000321968	13000.000000	0.000321702	13000.000000	0.00056953	13000.000000	3.84532e-09	
14000.000000	0.00085573	14000.000000	0.000595726	14000.000000	0.000323824	14000.000000	0.000323541	14000.000000	0.000595723	14000.000000	3.58576e-09	
15000.000000	0.000918326	15000.000000	0.000621898	15000.000000	0.000325568	15000.000000	0.000325262	15000.000000	0.000621894	15000.000000	3.35984e-09	
16000.000000	0.000983008	16000.000000	0.000648039	16000.000000	0.000327198	16000.000000	0.000326875	16000.000000	0.000648036	16000.000000	3.16136e-09	
17000.000000	0.00104977	17000.000000	0.000674146	17000.000000	0.00032872	17000.000000	0.000328392	17000.000000	0.000674143	17000.000000	2.98558e-09	
18000.000000	0.0011186 	18000.000000	0.000700214	18000.000000	0.000330143	18000.000000	0.000329824	18000.000000	0.000700211	18000.000000	2.82878e-09	
19000.000000	0.00118951	19000.000000	0.000726242	19000.000000	0.000331479	19000.000000	0.000331178	19000.000000	0.000726239	19000.000000	2.68802e-09	
20000.000000	0.0012625 	20000.000000	0.000752228	20000.000000	0.000332738	20000.000000	0.000332463	20000.000000	0.000752225	20000.000000	2.56094e-09	
21000.000000	0.00133756	21000.000000	0.000778171	21000.000000	0.000333936	21000.000000	0.000333683	21000.000000	0.000778169	21000.000000	2.44562e-09	
22000.000000	0.0014147 	22000.000000	0.000804072	22000.000000	0.000335097	22000.000000	0.000334846	22000.000000	0.000804069	22000.000000	2.34049e-09	
23000.000000	0.00149393	23000.000000	0.000829929	23000.000000	0.000336208	23000.000000	0.000335955	23000.000000	0.000829927	23000.000000	2.24425e-09	
24000.000000	0.00157526	24000.000000	0.000855745	24000.000000	0.000337268	24000.000000	0.000337015	24000.000000	0.000855743	24000.000000	2.1558e-09	
25000.000000	0.00165869	25000.000000	0.000881518	25000.000000	0.000338283	25000.000000	0.000338031	25000.000000	0.000881516	25000.000000	2.07423e-09	
26000.000000	0.00174422	26000.000000	0.00090725	26000.000000	0.000339258	26000.000000	0.000339006	26000.000000	0.000907248	26000.000000	1.99876e-09	
27000.000000	0.00183188	27000.000000	0.000932942	27000.000000	0.000340196	27000.000000	0.000339942	27000.000000	0.00093294	27000.000000	1.92872e-09	
28000.000000	0.00192166	28000.000000	0.000958594	28000.000000	0.000341097	28000.000000	0.000340843	28000.000000	0.000958592	28000.000000	1.86354e-09	
29000.000000	0.00201357	29000.000000	0.000984206	29000.000000	0.000341961	29000.000000	0.000341711	29000.000000	0.000984205	29000.000000	1.80274e-09	
30000.000000	0.00210763	30000.000000	0.00100978	30000.000000	0.000342791	30000.000000	0.000342548	30000.000000	0.00100978	30000.000000	1.74587e-09	
32000.000000	0.00230222	32000.000000	0.00106082	32000.000000	0.000344365	32000.000000	0.000344139	32000.000000	0.00106082	32000.000000	1.64251e-09	
34000.000000	0.00250551	34000.000000	0.00111171	34000.000000	0.000345843	34000.000000	0.000345629	34000.000000	0.00111171	34000.000000	1.55098e-09	
36000.000000	0.00271758	36000.000000	0.00116247	36000.000000	0.000347236	36000.000000	0.000347031	36000.000000	0.00116247	36000.000000	1.46935e-09	
38000.000000	0.00293852	38000.000000	0.0012131 	38000.000000	0.000348553	38000.000000	0.000348354	38000.000000	0.0012131 	38000.000000	1.39608e-09	
40000.000000	0.00316843	40000.000000	0.0012636 	40000.000000	0.000349801	40000.000000	0.000349608	40000.000000	0.0012636 	40000.000000	1.32993e-09	
42000.000000	0.00340739	42000.000000	0.00131398	42000.000000	0.000350987	42000.000000	0.000350799	42000.000000	0.00131398	42000.000000	1.26992e-09	
44000.000000	0.0036555 	44000.000000	0.00136425	44000.000000	0.000352116	44000.000000	0.000351934	44000.000000	0.00136425	44000.000000	1.21521e-09	
46000.000000	0.00391285	46000.000000	0.00141441	46000.000000	0.000353194	46000.000000	0.00035302	46000.000000	0.00141441	46000.000000	1.16514e-09	
48000.000000	0.00417954	48000.000000	0.00146446	48000.000000	0.000354227	48000.000000	0.000354061	48000.000000	0.00146446	48000.000000	1.11912e-09	
50000.000000	0.00445567	50000.000000	0.00151441	50000.000000	0.000355217	50000.000000	0.000355061	50000.000000	0.00151441	50000.000000	1.07669e-09	
