*Energy (MeV/u)1	0 - [He-base] F.Hubert et al. AD&ND Tables 46(1990)1	Energy (MeV/u)2	1 - [H -base] J.F.Ziegler et al.Pergamon Press.NY(low energy)	Energy (MeV/u)3	2 - ATIMA 1.2 LS-theory (recommended for high energy)	Energy (MeV/u)4	3 - ATIMA 1.2 without LS-correction	Energy (MeV/u)5	4 - ATIMA 1.4 H.Weick. improved mean charge formula for HI	Energy (MeV/u)6	5 - electrical component of [1] - J.F.Ziegler et al	Energy (MeV/u)7	6 - nuclear component of [1] - J.F.Ziegler et al	
0.001000	0.135204  	0.001000	0.124594  	0.001000	0.13697   	0.001000	0.13697   	0.001000	0.136931  	0.001000	0.07211   	0.001000	0.0524837 	
0.002000	0.156983  	0.002000	0.14234   	0.002000	0.156246  	0.002000	0.156246  	0.002000	0.156223  	0.002000	0.105575  	0.002000	0.0367644 	
0.005000	0.219929  	0.005000	0.195605  	0.005000	0.209766  	0.005000	0.209766  	0.005000	0.209756  	0.005000	0.174755  	0.005000	0.0208505 	
0.008000	0.272992  	0.008000	0.241396  	0.008000	0.254051  	0.008000	0.254051  	0.008000	0.254046  	0.008000	0.226305  	0.008000	0.0150905 	
0.010000	0.304589  	0.010000	0.268604  	0.010000	0.279914  	0.010000	0.279914  	0.010000	0.27991   	0.010000	0.255856  	0.010000	0.012748  	
0.015000	0.357603  	0.015000	0.318691  	0.015000	0.322517  	0.015000	0.322517  	0.015000	0.322514  	0.015000	0.309235  	0.015000	0.00945657	
0.020000	0.399184  	0.020000	0.361245  	0.020000	0.357024  	0.020000	0.357024  	0.020000	0.357022  	0.020000	0.353643  	0.020000	0.00760215	
0.025000	0.444426  	0.025000	0.400511  	0.025000	0.389593  	0.025000	0.389593  	0.025000	0.389592  	0.025000	0.394113  	0.025000	0.00639802	
0.030000	0.481108  	0.030000	0.436021  	0.030000	0.425474  	0.030000	0.425474  	0.030000	0.425473  	0.030000	0.430474  	0.030000	0.00554705	
0.035000	0.510451  	0.035000	0.468518  	0.035000	0.458853  	0.035000	0.458853  	0.035000	0.458852  	0.035000	0.463608  	0.035000	0.00491069	
0.040000	0.532961  	0.040000	0.498589  	0.040000	0.48985   	0.040000	0.48985   	0.040000	0.489849  	0.040000	0.494174  	0.040000	0.00441515	
0.045000	0.549001  	0.045000	0.526344  	0.045000	0.518555  	0.045000	0.518555  	0.045000	0.518554  	0.045000	0.522327  	0.045000	0.00401733	
0.050000	0.559028  	0.050000	0.551879  	0.050000	0.545043  	0.050000	0.545043  	0.050000	0.545043  	0.050000	0.548189  	0.050000	0.00369027	
0.055000	0.581269  	0.055000	0.575283  	0.055000	0.56939   	0.055000	0.56939   	0.055000	0.56939   	0.055000	0.571866  	0.055000	0.0034162 	
0.060000	0.599763  	0.060000	0.596641  	0.060000	0.591672  	0.060000	0.591672  	0.060000	0.591671  	0.060000	0.593458  	0.060000	0.00318291	
0.070000	0.626704  	0.070000	0.633584  	0.070000	0.630365  	0.070000	0.630365  	0.070000	0.630365  	0.070000	0.630778  	0.070000	0.00280624	
0.080000	0.655586  	0.080000	0.663455  	0.080000	0.661823  	0.080000	0.661823  	0.080000	0.661823  	0.080000	0.660941  	0.080000	0.00251461	
0.090000	0.676402  	0.090000	0.687032  	0.090000	0.686801  	0.090000	0.686801  	0.090000	0.686801  	0.090000	0.68475   	0.090000	0.00228159	
0.100000	0.691768  	0.100000	0.705296  	0.100000	0.706076  	0.100000	0.706076  	0.100000	0.706076  	0.100000	0.703205  	0.100000	0.00209076	
0.120000	0.701525  	0.120000	0.736873  	0.120000	0.730546  	0.120000	0.730546  	0.120000	0.730546  	0.120000	0.735077  	0.120000	0.00179614	
0.140000	0.703221  	0.140000	0.753358  	0.140000	0.740798  	0.140000	0.740798  	0.140000	0.740798  	0.140000	0.751779  	0.140000	0.00157857	
0.160000	0.70328   	0.160000	0.760436  	0.160000	0.741358  	0.160000	0.741358  	0.160000	0.741358  	0.160000	0.759025  	0.160000	0.00141082	
0.180000	0.70242   	0.180000	0.75936   	0.180000	0.735637  	0.180000	0.735637  	0.180000	0.735637  	0.180000	0.758082  	0.180000	0.00127725	
0.200000	0.704279  	0.200000	0.755994  	0.200000	0.726066  	0.200000	0.726066  	0.200000	0.726067  	0.200000	0.754826  	0.200000	0.0011682 	
0.250000	0.689866  	0.250000	0.737254  	0.250000	0.694877  	0.250000	0.694877  	0.250000	0.694878  	0.250000	0.736288  	0.250000	0.000966188	
0.300000	0.687613  	0.300000	0.72355   	0.300000	0.666667  	0.300000	0.666667  	0.300000	0.666667  	0.300000	0.722724  	0.300000	0.000826693	
0.350000	0.67962   	0.350000	0.702693  	0.350000	0.640354  	0.350000	0.640354  	0.350000	0.640355  	0.350000	0.701969  	0.350000	0.000724201	
0.400000	0.668147  	0.400000	0.680059  	0.400000	0.615302  	0.400000	0.615302  	0.400000	0.615303  	0.400000	0.679413  	0.400000	0.000645506	
0.450000	0.653046  	0.450000	0.656075  	0.450000	0.591578  	0.450000	0.591578  	0.450000	0.591579  	0.450000	0.655492  	0.450000	0.000583058	
0.500000	0.638365  	0.500000	0.634736  	0.500000	0.570217  	0.500000	0.570217  	0.500000	0.570218  	0.500000	0.634204  	0.500000	0.00053222	
0.600000	0.585844  	0.600000	0.594275  	0.600000	0.533211  	0.600000	0.533211  	0.600000	0.533212  	0.600000	0.59382   	0.600000	0.000454285	
0.700000	0.533262  	0.700000	0.555954  	0.700000	0.501954  	0.700000	0.501954  	0.700000	0.501954  	0.700000	0.555556  	0.700000	0.000397191	
0.800000	0.510025  	0.800000	0.52814   	0.800000	0.474879  	0.800000	0.474879  	0.800000	0.474879  	0.800000	0.527786  	0.800000	0.000353457	
0.900000	0.485269  	0.900000	0.500268  	0.900000	0.450975  	0.900000	0.450975  	0.900000	0.450975  	0.900000	0.499949  	0.900000	0.000318821	
1.000000	0.460698  	1.000000	0.473489  	1.000000	0.428487  	1.000000	0.428487  	1.000000	0.428487  	1.000000	0.473198  	1.000000	0.000290673	
1.250000	0.404342  	1.250000	0.414921  	1.250000	0.382198  	1.250000	0.382198  	1.250000	0.382199  	1.250000	0.414682  	1.250000	0.000238864	
1.500000	0.351059  	1.500000	0.360219  	1.500000	0.345548  	1.500000	0.345548  	1.500000	0.345548  	1.500000	0.360015  	1.500000	0.000203361	
1.750000	0.312007  	1.750000	0.320713  	1.750000	0.315289  	1.750000	0.315289  	1.750000	0.31529   	1.750000	0.320536  	1.750000	0.000177431	
2.000000	0.281811  	2.000000	0.290448  	2.000000	0.289762  	2.000000	0.289762  	2.000000	0.289762  	2.000000	0.29029   	2.000000	0.000157618	
2.250000	0.257971  	2.250000	0.266267  	2.250000	0.267849  	2.250000	0.267849  	2.250000	0.267849  	2.250000	0.266125  	2.250000	0.00014196	
2.500000	0.230236  	2.500000	0.24634   	2.500000	0.248875  	2.500000	0.248875  	2.500000	0.248875  	2.500000	0.246211  	2.500000	0.000129257	
3.000000	0.2023    	3.000000	0.215084  	3.000000	0.217788  	3.000000	0.217788  	3.000000	0.217788  	3.000000	0.214974  	3.000000	0.000109868	
3.500000	0.180773  	3.500000	0.191401  	3.500000	0.193527  	3.500000	0.193527  	3.500000	0.193527  	3.500000	0.191305  	3.500000	9.57334e-05	
4.000000	0.163646  	4.000000	0.17269   	4.000000	0.174163  	4.000000	0.174163  	4.000000	0.174163  	4.000000	0.172605  	4.000000	8.49497e-05	
4.500000	0.149678  	4.500000	0.157482  	4.500000	0.158401  	4.500000	0.158401  	4.500000	0.158401  	4.500000	0.157405  	4.500000	7.64384e-05	
5.000000	0.138056  	5.000000	0.144859  	5.000000	0.145345  	5.000000	0.145345  	5.000000	0.145345  	5.000000	0.144789  	5.000000	6.95413e-05	
5.500000	0.128224  	5.500000	0.134207  	5.500000	0.134365  	5.500000	0.134365  	5.500000	0.134365  	5.500000	0.134143  	5.500000	6.38334e-05	
6.000000	0.119793  	6.000000	0.125094  	6.000000	0.125007  	6.000000	0.125007  	6.000000	0.125007  	6.000000	0.125035  	6.000000	5.90279e-05	
6.500000	0.112479  	6.500000	0.117205  	6.500000	0.116936  	6.500000	0.116936  	6.500000	0.116936  	6.500000	0.11715   	6.500000	5.49236e-05	
7.000000	0.106069  	7.000000	0.110308  	7.000000	0.109903  	7.000000	0.109903  	7.000000	0.109903  	7.000000	0.110257  	7.000000	5.13757e-05	
7.500000	0.100404  	7.500000	0.104224  	7.500000	0.103718  	7.500000	0.103718  	7.500000	0.103719  	7.500000	0.104176  	7.500000	4.82766e-05	
8.000000	0.0953575 	8.000000	0.098815  	8.000000	0.0982352 	8.000000	0.0982352 	8.000000	0.0982353 	8.000000	0.0987695 	8.000000	4.55452e-05	
8.500000	0.0908327 	8.500000	0.0939731 	8.500000	0.0933387 	8.500000	0.0933387 	8.500000	0.0933388 	8.500000	0.09393   	8.500000	4.31188e-05	
9.000000	0.0867512 	9.000000	0.0896119 	9.000000	0.0889378 	9.000000	0.0889378 	9.000000	0.0889378 	9.000000	0.089571  	9.000000	4.09484e-05	
9.500000	0.0830497 	9.500000	0.085662  	9.500000	0.0849594 	9.500000	0.0849594 	9.500000	0.0849594 	9.500000	0.085623  	9.500000	3.89949e-05	
10.000000	0.0796766 	10.000000	0.0809982 	10.000000	0.0813441 	10.000000	0.0813441 	10.000000	0.0813441 	10.000000	0.080961  	10.000000	3.72269e-05	
11.000000	0.0737525 	11.000000	0.0750666 	11.000000	0.0749565 	11.000000	0.0749683 	11.000000	0.074957  	11.000000	0.0750325 	11.000000	3.41497e-05	
12.000000	0.0687152 	12.000000	0.0700025 	12.000000	0.0695738 	12.000000	0.0695932 	12.000000	0.0695747 	12.000000	0.069971  	12.000000	3.15608e-05	
13.000000	0.0643764 	13.000000	0.0656265 	13.000000	0.0649756 	13.000000	0.0649994 	13.000000	0.0649767 	13.000000	0.0655971 	13.000000	2.93513e-05	
14.000000	0.0605981 	14.000000	0.0618055 	14.000000	0.0610023 	14.000000	0.0610279 	14.000000	0.0610029 	14.000000	0.061778  	14.000000	2.74423e-05	
15.000000	0.0572765 	15.000000	0.0584388 	15.000000	0.0575347 	15.000000	0.0575603 	15.000000	0.0575344 	15.000000	0.058413  	15.000000	2.57758e-05	
16.000000	0.0543323 	16.000000	0.0554489 	16.000000	0.0544818 	16.000000	0.054507  	16.000000	0.0544811 	16.000000	0.0554246 	16.000000	2.43078e-05	
17.000000	0.0517035 	17.000000	0.052775  	17.000000	0.0517738 	17.000000	0.0517984 	17.000000	0.0517733 	17.000000	0.052752  	17.000000	2.30043e-05	
18.000000	0.0493412 	18.000000	0.0503688 	18.000000	0.049357  	18.000000	0.04938   	18.000000	0.049356  	18.000000	0.0503469 	18.000000	2.18388e-05	
19.000000	0.0472062 	19.000000	0.0481914 	19.000000	0.0471873 	19.000000	0.0472083 	19.000000	0.0471859 	19.000000	0.0481706 	19.000000	2.07902e-05	
20.000000	0.0452666 	20.000000	0.0462112 	20.000000	0.045228  	20.000000	0.0452482 	20.000000	0.0452277 	20.000000	0.0461913 	20.000000	1.98416e-05	
21.000000	0.0434963 	21.000000	0.0444021 	21.000000	0.0434515 	21.000000	0.043471  	21.000000	0.0434524 	21.000000	0.0443832 	21.000000	1.89791e-05	
22.000000	0.0418736 	22.000000	0.0427427 	22.000000	0.0418359 	22.000000	0.0418531 	22.000000	0.0418365 	22.000000	0.0427245 	22.000000	1.81914e-05	
23.000000	0.0403806 	23.000000	0.0412147 	23.000000	0.0403609 	23.000000	0.0403746 	23.000000	0.0403602 	23.000000	0.0411973 	23.000000	1.74689e-05	
24.000000	0.039002  	24.000000	0.039803  	24.000000	0.039008  	24.000000	0.0390191 	24.000000	0.0390069 	24.000000	0.0397862 	24.000000	1.68039e-05	
25.000000	0.0377248 	25.000000	0.0384945 	25.000000	0.0377629 	25.000000	0.0377726 	25.000000	0.0377626 	25.000000	0.0384783 	25.000000	1.61896e-05	
27.000000	0.0354326 	27.000000	0.0361444 	27.000000	0.0355536 	27.000000	0.0355603 	27.000000	0.0355547 	27.000000	0.0361293 	27.000000	1.50914e-05	
29.000000	0.0334328 	29.000000	0.0340928 	29.000000	0.033658  	29.000000	0.0336609 	29.000000	0.0336597 	29.000000	0.0340787 	29.000000	1.41379e-05	
31.000000	0.031672  	31.000000	0.0322855 	31.000000	0.0319513 	31.000000	0.0319504 	31.000000	0.0319533 	31.000000	0.0322722 	31.000000	1.3302e-05	
33.000000	0.0301089 	33.000000	0.0306806 	33.000000	0.0303793 	33.000000	0.0303751 	33.000000	0.0303813 	33.000000	0.0306681 	33.000000	1.2563e-05	
35.000000	0.0287115 	35.000000	0.0292456 	35.000000	0.0289727 	35.000000	0.0289657 	35.000000	0.0289745 	35.000000	0.0292337 	35.000000	1.19047e-05	
38.000000	0.0268717 	38.000000	0.0273562 	38.000000	0.0271192 	38.000000	0.0271085 	38.000000	0.0271205 	38.000000	0.0273452 	38.000000	1.10415e-05	
41.000000	0.0252824 	41.000000	0.0257243 	41.000000	0.0255165 	41.000000	0.0255029 	41.000000	0.0255172 	41.000000	0.025714  	41.000000	1.02993e-05	
44.000000	0.0238948 	44.000000	0.0242998 	44.000000	0.0241161 	44.000000	0.0241002 	44.000000	0.0241162 	44.000000	0.0242902 	44.000000	9.65393e-06	
47.000000	0.0226722 	47.000000	0.0230453 	47.000000	0.022882  	47.000000	0.0228636 	47.000000	0.0228809 	47.000000	0.0230362 	47.000000	9.08745e-06	
50.000000	0.0215861 	50.000000	0.0219315 	50.000000	0.021783  	50.000000	0.0217648 	50.000000	0.0217831 	50.000000	0.0219229 	50.000000	8.58605e-06	
55.000000	0.0200218 	55.000000	0.0203285 	55.000000	0.0202008 	55.000000	0.0201817 	55.000000	0.0202011 	55.000000	0.0203206 	55.000000	7.86691e-06	
60.000000	0.0187009 	60.000000	0.0189768 	60.000000	0.0188654 	60.000000	0.0188449 	60.000000	0.018865  	60.000000	0.0189695 	60.000000	7.26273e-06	
65.000000	0.0175698 	65.000000	0.0178208 	65.000000	0.0177203 	65.000000	0.0177003 	65.000000	0.0177209 	65.000000	0.0178141 	65.000000	6.74769e-06	
70.000000	0.0165895 	70.000000	0.0168206 	70.000000	0.0167308 	70.000000	0.0167088 	70.000000	0.0167297 	70.000000	0.0168143 	70.000000	6.30323e-06	
75.000000	0.0157312 	75.000000	0.0159462 	75.000000	0.0158621 	75.000000	0.0158413 	75.000000	0.0158622 	75.000000	0.0159403 	75.000000	5.91562e-06	
80.000000	0.014973  	80.000000	0.0151752 	80.000000	0.0150972 	80.000000	0.0150755 	80.000000	0.0150965 	80.000000	0.0151696 	80.000000	5.57448e-06	
85.000000	0.014298  	85.000000	0.01449   	85.000000	0.014415  	85.000000	0.0143943 	85.000000	0.0144153 	85.000000	0.0144847 	85.000000	5.27184e-06	
90.000000	0.0136929 	90.000000	0.0138769 	90.000000	0.0138059 	90.000000	0.0137844 	90.000000	0.0138053 	90.000000	0.0138719 	90.000000	5.00147e-06	
95.000000	0.0131472 	95.000000	0.0133249 	95.000000	0.0132554 	95.000000	0.013235  	95.000000	0.0132557 	95.000000	0.0133202 	95.000000	4.7584e-06	
100.000000	0.0126523 	100.000000	0.0128254 	100.000000	0.0127585 	100.000000	0.0127374 	100.000000	0.012758  	100.000000	0.0128208 	100.000000	4.53866e-06	
105.000000	0.0122013 	105.000000	0.012371  	105.000000	0.0123048 	105.000000	0.0122845 	105.000000	0.012305  	105.000000	0.0123667 	105.000000	4.339e-06 	
110.000000	0.0117885 	110.000000	0.0119559 	110.000000	0.0118913 	110.000000	0.0118706 	110.000000	0.0118909 	110.000000	0.0119518 	110.000000	4.15676e-06	
115.000000	0.0114091 	115.000000	0.0115752 	115.000000	0.011511  	115.000000	0.0114908 	115.000000	0.0115109 	115.000000	0.0115712 	115.000000	3.98973e-06	
120.000000	0.0110591 	120.000000	0.0112246 	120.000000	0.011161  	120.000000	0.0111409 	120.000000	0.0111609 	120.000000	0.0112208 	120.000000	3.83605e-06	
125.000000	0.0107351 	125.000000	0.0109008 	125.000000	0.010838  	125.000000	0.0108177 	125.000000	0.0108374 	125.000000	0.0108971 	125.000000	3.69419e-06	
130.000000	0.0104343 	130.000000	0.0106008 	130.000000	0.0105376 	130.000000	0.010518  	130.000000	0.0105376 	130.000000	0.0105972 	130.000000	3.56279e-06	
135.000000	0.0101541 	135.000000	0.0103219 	135.000000	0.0102583 	135.000000	0.0102395 	135.000000	0.0102589 	135.000000	0.0103185 	135.000000	3.44074e-06	
140.000000	0.0098926 	140.000000	0.0100621 	140.000000	0.0099989 	140.000000	0.00997991	140.000000	0.00999913	140.000000	0.0100588 	140.000000	3.32707e-06	
145.000000	0.00964781	145.000000	0.00981948	145.000000	0.00975657	145.000000	0.0097374 	145.000000	0.00975645	145.000000	0.00981626	145.000000	3.22092e-06	
150.000000	0.00941816	150.000000	0.0095923 	150.000000	0.00952889	150.000000	0.00951033	150.000000	0.00952921	150.000000	0.00958918	150.000000	3.12156e-06	
155.000000	0.00909482	155.000000	0.00937916	155.000000	0.00931594	155.000000	0.00929727	155.000000	0.00931599	155.000000	0.00937613	155.000000	3.02836e-06	
160.000000	0.0089053 	160.000000	0.00917879	160.000000	0.00911579	160.000000	0.00909695	160.000000	0.00911551	160.000000	0.00917585	160.000000	2.94076e-06	
165.000000	0.00872657	165.000000	0.00899007	165.000000	0.00892657	165.000000	0.00890826	165.000000	0.00892667	165.000000	0.00898721	165.000000	2.85825e-06	
170.000000	0.00855774	170.000000	0.00881201	170.000000	0.00874849	170.000000	0.00873023	170.000000	0.00874848	170.000000	0.00880923	170.000000	2.78041e-06	
175.000000	0.008398  	175.000000	0.00864373	175.000000	0.00858051	175.000000	0.00856196	175.000000	0.00858008	175.000000	0.00864103	175.000000	2.70684e-06	
180.000000	0.0082466 	180.000000	0.00848445	180.000000	0.00842099	180.000000	0.00840269	180.000000	0.00842067	180.000000	0.00848181	180.000000	2.63719e-06	
185.000000	0.00810292	185.000000	0.00833345	185.000000	0.00826946	185.000000	0.00825171	185.000000	0.00826954	185.000000	0.00833088	185.000000	2.57117e-06	
190.000000	0.00796637	190.000000	0.00819011	190.000000	0.0081257 	190.000000	0.00810839	190.000000	0.00812609	190.000000	0.00818761	190.000000	2.50848e-06	
195.000000	0.00783642	195.000000	0.00805386	195.000000	0.00798948	195.000000	0.00797217	195.000000	0.00798974	195.000000	0.00805142	195.000000	2.44888e-06	
200.000000	0.0077126 	200.000000	0.00792419	200.000000	0.00786008	200.000000	0.00784253	200.000000	0.00785997	200.000000	0.0079218 	200.000000	2.39214e-06	
210.000000	0.00748169	210.000000	0.00768276	210.000000	0.00761823	210.000000	0.00760118	210.000000	0.00761839	210.000000	0.00768047	210.000000	2.28646e-06	
220.000000	0.00727064	220.000000	0.00746258	220.000000	0.00739835	220.000000	0.00738114	220.000000	0.00739811	220.000000	0.00746039	220.000000	2.19003e-06	
230.000000	0.00707698	230.000000	0.00726098	230.000000	0.00719663	230.000000	0.00717971	230.000000	0.00719647	230.000000	0.00725888	230.000000	2.10166e-06	
240.000000	0.00689864	240.000000	0.00707571	240.000000	0.00701089	240.000000	0.00699466	240.000000	0.00701121	240.000000	0.00707369	240.000000	2.02037e-06	
250.000000	0.00673385	250.000000	0.00690487	250.000000	0.00684041	250.000000	0.00682409	250.000000	0.00684045	250.000000	0.00690293	250.000000	1.94534e-06	
260.000000	0.00658113	260.000000	0.00674686	260.000000	0.00668263	260.000000	0.00666638	260.000000	0.00668255	260.000000	0.00674498	260.000000	1.87587e-06	
270.000000	0.00643918	270.000000	0.00660028	270.000000	0.00653604	270.000000	0.00652015	270.000000	0.00653615	270.000000	0.00659847	270.000000	1.81135e-06	
280.000000	0.00630692	280.000000	0.00646397	280.000000	0.00640034	280.000000	0.00638421	280.000000	0.00640004	280.000000	0.00646222	280.000000	1.75126e-06	
290.000000	0.00618338	290.000000	0.00633688	290.000000	0.00627339	290.000000	0.00625753	290.000000	0.00627321	290.000000	0.00633518	290.000000	1.69516e-06	
300.000000	0.00606773	300.000000	0.00621812	300.000000	0.00615457	300.000000	0.00613921	300.000000	0.00615473	300.000000	0.00621648	300.000000	1.64266e-06	
310.000000	0.00595924	310.000000	0.00610692	310.000000	0.00604365	310.000000	0.00602847	310.000000	0.00604385	310.000000	0.00610533	310.000000	1.59342e-06	
320.000000	0.00585727	320.000000	0.00600258	320.000000	0.00593998	320.000000	0.00592462	320.000000	0.00593987	320.000000	0.00600103	320.000000	1.54714e-06	
330.000000	0.00576126	330.000000	0.00590451	330.000000	0.00584232	330.000000	0.00582704	330.000000	0.00584216	330.000000	0.005903  	330.000000	1.50356e-06	
340.000000	0.00567071	340.000000	0.00581216	340.000000	0.00575011	340.000000	0.00573522	340.000000	0.00575021	340.000000	0.00581069	340.000000	1.46245e-06	
350.000000	0.00558516	350.000000	0.00572506	350.000000	0.00566321	350.000000	0.00564865	350.000000	0.00566353	350.000000	0.00572363	350.000000	1.4236e-06	
360.000000	0.00550423	360.000000	0.00564278	360.000000	0.00558148	360.000000	0.00556692	360.000000	0.00558168	360.000000	0.00564139	360.000000	1.38683e-06	
370.000000	0.00542755	370.000000	0.00556495	370.000000	0.00550436	370.000000	0.00548964	370.000000	0.0055043 	370.000000	0.0055636 	370.000000	1.35197e-06	
380.000000	0.00535481	380.000000	0.00549123	380.000000	0.00543104	380.000000	0.00541648	380.000000	0.00543103	380.000000	0.00548991	380.000000	1.31888e-06	
390.000000	0.00528572	390.000000	0.00542131	390.000000	0.00536143	390.000000	0.00534712	390.000000	0.00536157	390.000000	0.00542002	390.000000	1.28742e-06	
400.000000	0.00522001	400.000000	0.00535491	400.000000	0.00529564	400.000000	0.00528128	400.000000	0.00529564	400.000000	0.00535365	400.000000	1.25748e-06	
410.000000	0.00515746	410.000000	0.00529178	410.000000	0.0052332 	410.000000	0.00521872	410.000000	0.00523298	410.000000	0.00529055	410.000000	1.22894e-06	
420.000000	0.00509784	420.000000	0.00523169	420.000000	0.00517358	420.000000	0.0051592 	420.000000	0.00517337	420.000000	0.00523049	420.000000	1.20172e-06	
430.000000	0.00504097	430.000000	0.00517445	430.000000	0.00511665	430.000000	0.00510252	430.000000	0.00511661	430.000000	0.00517328	430.000000	1.17571e-06	
440.000000	0.00498666	440.000000	0.00511986	440.000000	0.00506199	440.000000	0.00504812	440.000000	0.00506213	440.000000	0.00511871	440.000000	1.15084e-06	
450.000000	0.00493475	450.000000	0.00506775	450.000000	0.00500971	450.000000	0.00499598	450.000000	0.00500991	450.000000	0.00506662	450.000000	1.12703e-06	
460.000000	0.0048851 	460.000000	0.00501796	460.000000	0.00495994	460.000000	0.00494619	460.000000	0.00496005	460.000000	0.00501685	460.000000	1.10423e-06	
470.000000	0.00483756	470.000000	0.00497035	470.000000	0.00491246	470.000000	0.0048986 	470.000000	0.00491239	470.000000	0.00496927	470.000000	1.08235e-06	
480.000000	0.00479201	480.000000	0.00492478	480.000000	0.00486695	480.000000	0.00485307	480.000000	0.00486678	480.000000	0.00492372	480.000000	1.06136e-06	
490.000000	0.00474834	490.000000	0.00488115	490.000000	0.00482323	490.000000	0.00480948	490.000000	0.00482312	490.000000	0.0048801 	490.000000	1.04119e-06	
500.000000	0.00470643	500.000000	0.00483932	500.000000	0.00478127	500.000000	0.00476771	500.000000	0.00478129	500.000000	0.0048383 	500.000000	1.0218e-06	
520.000000	0.00462754	520.000000	0.0047607 	520.000000	0.00470245	520.000000	0.00468923	520.000000	0.00470269	520.000000	0.00475971	520.000000	9.85171e-07	
540.000000	0.00455463	540.000000	0.00468818	540.000000	0.00463013	540.000000	0.00461688	540.000000	0.00463022	540.000000	0.00468723	540.000000	9.5116e-07	
560.000000	0.00448708	560.000000	0.00462113	560.000000	0.00456333	560.000000	0.00455002	560.000000	0.00456325	560.000000	0.00462021	560.000000	9.19491e-07	
580.000000	0.00442438	580.000000	0.00455899	580.000000	0.00450113	580.000000	0.00448807	580.000000	0.0045012 	580.000000	0.0045581 	580.000000	8.89929e-07	
600.000000	0.00436606	600.000000	0.00450129	600.000000	0.00444359	600.000000	0.00443057	600.000000	0.0044436 	600.000000	0.00450043	600.000000	8.62267e-07	
620.000000	0.00431173	620.000000	0.00444762	620.000000	0.00439021	620.000000	0.00437707	620.000000	0.00439   	620.000000	0.00444678	620.000000	8.36326e-07	
640.000000	0.00426101	640.000000	0.00439759	640.000000	0.00434023	640.000000	0.0043272 	640.000000	0.00434006	640.000000	0.00439678	640.000000	8.11949e-07	
660.000000	0.00421362	660.000000	0.0043509 	660.000000	0.00429343	660.000000	0.00428065	660.000000	0.00429342	660.000000	0.00435011	660.000000	7.88996e-07	
680.000000	0.00416925	680.000000	0.00430725	680.000000	0.00424969	680.000000	0.00423711	680.000000	0.0042498 	680.000000	0.00430648	680.000000	7.67346e-07	
700.000000	0.00412768	700.000000	0.00426638	700.000000	0.00420885	700.000000	0.00419633	700.000000	0.00420895	700.000000	0.00426564	700.000000	7.46889e-07	
720.000000	0.00408868	720.000000	0.00422808	720.000000	0.00417068	720.000000	0.00415808	720.000000	0.00417063	720.000000	0.00422735	720.000000	7.27529e-07	
740.000000	0.00405205	740.000000	0.00419214	740.000000	0.0041348 	740.000000	0.00412216	740.000000	0.00413464	740.000000	0.00419143	740.000000	7.09178e-07	
760.000000	0.00401761	760.000000	0.00415838	760.000000	0.00410093	760.000000	0.00408837	760.000000	0.00410079	760.000000	0.00415769	760.000000	6.91759e-07	
780.000000	0.00398522	780.000000	0.00412663	780.000000	0.00406895	780.000000	0.00405656	780.000000	0.00406892	780.000000	0.00412595	780.000000	6.75202e-07	
800.000000	0.00395471	800.000000	0.00409675	800.000000	0.00403879	800.000000	0.00402657	800.000000	0.00403887	800.000000	0.00409609	800.000000	6.59443e-07	
820.000000	0.00392596	820.000000	0.0040686 	820.000000	0.00401037	820.000000	0.00399827	820.000000	0.00401052	820.000000	0.00406795	820.000000	6.44426e-07	
840.000000	0.00389885	840.000000	0.00404206	840.000000	0.0039836 	840.000000	0.00397154	840.000000	0.00398374	840.000000	0.00404143	840.000000	6.30099e-07	
860.000000	0.00387328	860.000000	0.00401703	860.000000	0.00395837	860.000000	0.00394626	860.000000	0.00395841	860.000000	0.00401641	860.000000	6.16416e-07	
880.000000	0.00384915	880.000000	0.0039934 	880.000000	0.00393451	880.000000	0.00392234	880.000000	0.00393445	880.000000	0.0039928 	880.000000	6.03332e-07	
900.000000	0.00382635	900.000000	0.00397108	900.000000	0.00391187	900.000000	0.00389969	900.000000	0.00391175	900.000000	0.00397049	900.000000	5.90809e-07	
920.000000	0.00380482	920.000000	0.00394999	920.000000	0.00389033	920.000000	0.00387821	920.000000	0.00389022	920.000000	0.00394941	920.000000	5.78812e-07	
940.000000	0.00378448	940.000000	0.00393005	940.000000	0.00386985	940.000000	0.00385783	940.000000	0.00386981	940.000000	0.00392949	940.000000	5.67308e-07	
960.000000	0.00376525	960.000000	0.00391119	960.000000	0.00385038	960.000000	0.00383849	960.000000	0.00385043	960.000000	0.00391064	960.000000	5.56266e-07	
980.000000	0.00374708	980.000000	0.00389335	980.000000	0.00383189	980.000000	0.00382012	980.000000	0.00383201	980.000000	0.00389281	980.000000	5.45659e-07	
1000.000000	0.00372989	1000.000000	0.00387647	1000.000000	0.00381434	1000.000000	0.00380265	1000.000000	0.00381451	1000.000000	0.00387593	1000.000000	5.35462e-07	
1020.000000	0.00371365	1020.000000	0.00386048	1020.000000	0.00379767	1020.000000	0.00378603	1020.000000	0.00379785	1020.000000	0.00385996	1020.000000	5.25651e-07	
1040.000000	0.00369829	1040.000000	0.00384535	1040.000000	0.00378186	1040.000000	0.00377022	1040.000000	0.00378201	1040.000000	0.00384483	1040.000000	5.16204e-07	
1060.000000	0.00368377	1060.000000	0.00383102	1060.000000	0.00376684	1060.000000	0.00375515	1060.000000	0.00376691	1060.000000	0.00383051	1060.000000	5.07101e-07	
1080.000000	0.00367005	1080.000000	0.00381745	1080.000000	0.00375254	1080.000000	0.0037408 	1080.000000	0.00375253	1080.000000	0.00381695	1080.000000	4.98323e-07	
1100.000000	0.00365708	1100.000000	0.00380459	1100.000000	0.00373888	1100.000000	0.00372712	1100.000000	0.00373882	1100.000000	0.0038041 	1100.000000	4.89854e-07	
1120.000000	0.00364483	1120.000000	0.00379242	1120.000000	0.00372582	1120.000000	0.00371408	1120.000000	0.00372574	1120.000000	0.00379194	1120.000000	4.81677e-07	
1140.000000	0.00363326	1140.000000	0.0037809 	1140.000000	0.00371331	1140.000000	0.00370163	1140.000000	0.00371326	1140.000000	0.00378042	1140.000000	4.73777e-07	
1160.000000	0.00362235	1160.000000	0.00376999	1160.000000	0.00370135	1160.000000	0.00368974	1160.000000	0.00370135	1160.000000	0.00376952	1160.000000	4.66139e-07	
1180.000000	0.00361204	1180.000000	0.00375966	1180.000000	0.00368994	1180.000000	0.00367839	1180.000000	0.00368998	1180.000000	0.0037592 	1180.000000	4.58752e-07	
1200.000000	0.00360233	1200.000000	0.00374988	1200.000000	0.00367905	1200.000000	0.00366755	1200.000000	0.00367911	1200.000000	0.00374943	1200.000000	4.51602e-07	
1220.000000	0.00359318	1220.000000	0.00374063	1220.000000	0.00366868	1220.000000	0.00365719	1220.000000	0.00366872	1220.000000	0.00374019	1220.000000	4.44679e-07	
1240.000000	0.00358457	1240.000000	0.00373189	1240.000000	0.00365879	1240.000000	0.00364728	1240.000000	0.00365879	1240.000000	0.00373145	1240.000000	4.37972e-07	
1260.000000	0.00357647	1260.000000	0.00372362	1260.000000	0.00364935	1260.000000	0.00363781	1260.000000	0.0036493 	1260.000000	0.00372319	1260.000000	4.3147e-07	
1280.000000	0.00356886	1280.000000	0.00371581	1280.000000	0.00364033	1280.000000	0.00362875	1280.000000	0.00364021	1280.000000	0.00371539	1280.000000	4.25164e-07	
1300.000000	0.00356172	1300.000000	0.00370844	1300.000000	0.00363168	1300.000000	0.00362008	1300.000000	0.00363152	1300.000000	0.00370802	1300.000000	4.19046e-07	
1320.000000	0.00355503	1320.000000	0.00370148	1320.000000	0.00362339	1320.000000	0.00361178	1320.000000	0.0036232 	1320.000000	0.00370107	1320.000000	4.13106e-07	
1340.000000	0.00354877	1340.000000	0.00369492	1340.000000	0.00361543	1340.000000	0.00360383	1340.000000	0.00361524	1340.000000	0.00369452	1340.000000	4.07338e-07	
1360.000000	0.00354293	1360.000000	0.00368875	1360.000000	0.00360779	1360.000000	0.00359623	1360.000000	0.00360761	1360.000000	0.00368834	1360.000000	4.01734e-07	
1380.000000	0.00353748	1380.000000	0.00368293	1380.000000	0.00360047	1380.000000	0.00358894	1380.000000	0.00360031	1380.000000	0.00368254	1380.000000	3.96287e-07	
1400.000000	0.00353241	1400.000000	0.00367747	1400.000000	0.00359344	1400.000000	0.00358196	1400.000000	0.00359331	1400.000000	0.00367708	1400.000000	3.9099e-07	
1420.000000	0.0035277 	1420.000000	0.00367234	1420.000000	0.0035867 	1420.000000	0.00357528	1420.000000	0.0035866 	1420.000000	0.00367195	1420.000000	3.85837e-07	
1440.000000	0.00352335	1440.000000	0.00366753	1440.000000	0.00358024	1440.000000	0.00356887	1440.000000	0.00358018	1440.000000	0.00366715	1440.000000	3.80822e-07	
1460.000000	0.00351934	1460.000000	0.00366303	1460.000000	0.00357405	1460.000000	0.00356273	1460.000000	0.00357402	1460.000000	0.00366266	1460.000000	3.7594e-07	
1480.000000	0.00351565	1480.000000	0.00365883	1480.000000	0.00356812	1480.000000	0.00355685	1480.000000	0.00356812	1480.000000	0.00365846	1480.000000	3.71186e-07	
1500.000000	0.00351228	1500.000000	0.00365491	1500.000000	0.00356243	1500.000000	0.0035512 	1500.000000	0.00356246	1500.000000	0.00365454	1500.000000	3.66554e-07	
1520.000000	0.00350921	1520.000000	0.00365126	1520.000000	0.00355699	1520.000000	0.0035458 	1520.000000	0.00355704	1520.000000	0.0036509 	1520.000000	3.62039e-07	
1540.000000	0.00350643	1540.000000	0.00364787	1540.000000	0.00355177	1540.000000	0.00354061	1540.000000	0.00355184	1540.000000	0.00364752	1540.000000	3.57638e-07	
1560.000000	0.00350393	1560.000000	0.00364474	1560.000000	0.00354678	1560.000000	0.00353564	1560.000000	0.00354686	1560.000000	0.00364439	1560.000000	3.53346e-07	
1580.000000	0.0035017 	1580.000000	0.00364185	1580.000000	0.00354199	1580.000000	0.00353087	1580.000000	0.00354208	1580.000000	0.0036415 	1580.000000	3.49159e-07	
1600.000000	0.00349974	1600.000000	0.0036392 	1600.000000	0.00353742	1600.000000	0.0035263 	1600.000000	0.00353749	1600.000000	0.00363885	1600.000000	3.45073e-07	
1620.000000	0.00349802	1620.000000	0.00363677	1620.000000	0.00353304	1620.000000	0.00352192	1620.000000	0.00353309	1620.000000	0.00363642	1620.000000	3.41085e-07	
1640.000000	0.00349656	1640.000000	0.00363455	1640.000000	0.00352885	1640.000000	0.00351772	1640.000000	0.00352888	1640.000000	0.00363422	1640.000000	3.37191e-07	
1660.000000	0.00349532	1660.000000	0.00363255	1660.000000	0.00352483	1660.000000	0.00351369	1660.000000	0.00352484	1660.000000	0.00363222	1660.000000	3.33387e-07	
1680.000000	0.00349432	1680.000000	0.00363075	1680.000000	0.00352098	1680.000000	0.00350983	1680.000000	0.00352096	1680.000000	0.00363042	1680.000000	3.29671e-07	
1700.000000	0.00349354	1700.000000	0.00362914	1700.000000	0.0035173 	1700.000000	0.00350613	1700.000000	0.00351725	1700.000000	0.00362882	1700.000000	3.26039e-07	
1750.000000	0.00349251	1750.000000	0.00362594	1750.000000	0.00350873	1750.000000	0.00349753	1750.000000	0.00350862	1750.000000	0.00362562	1750.000000	3.1731e-07	
1800.000000	0.00349272	1800.000000	0.00362381	1800.000000	0.00350101	1800.000000	0.00348979	1800.000000	0.00350086	1800.000000	0.0036235 	1800.000000	3.09051e-07	
1850.000000	0.00349408	1850.000000	0.00362268	1850.000000	0.00349405	1850.000000	0.00348285	1850.000000	0.00349389	1850.000000	0.00362238	1850.000000	3.01223e-07	
1900.000000	0.0034965 	1900.000000	0.00362246	1900.000000	0.00348778	1900.000000	0.00347662	1900.000000	0.00348764	1900.000000	0.00362217	1900.000000	2.93793e-07	
1950.000000	0.00349992	1950.000000	0.00362309	1950.000000	0.00348216	1950.000000	0.00347105	1950.000000	0.00348204	1950.000000	0.0036228 	1950.000000	2.86732e-07	
2000.000000	0.00350426	2000.000000	0.0036245 	2000.000000	0.00347712	2000.000000	0.00346607	2000.000000	0.00347704	2000.000000	0.00362422	2000.000000	2.80013e-07	
2100.000000	0.00351548	2100.000000	0.00362945	2100.000000	0.00346863	2100.000000	0.0034577 	2100.000000	0.00346863	2100.000000	0.00362918	2100.000000	2.67502e-07	
2200.000000	0.00352975	2200.000000	0.00363691	2200.000000	0.003462  	2200.000000	0.00345116	2200.000000	0.00346206	2200.000000	0.00363665	2200.000000	2.56092e-07	
2300.000000	0.0035467 	2300.000000	0.00364655	2300.000000	0.00345694	2300.000000	0.00344617	2300.000000	0.00345703	2300.000000	0.00364631	2300.000000	2.45643e-07	
2400.000000	0.00356606	2400.000000	0.00365811	2400.000000	0.00345324	2400.000000	0.00344248	2400.000000	0.00345331	2400.000000	0.00365787	2400.000000	2.36036e-07	
2500.000000	0.00358756	2500.000000	0.00367134	2500.000000	0.00345068	2500.000000	0.00343991	2500.000000	0.00345071	2500.000000	0.00367112	2500.000000	2.27173e-07	
2600.000000	0.00361101	2600.000000	0.00368606	2600.000000	0.00344909	2600.000000	0.00343829	2600.000000	0.00344907	2600.000000	0.00368584	2600.000000	2.1897e-07	
2700.000000	0.00363621	2700.000000	0.0037021 	2700.000000	0.00344832	2700.000000	0.00343748	2700.000000	0.00344824	2700.000000	0.00370189	2700.000000	2.11355e-07	
2800.000000	0.00366301	2800.000000	0.00371931	2800.000000	0.00344823	2800.000000	0.00343738	2800.000000	0.00344811	2800.000000	0.00371911	2800.000000	2.04267e-07	
2900.000000	0.00369127	2900.000000	0.00373757	2900.000000	0.00344873	2900.000000	0.00343787	2900.000000	0.00344859	2900.000000	0.00373738	2900.000000	1.97652e-07	
3000.000000	0.00372087	3000.000000	0.00375678	3000.000000	0.00344973	3000.000000	0.00343889	3000.000000	0.00344958	3000.000000	0.00375659	3000.000000	1.91464e-07	
3200.000000	0.00378372	3200.000000	0.00379767	3200.000000	0.003453  	3200.000000	0.00344221	3200.000000	0.00345287	3200.000000	0.00379749	3200.000000	1.80213e-07	
3400.000000	0.00385086	3400.000000	0.00384135	3400.000000	0.00345761	3400.000000	0.00344688	3400.000000	0.00345751	3400.000000	0.00384118	3400.000000	1.70244e-07	
3600.000000	0.00392174	3600.000000	0.00388735	3600.000000	0.00346323	3600.000000	0.00345256	3600.000000	0.00346316	3600.000000	0.00388719	3600.000000	1.61348e-07	
3800.000000	0.00399594	3800.000000	0.00393529	3800.000000	0.00346962	3800.000000	0.003459  	3800.000000	0.00346958	3800.000000	0.00393514	3800.000000	1.53361e-07	
4000.000000	0.0040731 	4000.000000	0.00398486	4000.000000	0.00347659	4000.000000	0.003466  	4000.000000	0.00347656	4000.000000	0.00398472	4000.000000	1.46147e-07	
4200.000000	0.00415295	4200.000000	0.00403582	4200.000000	0.00348397	4200.000000	0.00347342	4200.000000	0.00348395	4200.000000	0.00403568	4200.000000	1.39599e-07	
4400.000000	0.00423525	4400.000000	0.00408796	4400.000000	0.00349166	4400.000000	0.00348113	4400.000000	0.00349165	4400.000000	0.00408783	4400.000000	1.33629e-07	
4600.000000	0.0043198 	4600.000000	0.00414113	4600.000000	0.00349955	4600.000000	0.00348905	4600.000000	0.00349955	4600.000000	0.004141  	4600.000000	1.28161e-07	
4800.000000	0.00440644	4800.000000	0.00419517	4800.000000	0.00350758	4800.000000	0.0034971 	4800.000000	0.00350758	4800.000000	0.00419505	4800.000000	1.23135e-07	
5000.000000	0.00449504	5000.000000	0.00424998	5000.000000	0.0035157 	5000.000000	0.00350523	5000.000000	0.0035157 	5000.000000	0.00424987	5000.000000	1.18499e-07	
5250.000000	0.00460835	5250.000000	0.00431943	5250.000000	0.00352589	5250.000000	0.00351544	5250.000000	0.00352589	5250.000000	0.00431932	5250.000000	1.13186e-07	
5500.000000	0.00472435	5500.000000	0.00438976	5500.000000	0.00353608	5500.000000	0.00352565	5500.000000	0.00353608	5500.000000	0.00438965	5500.000000	1.08341e-07	
6000.000000	0.00496375	6000.000000	0.00453258	6000.000000	0.00355625	6000.000000	0.00354585	6000.000000	0.00355624	6000.000000	0.00453248	6000.000000	9.98261e-08	
6500.000000	0.00521225	6500.000000	0.00467763	6500.000000	0.00357595	6500.000000	0.00356558	6500.000000	0.00357594	6500.000000	0.00467754	6500.000000	9.25835e-08	
7000.000000	0.00546912	7000.000000	0.00482435	7000.000000	0.00359506	7000.000000	0.0035847 	7000.000000	0.00359503	7000.000000	0.00482426	7000.000000	8.63456e-08	
7500.000000	0.00573383	7500.000000	0.00497232	7500.000000	0.00361349	7500.000000	0.00360316	7500.000000	0.00361346	7500.000000	0.00497224	7500.000000	8.09152e-08	
8000.000000	0.00600598	8000.000000	0.00512125	8000.000000	0.00363127	8000.000000	0.00362092	8000.000000	0.00363119	8000.000000	0.00512117	8000.000000	7.61439e-08	
8500.000000	0.00628526	8500.000000	0.00527089	8500.000000	0.0036483 	8500.000000	0.003638  	8500.000000	0.00364824	8500.000000	0.00527082	8500.000000	7.19176e-08	
9000.000000	0.00657142	9000.000000	0.00542108	9000.000000	0.0036646 	9000.000000	0.00365442	9000.000000	0.00366462	9000.000000	0.00542101	9000.000000	6.81472e-08	
9500.000000	0.00686428	9500.000000	0.00557168	9500.000000	0.0036803 	9500.000000	0.00367018	9500.000000	0.00368036	9500.000000	0.00557162	9500.000000	6.47622e-08	
10000.000000	0.00716369	10000.000000	0.00572259	10000.000000	0.00369544	10000.000000	0.00368534	10000.000000	0.00369548	10000.000000	0.00572253	10000.000000	6.17058e-08	
11000.000000	0.00778168	11000.000000	0.006025  	11000.000000	0.00372403	11000.000000	0.00371393	11000.000000	0.003724  	11000.000000	0.00602494	11000.000000	5.64033e-08	
12000.000000	0.00842468	12000.000000	0.00632782	12000.000000	0.00375043	12000.000000	0.00374044	12000.000000	0.00375044	12000.000000	0.00632777	12000.000000	5.19599e-08	
13000.000000	0.00909219	13000.000000	0.00663075	13000.000000	0.00377495	13000.000000	0.0037651 	13000.000000	0.00377501	13000.000000	0.0066307 	13000.000000	4.81812e-08	
14000.000000	0.0097839 	14000.000000	0.00693357	14000.000000	0.00379786	14000.000000	0.0037881 	14000.000000	0.00379794	14000.000000	0.00693353	14000.000000	4.49273e-08	
15000.000000	0.0104996 	15000.000000	0.00723615	15000.000000	0.00381932	15000.000000	0.00380964	15000.000000	0.00381938	15000.000000	0.00723611	15000.000000	4.20951e-08	
16000.000000	0.0112391 	16000.000000	0.00753839	16000.000000	0.00383947	16000.000000	0.00382987	16000.000000	0.00383952	16000.000000	0.00753835	16000.000000	3.96071e-08	
17000.000000	0.0120024 	17000.000000	0.00784023	17000.000000	0.00385844	17000.000000	0.00384891	17000.000000	0.00385846	17000.000000	0.0078402 	17000.000000	3.74037e-08	
18000.000000	0.0127894 	18000.000000	0.00814163	18000.000000	0.00387634	18000.000000	0.0038669 	18000.000000	0.00387635	18000.000000	0.0081416 	18000.000000	3.54382e-08	
19000.000000	0.0136002 	19000.000000	0.00844257	19000.000000	0.00389328	19000.000000	0.00388393	19000.000000	0.00389327	19000.000000	0.00844253	19000.000000	3.36739e-08	
20000.000000	0.0144346 	20000.000000	0.00874301	20000.000000	0.00390935	20000.000000	0.00390009	20000.000000	0.00390931	20000.000000	0.00874298	20000.000000	3.20811e-08	
21000.000000	0.0152928 	21000.000000	0.00904297	21000.000000	0.00392461	21000.000000	0.00391546	21000.000000	0.00392456	21000.000000	0.00904294	21000.000000	3.06357e-08	
22000.000000	0.0161749 	22000.000000	0.00934244	22000.000000	0.00393912	22000.000000	0.00393011	22000.000000	0.00393908	22000.000000	0.00934241	22000.000000	2.93181e-08	
23000.000000	0.0170808 	23000.000000	0.00964141	23000.000000	0.00395298	23000.000000	0.00394409	23000.000000	0.00395294	23000.000000	0.00964138	23000.000000	2.81119e-08	
24000.000000	0.0180106 	24000.000000	0.00993989	24000.000000	0.00396625	24000.000000	0.00395747	24000.000000	0.00396618	24000.000000	0.00993986	24000.000000	2.70034e-08	
25000.000000	0.0189644 	25000.000000	0.0102379 	25000.000000	0.00397892	25000.000000	0.00397029	25000.000000	0.00397885	25000.000000	0.0102379 	25000.000000	2.59812e-08	
26000.000000	0.0199424 	26000.000000	0.0105354 	26000.000000	0.00399105	26000.000000	0.00398258	26000.000000	0.003991  	26000.000000	0.0105354 	26000.000000	2.50353e-08	
27000.000000	0.0209446 	27000.000000	0.0108325 	27000.000000	0.00400268	27000.000000	0.0039944 	27000.000000	0.00400267	27000.000000	0.0108324 	27000.000000	2.41576e-08	
28000.000000	0.0219711 	28000.000000	0.0111291 	28000.000000	0.00401386	28000.000000	0.00400577	28000.000000	0.00401388	28000.000000	0.011129  	28000.000000	2.33409e-08	
29000.000000	0.023022  	29000.000000	0.0114252 	29000.000000	0.00402464	29000.000000	0.00401673	29000.000000	0.00402467	29000.000000	0.0114252 	29000.000000	2.25789e-08	
30000.000000	0.0240974 	30000.000000	0.0117209 	30000.000000	0.00403503	30000.000000	0.00402729	30000.000000	0.00403507	30000.000000	0.0117209 	30000.000000	2.18663e-08	
32000.000000	0.0263222 	32000.000000	0.012311  	32000.000000	0.00405475	32000.000000	0.00404736	32000.000000	0.00405479	32000.000000	0.012311  	32000.000000	2.05712e-08	
34000.000000	0.0286465 	34000.000000	0.0128995 	34000.000000	0.00407319	34000.000000	0.00406616	34000.000000	0.0040732 	34000.000000	0.0128995 	34000.000000	1.94243e-08	
36000.000000	0.0310712 	36000.000000	0.0134864 	36000.000000	0.00409047	36000.000000	0.00408382	36000.000000	0.00409047	36000.000000	0.0134864 	36000.000000	1.84014e-08	
38000.000000	0.0335973 	38000.000000	0.0140718 	38000.000000	0.00410671	38000.000000	0.00410047	38000.000000	0.00410671	38000.000000	0.0140717 	38000.000000	1.74833e-08	
40000.000000	0.0362259 	40000.000000	0.0146557 	40000.000000	0.00412204	40000.000000	0.00411623	40000.000000	0.00412202	40000.000000	0.0146557 	40000.000000	1.66546e-08	
42000.000000	0.0389581 	42000.000000	0.0152382 	42000.000000	0.00413654	42000.000000	0.00413117	42000.000000	0.0041365 	42000.000000	0.0152382 	42000.000000	1.59027e-08	
44000.000000	0.0417948 	44000.000000	0.0158194 	44000.000000	0.0041503 	44000.000000	0.00414537	44000.000000	0.00415023	44000.000000	0.0158194 	44000.000000	1.52173e-08	
46000.000000	0.0447372 	46000.000000	0.0163994 	46000.000000	0.00416339	46000.000000	0.00415891	46000.000000	0.00416326	46000.000000	0.0163994 	46000.000000	1.45899e-08	
48000.000000	0.0477864 	48000.000000	0.0169781 	48000.000000	0.00417586	48000.000000	0.00417184	48000.000000	0.00417567	48000.000000	0.0169781 	48000.000000	1.40134e-08	
50000.000000	0.0509435 	50000.000000	0.0175556 	50000.000000	0.00418774	50000.000000	0.00418421	50000.000000	0.00418749	50000.000000	0.0175556 	50000.000000	1.34818e-08	
