*Energy (MeV/u)1	0 - [He-base] F.Hubert et al, AD&ND Tables 46(1990)1	Energy (MeV/u)2	1 - [H -base] J.F.Ziegler et al,Pergamon Press,NY(low energy)	Energy (MeV/u)3	2 - ATIMA 1.2 LS-theory (recommended for high energy)	Energy (MeV/u)4	3 - ATIMA 1.2 without LS-correction	Energy (MeV/u)5	4 - ATIMA 1.4 H.Weick, improved mean charge formula for HI	Energy (MeV/u)6	5 - electrical component of [1] - J.F.Ziegler et al	Energy (MeV/u)7	6 - nuclear component of [1] - J.F.Ziegler et al	
0.001000	0.231088  	0.001000	0.0617572 	0.001000	0.0649642 	0.001000	0.0649642 	0.001000	0.0649568 	0.001000	0.0362643 	0.001000	0.0254929 	
0.002000	0.29528   	0.002000	0.0848446 	0.002000	0.0903938 	0.002000	0.0903938 	0.002000	0.0903885 	0.002000	0.0627559 	0.002000	0.0220887 	
0.005000	0.456837  	0.005000	0.138741  	0.005000	0.149611  	0.005000	0.149611  	0.005000	0.149608  	0.005000	0.122934  	0.005000	0.0158065 	
0.008000	0.57792   	0.008000	0.18095   	0.008000	0.195838  	0.008000	0.195838  	0.008000	0.195837  	0.008000	0.168382  	0.008000	0.012568  	
0.010000	0.644716  	0.010000	0.205103  	0.010000	0.222253  	0.010000	0.222253  	0.010000	0.222252  	0.010000	0.193963  	0.010000	0.0111402 	
0.015000	0.822571  	0.015000	0.274116  	0.015000	0.278678  	0.015000	0.278678  	0.015000	0.278677  	0.015000	0.265319  	0.015000	0.00879699	
0.020000	0.971366  	0.020000	0.327707  	0.020000	0.326457  	0.020000	0.326457  	0.020000	0.326457  	0.020000	0.320355  	0.020000	0.0073523 	
0.025000	1.09824   	0.025000	0.370366  	0.025000	0.369011  	0.025000	0.369011  	0.025000	0.369011  	0.025000	0.364007  	0.025000	0.00635901	
0.030000	1.207     	0.030000	0.406148  	0.030000	0.416338  	0.030000	0.416338  	0.030000	0.416337  	0.030000	0.40052   	0.030000	0.00562798	
0.035000	1.29996   	0.035000	0.437438  	0.035000	0.449007  	0.035000	0.449007  	0.035000	0.449007  	0.035000	0.432374  	0.035000	0.00506423	
0.040000	1.37871   	0.040000	0.46538   	0.040000	0.474715  	0.040000	0.474715  	0.040000	0.474715  	0.040000	0.460774  	0.040000	0.00460592	
0.045000	1.44453   	0.045000	0.490533  	0.045000	0.497214  	0.045000	0.497214  	0.045000	0.497214  	0.045000	0.48632   	0.045000	0.00421294	
0.050000	1.49856   	0.050000	0.513281  	0.050000	0.517922  	0.050000	0.517922  	0.050000	0.517922  	0.050000	0.509378  	0.050000	0.00390269	
0.055000	1.54191   	0.055000	0.533866  	0.055000	0.537228  	0.055000	0.537228  	0.055000	0.537228  	0.055000	0.530223  	0.055000	0.0036436 	
0.060000	1.57569   	0.060000	0.55251   	0.060000	0.555213  	0.060000	0.555213  	0.060000	0.555213  	0.060000	0.54909   	0.060000	0.00342008	
0.070000	1.6189    	0.070000	0.584752  	0.070000	0.587285  	0.070000	0.587285  	0.070000	0.587285  	0.070000	0.581699  	0.070000	0.00305316	
0.080000	1.63656   	0.080000	0.611367  	0.080000	0.614381  	0.080000	0.614381  	0.080000	0.614382  	0.080000	0.608604  	0.080000	0.00276376	
0.090000	1.63613   	0.090000	0.633415  	0.090000	0.636989  	0.090000	0.636989  	0.090000	0.63699   	0.090000	0.630886  	0.090000	0.00252901	
0.100000	1.62369   	0.100000	0.651707  	0.100000	0.655698  	0.100000	0.655698  	0.100000	0.655698  	0.100000	0.649373  	0.100000	0.00233435	
0.120000	1.58003   	0.120000	0.679381  	0.120000	0.683617  	0.120000	0.683617  	0.120000	0.683617  	0.120000	0.677352  	0.120000	0.00202929	
0.140000	1.52846   	0.140000	0.697935  	0.140000	0.701822  	0.140000	0.701822  	0.140000	0.701822  	0.140000	0.696135  	0.140000	0.00179996	
0.160000	1.47875   	0.160000	0.709674  	0.160000	0.712909  	0.160000	0.712909  	0.160000	0.712909  	0.160000	0.708052  	0.160000	0.00162111	
0.180000	1.43394   	0.180000	0.716201  	0.180000	0.718685  	0.180000	0.718685  	0.180000	0.718686  	0.180000	0.714724  	0.180000	0.00147717	
0.200000	1.39427   	0.200000	0.718697  	0.200000	0.720444  	0.200000	0.720444  	0.200000	0.720445  	0.200000	0.717339  	0.200000	0.00135859	
0.250000	1.3124    	0.250000	0.712705  	0.250000	0.712958  	0.250000	0.712958  	0.250000	0.712958  	0.250000	0.711569  	0.250000	0.00113623	
0.300000	1.24553   	0.300000	0.696096  	0.300000	0.695419  	0.300000	0.695419  	0.300000	0.695419  	0.300000	0.695115  	0.300000	0.000980466	
0.350000	1.18658   	0.350000	0.674224  	0.350000	0.673053  	0.350000	0.673053  	0.350000	0.673054  	0.350000	0.673359  	0.350000	0.000864755	
0.400000	1.13259   	0.400000	0.650162  	0.400000	0.648784  	0.400000	0.648784  	0.400000	0.648784  	0.400000	0.649386  	0.400000	0.000775122	
0.450000	1.08244   	0.450000	0.625661  	0.450000	0.62425   	0.450000	0.62425   	0.450000	0.62425   	0.450000	0.624957  	0.450000	0.000703471	
0.500000	1.03573   	0.500000	0.601694  	0.500000	0.600351  	0.500000	0.600351  	0.500000	0.600352  	0.500000	0.60105   	0.500000	0.000644777	
0.600000	0.951789  	0.600000	0.557136  	0.600000	0.556065  	0.600000	0.556065  	0.600000	0.556065  	0.600000	0.556582  	0.600000	0.000554118	
0.700000	0.879316  	0.700000	0.517949  	0.700000	0.517192  	0.700000	0.517192  	0.700000	0.517192  	0.700000	0.517462  	0.700000	0.000487136	
0.800000	0.816747  	0.800000	0.483932  	0.800000	0.483464  	0.800000	0.483464  	0.800000	0.483464  	0.800000	0.483497  	0.800000	0.000435474	
0.900000	0.762511  	0.900000	0.454413  	0.900000	0.45419   	0.900000	0.45419   	0.900000	0.454191  	0.900000	0.454019  	0.900000	0.000394325	
1.000000	0.715202  	1.000000	0.428669  	1.000000	0.428647  	1.000000	0.428647  	1.000000	0.428648  	1.000000	0.428308  	1.000000	0.000360719	
1.250000	0.620003  	1.250000	0.37688   	1.250000	0.377197  	1.250000	0.377197  	1.250000	0.377197  	1.250000	0.376581  	1.250000	0.000298447	
1.500000	0.548119  	1.500000	0.337714  	1.500000	0.338209  	1.500000	0.338209  	1.500000	0.338209  	1.500000	0.337459  	1.500000	0.000255428	
1.750000	0.491819  	1.750000	0.30692   	1.750000	0.307495  	1.750000	0.307495  	1.750000	0.307495  	1.750000	0.306696  	1.750000	0.000223809	
2.000000	0.446446  	2.000000	0.281966  	2.000000	0.282563  	2.000000	0.282563  	2.000000	0.282564  	2.000000	0.281766  	2.000000	0.000199525	
2.250000	0.409048  	2.250000	0.261269  	2.250000	0.261856  	2.250000	0.261856  	2.250000	0.261856  	2.250000	0.261089  	2.250000	0.00018025	
2.500000	0.371339  	2.500000	0.243788  	2.500000	0.244344  	2.500000	0.244344  	2.500000	0.244344  	2.500000	0.243624  	2.500000	0.000164556	
3.000000	0.324122  	3.000000	0.215801  	3.000000	0.216265  	3.000000	0.216265  	3.000000	0.216266  	3.000000	0.215661  	3.000000	0.000140491	
3.500000	0.288331  	3.500000	0.194319  	3.500000	0.194679  	3.500000	0.194679  	3.500000	0.19468   	3.500000	0.194196  	3.500000	0.000122856	
4.000000	0.260182  	4.000000	0.177265  	4.000000	0.177522  	4.000000	0.177522  	4.000000	0.177522  	4.000000	0.177155  	4.000000	0.000109345	
4.500000	0.237414  	4.500000	0.163367  	4.500000	0.163529  	4.500000	0.163529  	4.500000	0.163529  	4.500000	0.163268  	4.500000	9.86432e-05	
5.000000	0.218588  	5.000000	0.151802  	5.000000	0.151876  	5.000000	0.151876  	5.000000	0.151876  	5.000000	0.151712  	5.000000	8.99442e-05	
5.500000	0.202741  	5.500000	0.142012  	5.500000	0.142006  	5.500000	0.142006  	5.500000	0.142006  	5.500000	0.141929  	5.500000	8.27257e-05	
6.000000	0.189203  	6.000000	0.133603  	6.000000	0.133526  	6.000000	0.133526  	6.000000	0.133526  	6.000000	0.133526  	6.000000	7.66339e-05	
6.500000	0.177495  	6.500000	0.126292  	6.500000	0.126151  	6.500000	0.126151  	6.500000	0.126151  	6.500000	0.12622   	6.500000	7.14199e-05	
7.000000	0.16726   	7.000000	0.119868  	7.000000	0.11967   	7.000000	0.11967   	7.000000	0.11967   	7.000000	0.119802  	7.000000	6.69039e-05	
7.500000	0.158233  	7.500000	0.114174  	7.500000	0.113923  	7.500000	0.113923  	7.500000	0.113923  	7.500000	0.114111  	7.500000	6.29524e-05	
8.000000	0.150206  	8.000000	0.109085  	8.000000	0.108788  	8.000000	0.108788  	8.000000	0.108788  	8.000000	0.109026  	8.000000	5.9464e-05	
8.500000	0.143019  	8.500000	0.104506  	8.500000	0.104166  	8.500000	0.104166  	8.500000	0.104166  	8.500000	0.104449  	8.500000	5.63605e-05	
9.000000	0.136545  	9.000000	0.10036   	9.000000	0.099981  	9.000000	0.099981  	9.000000	0.0999811 	9.000000	0.100306  	9.000000	5.35806e-05	
9.500000	0.13068   	9.500000	0.0965848 	9.500000	0.0961712 	9.500000	0.0961712 	9.500000	0.0961713 	9.500000	0.0965337 	9.500000	5.10753e-05	
10.000000	0.12534   	10.000000	0.0938393 	10.000000	0.0926857 	10.000000	0.0926857 	10.000000	0.0926858 	10.000000	0.0937905 	10.000000	4.88052e-05	
11.000000	0.115972  	11.000000	0.0877434 	11.000000	0.0865505 	11.000000	0.0865574 	11.000000	0.0865479 	11.000000	0.0876986 	11.000000	4.48475e-05	
12.000000	0.108017  	12.000000	0.0824318 	12.000000	0.0812722 	12.000000	0.0812837 	12.000000	0.0812707 	12.000000	0.0823903 	12.000000	4.15112e-05	
13.000000	0.101171  	13.000000	0.0777647 	13.000000	0.0766752 	13.000000	0.076688  	13.000000	0.0766738 	13.000000	0.0777261 	13.000000	3.86585e-05	
14.000000	0.0952146 	14.000000	0.0736325 	14.000000	0.072628  	14.000000	0.0726401 	14.000000	0.0726258 	14.000000	0.0735963 	14.000000	3.61899e-05	
15.000000	0.0899814 	15.000000	0.0699486 	15.000000	0.06903   	15.000000	0.069042  	15.000000	0.0690283 	15.000000	0.0699145 	15.000000	3.40316e-05	
16.000000	0.0853451 	16.000000	0.0666437 	16.000000	0.0658068 	16.000000	0.0658184 	16.000000	0.0658058 	16.000000	0.0666116 	16.000000	3.21277e-05	
17.000000	0.0812073 	17.000000	0.0636621 	17.000000	0.0629003 	17.000000	0.0629104 	17.000000	0.0628993 	17.000000	0.0636316 	17.000000	3.0435e-05	
18.000000	0.0774902 	18.000000	0.0609582 	18.000000	0.0602636 	18.000000	0.0602713 	18.000000	0.0602617 	18.000000	0.0609293 	18.000000	2.89198e-05	
19.000000	0.0741318 	19.000000	0.0584949 	19.000000	0.0578576 	19.000000	0.0578632 	19.000000	0.0578554 	19.000000	0.0584673 	19.000000	2.75551e-05	
20.000000	0.0710815 	20.000000	0.0562411 	20.000000	0.0556498 	20.000000	0.0556554 	20.000000	0.0556497 	20.000000	0.0562148 	20.000000	2.63191e-05	
21.000000	0.0682981 	21.000000	0.0541709 	21.000000	0.0536164 	21.000000	0.0536225 	21.000000	0.0536188 	21.000000	0.0541458 	21.000000	2.51943e-05	
22.000000	0.0657473 	22.000000	0.0522627 	22.000000	0.0517389 	22.000000	0.0517435 	22.000000	0.0517419 	22.000000	0.0522385 	22.000000	2.4166e-05	
23.000000	0.0634006 	23.000000	0.0504979 	23.000000	0.0499992 	23.000000	0.0500005 	23.000000	0.0500011 	23.000000	0.0504746 	23.000000	2.32222e-05	
24.000000	0.0612341 	24.000000	0.0488607 	24.000000	0.0483806 	24.000000	0.0483787 	24.000000	0.0483813 	24.000000	0.0488383 	24.000000	2.23527e-05	
25.000000	0.0592273 	25.000000	0.0473377 	25.000000	0.0468699 	25.000000	0.0468651 	25.000000	0.0468699 	25.000000	0.0473161 	25.000000	2.15489e-05	
27.000000	0.055626  	27.000000	0.044589  	27.000000	0.0441323 	27.000000	0.0441203 	27.000000	0.0441292 	27.000000	0.0445689 	27.000000	2.01103e-05	
29.000000	0.0524846 	29.000000	0.0421756 	29.000000	0.0417095 	29.000000	0.0416945 	29.000000	0.0417075 	29.000000	0.0421567 	29.000000	1.88596e-05	
31.000000	0.049719  	31.000000	0.0400389 	31.000000	0.0395918 	31.000000	0.039576  	31.000000	0.0395921 	31.000000	0.0400211 	31.000000	1.77619e-05	
33.000000	0.0472643 	33.000000	0.0381334 	33.000000	0.0377442 	33.000000	0.0377235 	33.000000	0.0377416 	33.000000	0.0381166 	33.000000	1.67902e-05	
35.000000	0.0450699 	35.000000	0.036423  	35.000000	0.0360797 	35.000000	0.0360601 	35.000000	0.0360796 	35.000000	0.0364071 	35.000000	1.59237e-05	
38.000000	0.042181  	38.000000	0.0341619 	38.000000	0.0338818 	38.000000	0.033859  	38.000000	0.0338803 	38.000000	0.0341471 	38.000000	1.47862e-05	
41.000000	0.0396856 	41.000000	0.0322005 	41.000000	0.0319707 	41.000000	0.0319474 	41.000000	0.0319698 	41.000000	0.0321867 	41.000000	1.38068e-05	
44.000000	0.0375071 	44.000000	0.0304822 	44.000000	0.030291  	44.000000	0.0302704 	44.000000	0.0302936 	44.000000	0.0304693 	44.000000	1.29542e-05	
47.000000	0.0355877 	47.000000	0.028964  	47.000000	0.02881   	47.000000	0.0287866 	47.000000	0.0288103 	47.000000	0.0289518 	47.000000	1.22049e-05	
50.000000	0.0338828 	50.000000	0.0276125 	50.000000	0.0274872 	50.000000	0.0274636 	50.000000	0.0274877 	50.000000	0.027601  	50.000000	1.15411e-05	
55.000000	0.031427  	55.000000	0.0256612 	55.000000	0.0255755 	55.000000	0.0255498 	55.000000	0.0255742 	55.000000	0.0256506 	55.000000	1.05877e-05	
60.000000	0.0293536 	60.000000	0.0240102 	60.000000	0.0239501 	60.000000	0.0239264 	60.000000	0.0239509 	60.000000	0.0240004 	60.000000	9.78559e-06	
65.000000	0.027578  	65.000000	0.0225943 	65.000000	0.0225553 	65.000000	0.022531  	65.000000	0.0225554 	65.000000	0.0225852 	65.000000	9.10095e-06	
70.000000	0.0260393 	70.000000	0.0213662 	70.000000	0.0213426 	70.000000	0.0213179 	70.000000	0.0213422 	70.000000	0.0213577 	70.000000	8.50943e-06	
75.000000	0.024692  	75.000000	0.0202904 	75.000000	0.0202759 	75.000000	0.0202531 	75.000000	0.0202772 	75.000000	0.0202824 	75.000000	7.993e-06 	
80.000000	0.0235019 	80.000000	0.01934   	80.000000	0.0193353 	80.000000	0.0193106 	80.000000	0.0193344 	80.000000	0.0193324 	80.000000	7.53805e-06	
85.000000	0.0224424 	85.000000	0.018494  	85.000000	0.0184935 	85.000000	0.0184701 	85.000000	0.0184936 	85.000000	0.0184869 	85.000000	7.13408e-06	
90.000000	0.0214926 	90.000000	0.017736  	90.000000	0.0177381 	90.000000	0.0177157 	90.000000	0.0177389 	90.000000	0.0177292 	90.000000	6.77286e-06	
95.000000	0.020636  	95.000000	0.0170528 	95.000000	0.0170586 	95.000000	0.0170347 	95.000000	0.0170576 	95.000000	0.0170463 	95.000000	6.44787e-06	
100.000000	0.0198592 	100.000000	0.0164337 	100.000000	0.0164396 	100.000000	0.0164167 	100.000000	0.0164393 	100.000000	0.0164275 	100.000000	6.15384e-06	
105.000000	0.0191513 	105.000000	0.01587   	105.000000	0.0158752 	105.000000	0.0158532 	105.000000	0.0158756 	105.000000	0.0158641 	105.000000	5.8865e-06	
110.000000	0.0185033 	110.000000	0.0153546 	110.000000	0.0153582 	110.000000	0.0153373 	110.000000	0.0153594 	110.000000	0.0153489 	110.000000	5.64231e-06	
115.000000	0.0179078 	115.000000	0.0148814 	115.000000	0.0148849 	115.000000	0.0148632 	115.000000	0.014885  	115.000000	0.014876  	115.000000	5.41837e-06	
120.000000	0.0173584 	120.000000	0.0144454 	120.000000	0.014448  	120.000000	0.0144259 	120.000000	0.0144474 	120.000000	0.0144402 	120.000000	5.21222e-06	
125.000000	0.0168499 	125.000000	0.0140424 	125.000000	0.0140422 	125.000000	0.0140212 	125.000000	0.0140425 	125.000000	0.0140374 	125.000000	5.02179e-06	
130.000000	0.0163777 	130.000000	0.0136687 	130.000000	0.013666  	130.000000	0.0136456 	130.000000	0.0136667 	130.000000	0.0136639 	130.000000	4.84533e-06	
135.000000	0.015938  	135.000000	0.0133213 	135.000000	0.0133174 	135.000000	0.0132961 	135.000000	0.013317  	135.000000	0.0133166 	135.000000	4.68133e-06	
140.000000	0.0155275 	140.000000	0.0129973 	140.000000	0.0129914 	140.000000	0.01297   	140.000000	0.0129906 	140.000000	0.0129928 	140.000000	4.52851e-06	
145.000000	0.0151433 	145.000000	0.0126946 	145.000000	0.0126856 	145.000000	0.012665  	145.000000	0.0126854 	145.000000	0.0126902 	145.000000	4.38573e-06	
150.000000	0.0147828 	150.000000	0.0124111 	150.000000	0.0123992 	150.000000	0.0123792 	150.000000	0.0123994 	150.000000	0.0124068 	150.000000	4.25204e-06	
155.000000	0.0142753 	155.000000	0.0121449 	155.000000	0.0121301 	155.000000	0.0121107 	155.000000	0.0121307 	155.000000	0.0121408 	155.000000	4.12658e-06	
160.000000	0.0139778 	160.000000	0.0118946 	160.000000	0.0118773 	160.000000	0.0118581 	160.000000	0.0118779 	160.000000	0.0118906 	160.000000	4.00859e-06	
165.000000	0.0136973 	165.000000	0.0116588 	165.000000	0.0116398 	165.000000	0.0116199 	165.000000	0.0116395 	165.000000	0.0116549 	165.000000	3.89743e-06	
170.000000	0.0134323 	170.000000	0.0114362 	170.000000	0.011415  	170.000000	0.011395  	170.000000	0.0114145 	170.000000	0.0114324 	170.000000	3.79251e-06	
175.000000	0.0131815 	175.000000	0.0112257 	175.000000	0.0112017 	175.000000	0.0111823 	175.000000	0.0112016 	175.000000	0.0112221 	175.000000	3.69332e-06	
180.000000	0.0129439 	180.000000	0.0110265 	180.000000	0.0109998 	180.000000	0.0109809 	180.000000	0.0109999 	180.000000	0.0110229 	180.000000	3.59938e-06	
185.000000	0.0127184 	185.000000	0.0108375 	185.000000	0.0108082 	185.000000	0.0107897 	185.000000	0.0108086 	185.000000	0.010834  	185.000000	3.51029e-06	
190.000000	0.0125041 	190.000000	0.0106581 	190.000000	0.0106262 	190.000000	0.0106082 	190.000000	0.0106269 	190.000000	0.0106547 	190.000000	3.42568e-06	
195.000000	0.0123001 	195.000000	0.0104875 	195.000000	0.0104537 	195.000000	0.0104355 	195.000000	0.0104541 	195.000000	0.0104842 	195.000000	3.3452e-06	
200.000000	0.0121058 	200.000000	0.0103251 	200.000000	0.0102898 	200.000000	0.0102711 	200.000000	0.0102896 	200.000000	0.0103218 	200.000000	3.26857e-06	
210.000000	0.0117433 	210.000000	0.0100226 	210.000000	0.00998312	210.000000	0.00996478	210.000000	0.00998295	210.000000	0.0100195 	210.000000	3.12578e-06	
220.000000	0.011412  	220.000000	0.00974663	220.000000	0.0097029 	220.000000	0.00968521	220.000000	0.00970311	220.000000	0.00974363	220.000000	2.99539e-06	
230.000000	0.0111081 	230.000000	0.00949383	230.000000	0.00944605	230.000000	0.00942905	230.000000	0.00944671	230.000000	0.00949095	230.000000	2.87584e-06	
240.000000	0.0108281 	240.000000	0.00926142	240.000000	0.00921099	240.000000	0.00919353	240.000000	0.00921095	240.000000	0.00925866	240.000000	2.76582e-06	
250.000000	0.0105695 	250.000000	0.00904705	250.000000	0.00899376	250.000000	0.00897626	250.000000	0.00899347	250.000000	0.00904439	250.000000	2.66422e-06	
260.000000	0.0103298 	260.000000	0.00884871	260.000000	0.00879215	260.000000	0.00877524	260.000000	0.00879224	260.000000	0.00884614	260.000000	2.57009e-06	
270.000000	0.010107  	270.000000	0.00866468	270.000000	0.00860519	270.000000	0.00858873	270.000000	0.00860554	270.000000	0.0086622 	270.000000	2.48263e-06	
280.000000	0.00989938	280.000000	0.00849348	280.000000	0.0084313 	280.000000	0.00841525	280.000000	0.00843187	280.000000	0.00849108	280.000000	2.40115e-06	
290.000000	0.00970547	290.000000	0.00833384	290.000000	0.00827003	290.000000	0.0082535 	290.000000	0.00826995	290.000000	0.00833151	290.000000	2.32504e-06	
300.000000	0.00952394	300.000000	0.00818463	300.000000	0.00811894	300.000000	0.00810235	300.000000	0.00811863	300.000000	0.00818238	300.000000	2.25379e-06	
310.000000	0.00935366	310.000000	0.00804489	310.000000	0.00797694	310.000000	0.00796082	310.000000	0.00797695	310.000000	0.0080427 	310.000000	2.18694e-06	
320.000000	0.00919361	320.000000	0.00791375	320.000000	0.00784384	320.000000	0.00782802	320.000000	0.007844  	320.000000	0.00791162	320.000000	2.12408e-06	
330.000000	0.00904291	330.000000	0.00779046	330.000000	0.00771862	330.000000	0.0077032 	330.000000	0.00771903	330.000000	0.00778839	330.000000	2.06487e-06	
340.000000	0.00890078	340.000000	0.00767435	340.000000	0.00760095	340.000000	0.00758569	340.000000	0.00760139	340.000000	0.00767234	340.000000	2.009e-06 	
350.000000	0.00876651	350.000000	0.00756482	350.000000	0.00749053	350.000000	0.00747488	350.000000	0.00749045	350.000000	0.00756287	350.000000	1.95618e-06	
360.000000	0.00863947	360.000000	0.00746135	360.000000	0.00738598	360.000000	0.00737021	360.000000	0.00738566	360.000000	0.00745945	360.000000	1.90616e-06	
370.000000	0.00851912	370.000000	0.00736346	370.000000	0.00728679	370.000000	0.00727135	370.000000	0.00728668	370.000000	0.00736161	370.000000	1.85874e-06	
380.000000	0.00840495	380.000000	0.00727073	380.000000	0.0071929 	380.000000	0.00717773	380.000000	0.00719295	380.000000	0.00726892	380.000000	1.81371e-06	
390.000000	0.0082965 	390.000000	0.00718277	390.000000	0.00710397	390.000000	0.00708902	390.000000	0.00710413	390.000000	0.007181  	390.000000	1.77089e-06	
400.000000	0.00819337	400.000000	0.00709923	400.000000	0.00701946	400.000000	0.00700482	400.000000	0.00701982	400.000000	0.0070975 	400.000000	1.73011e-06	
410.000000	0.00809518	410.000000	0.0070198 	410.000000	0.00693929	410.000000	0.00692479	410.000000	0.0069397 	410.000000	0.00701811	410.000000	1.69125e-06	
420.000000	0.00800161	420.000000	0.0069442 	420.000000	0.00686338	420.000000	0.00684866	420.000000	0.00686347	420.000000	0.00694255	420.000000	1.65415e-06	
430.000000	0.00791234	430.000000	0.00687217	430.000000	0.00679114	430.000000	0.00677616	430.000000	0.00679088	430.000000	0.00687055	430.000000	1.61871e-06	
440.000000	0.00782709	440.000000	0.00680347	440.000000	0.00672196	440.000000	0.00670704	440.000000	0.00672168	440.000000	0.00680189	440.000000	1.58481e-06	
450.000000	0.00774562	450.000000	0.00673789	450.000000	0.00665585	450.000000	0.00664118	450.000000	0.00665572	450.000000	0.00673634	450.000000	1.55235e-06	
460.000000	0.00766768	460.000000	0.00667523	460.000000	0.00659275	460.000000	0.00657828	460.000000	0.00659274	460.000000	0.00667371	460.000000	1.52125e-06	
470.000000	0.00759306	470.000000	0.00661531	470.000000	0.00653248	470.000000	0.00651816	470.000000	0.00653255	470.000000	0.00661382	470.000000	1.49141e-06	
480.000000	0.00752157	480.000000	0.00655797	480.000000	0.0064748 	480.000000	0.00646066	480.000000	0.00647497	480.000000	0.0065565 	480.000000	1.46277e-06	
490.000000	0.00745302	490.000000	0.00650304	490.000000	0.00641954	490.000000	0.00640562	490.000000	0.00641985	490.000000	0.00650161	490.000000	1.43524e-06	
500.000000	0.00738725	500.000000	0.0064504 	500.000000	0.00636671	500.000000	0.00635288	500.000000	0.00636705	500.000000	0.00644899	500.000000	1.40877e-06	
520.000000	0.00726342	520.000000	0.00635144	520.000000	0.006268  	520.000000	0.00625384	520.000000	0.00626788	520.000000	0.00635008	520.000000	1.35876e-06	
540.000000	0.00714897	540.000000	0.00626017	540.000000	0.00617678	540.000000	0.00616258	540.000000	0.00617649	540.000000	0.00625885	540.000000	1.3123e-06	
560.000000	0.00704296	560.000000	0.00617578	560.000000	0.00609215	560.000000	0.00607829	560.000000	0.00609209	560.000000	0.00617451	560.000000	1.26902e-06	
580.000000	0.00694454	580.000000	0.00609758	580.000000	0.00601391	580.000000	0.00600026	580.000000	0.00601394	580.000000	0.00609635	580.000000	1.22861e-06	
600.000000	0.006853  	600.000000	0.00602497	600.000000	0.00594125	600.000000	0.00592788	600.000000	0.00594146	600.000000	0.00602377	600.000000	1.19078e-06	
620.000000	0.00676771	620.000000	0.00595742	620.000000	0.00587381	620.000000	0.0058606 	620.000000	0.00587408	620.000000	0.00595626	620.000000	1.15529e-06	
640.000000	0.00668812	640.000000	0.00589448	640.000000	0.00581139	640.000000	0.00579795	640.000000	0.00581134	640.000000	0.00589335	640.000000	1.12193e-06	
660.000000	0.00661372	660.000000	0.00583573	660.000000	0.00575314	660.000000	0.00573953	660.000000	0.00575283	660.000000	0.00583464	660.000000	1.09051e-06	
680.000000	0.00654409	680.000000	0.00578081	680.000000	0.00569841	680.000000	0.00568494	680.000000	0.00569817	680.000000	0.00577975	680.000000	1.06087e-06	
700.000000	0.00647883	700.000000	0.00572942	700.000000	0.00564712	700.000000	0.00563388	700.000000	0.00564703	700.000000	0.00572838	700.000000	1.03285e-06	
720.000000	0.00641762	720.000000	0.00568125	720.000000	0.00559915	720.000000	0.00558605	720.000000	0.00559912	720.000000	0.00568024	720.000000	1.00632e-06	
740.000000	0.00636012	740.000000	0.00563606	740.000000	0.00555413	740.000000	0.00554118	740.000000	0.00555418	740.000000	0.00563508	740.000000	9.81169e-07	
760.000000	0.00630607	760.000000	0.00559361	760.000000	0.0055118 	760.000000	0.00549904	760.000000	0.00551198	760.000000	0.00559266	760.000000	9.57289e-07	
780.000000	0.00625522	780.000000	0.00555371	780.000000	0.00547208	780.000000	0.00545943	780.000000	0.0054723 	780.000000	0.00555277	780.000000	9.34585e-07	
800.000000	0.00620733	800.000000	0.00551616	800.000000	0.00543488	800.000000	0.00542214	800.000000	0.00543496	800.000000	0.00551525	800.000000	9.12971e-07	
820.000000	0.00616221	820.000000	0.0054808 	820.000000	0.00539994	820.000000	0.00538702	820.000000	0.00539977	820.000000	0.00547991	820.000000	8.92368e-07	
840.000000	0.00611967	840.000000	0.00544747	840.000000	0.00536691	840.000000	0.0053539 	840.000000	0.0053666 	840.000000	0.0054466 	840.000000	8.72708e-07	
860.000000	0.00607953	860.000000	0.00541604	860.000000	0.00533559	860.000000	0.00532263	860.000000	0.00533528	860.000000	0.00541518	860.000000	8.53925e-07	
880.000000	0.00604164	880.000000	0.00538638	880.000000	0.00530592	880.000000	0.0052931 	880.000000	0.0053057 	880.000000	0.00538554	880.000000	8.35963e-07	
900.000000	0.00600587	900.000000	0.00535837	900.000000	0.00527786	900.000000	0.00526519	900.000000	0.00527774	900.000000	0.00535755	900.000000	8.18767e-07	
920.000000	0.00597208	920.000000	0.00533191	920.000000	0.00525135	920.000000	0.00523878	920.000000	0.00525129	920.000000	0.00533111	920.000000	8.02288e-07	
940.000000	0.00594014	940.000000	0.00530691	940.000000	0.00522627	940.000000	0.00521379	940.000000	0.00522625	940.000000	0.00530612	940.000000	7.86484e-07	
960.000000	0.00590996	960.000000	0.00528327	960.000000	0.00520252	960.000000	0.00519011	960.000000	0.00520253	960.000000	0.0052825 	960.000000	7.71311e-07	
980.000000	0.00588144	980.000000	0.00526091	980.000000	0.00518001	980.000000	0.00516767	980.000000	0.00518005	980.000000	0.00526016	980.000000	7.56734e-07	
1000.000000	0.00585446	1000.000000	0.00523976	1000.000000	0.00515865	1000.000000	0.00514638	1000.000000	0.00515872	1000.000000	0.00523902	1000.000000	7.42716e-07	
1020.000000	0.00582897	1020.000000	0.00521975	1020.000000	0.00513837	1020.000000	0.00512619	1020.000000	0.00513849	1020.000000	0.00521902	1020.000000	7.29227e-07	
1040.000000	0.00580486	1040.000000	0.00520082	1040.000000	0.0051191 	1040.000000	0.00510702	1040.000000	0.00511929	1040.000000	0.0052001 	1040.000000	7.16236e-07	
1060.000000	0.00578207	1060.000000	0.00518289	1060.000000	0.00510079	1060.000000	0.00508881	1060.000000	0.00510105	1060.000000	0.00518219	1060.000000	7.03716e-07	
1080.000000	0.00576053	1080.000000	0.00516593	1080.000000	0.00508341	1080.000000	0.00507151	1080.000000	0.00508371	1080.000000	0.00516524	1080.000000	6.91641e-07	
1100.000000	0.00574018	1100.000000	0.00514987	1100.000000	0.00506693	1100.000000	0.00505507	1100.000000	0.00506724	1100.000000	0.00514919	1100.000000	6.79988e-07	
1120.000000	0.00572095	1120.000000	0.00513467	1120.000000	0.00505132	1120.000000	0.00503944	1120.000000	0.00505157	1120.000000	0.00513401	1120.000000	6.68735e-07	
1140.000000	0.0057028 	1140.000000	0.00512029	1140.000000	0.00503652	1140.000000	0.00502457	1140.000000	0.00503668	1140.000000	0.00511964	1140.000000	6.57861e-07	
1160.000000	0.00568566	1160.000000	0.00510669	1160.000000	0.00502246	1160.000000	0.00501042	1160.000000	0.0050225 	1160.000000	0.00510604	1160.000000	6.47348e-07	
1180.000000	0.00566949	1180.000000	0.00509382	1180.000000	0.00500908	1180.000000	0.00499695	1180.000000	0.005009  	1180.000000	0.00509318	1180.000000	6.37177e-07	
1200.000000	0.00565425	1200.000000	0.00508165	1200.000000	0.00499631	1200.000000	0.00498413	1200.000000	0.00499616	1200.000000	0.00508102	1200.000000	6.27332e-07	
1220.000000	0.00563988	1220.000000	0.00507015	1220.000000	0.00498411	1220.000000	0.00497193	1220.000000	0.00498393	1220.000000	0.00506953	1220.000000	6.17797e-07	
1240.000000	0.00562637	1240.000000	0.00505928	1240.000000	0.00497246	1240.000000	0.0049603 	1240.000000	0.00497228	1240.000000	0.00505867	1240.000000	6.08558e-07	
1260.000000	0.00561365	1260.000000	0.00504901	1260.000000	0.00496133	1260.000000	0.00494923	1260.000000	0.00496118	1260.000000	0.00504841	1260.000000	5.99601e-07	
1280.000000	0.00560171	1280.000000	0.00503933	1280.000000	0.00495071	1280.000000	0.00493868	1280.000000	0.00495061	1280.000000	0.00503874	1280.000000	5.90912e-07	
1300.000000	0.0055905 	1300.000000	0.00503019	1300.000000	0.00494059	1300.000000	0.00492863	1300.000000	0.00494053	1300.000000	0.00502961	1300.000000	5.82481e-07	
1320.000000	0.00558   	1320.000000	0.00502158	1320.000000	0.00493096	1320.000000	0.00491905	1320.000000	0.00493093	1320.000000	0.00502101	1320.000000	5.74295e-07	
1340.000000	0.00557018	1340.000000	0.00501347	1340.000000	0.00492178	1340.000000	0.00490992	1340.000000	0.00492179	1340.000000	0.00501291	1340.000000	5.66344e-07	
1360.000000	0.005561  	1360.000000	0.00500585	1360.000000	0.00491305	1360.000000	0.00490123	1360.000000	0.00491307	1360.000000	0.00500529	1360.000000	5.58618e-07	
1380.000000	0.00555245	1380.000000	0.00499868	1380.000000	0.00490472	1380.000000	0.00489294	1380.000000	0.00490476	1380.000000	0.00499813	1380.000000	5.51107e-07	
1400.000000	0.00554449	1400.000000	0.00499196	1400.000000	0.00489679	1400.000000	0.00488504	1400.000000	0.00489684	1400.000000	0.00499142	1400.000000	5.43802e-07	
1420.000000	0.00553711	1420.000000	0.00498566	1420.000000	0.00488922	1420.000000	0.00487751	1420.000000	0.00488929	1420.000000	0.00498512	1420.000000	5.36695e-07	
1440.000000	0.00553028	1440.000000	0.00497976	1440.000000	0.00488201	1440.000000	0.00487034	1440.000000	0.0048821 	1440.000000	0.00497923	1440.000000	5.29778e-07	
1460.000000	0.00552398	1460.000000	0.00497426	1460.000000	0.00487513	1460.000000	0.0048635 	1460.000000	0.00487525	1460.000000	0.00497374	1460.000000	5.23044e-07	
1480.000000	0.00551819	1480.000000	0.00496913	1480.000000	0.00486857	1480.000000	0.00485699	1480.000000	0.00486872	1480.000000	0.00496861	1480.000000	5.16484e-07	
1500.000000	0.0055129 	1500.000000	0.00496435	1500.000000	0.00486231	1500.000000	0.00485079	1500.000000	0.0048625 	1500.000000	0.00496384	1500.000000	5.10092e-07	
1520.000000	0.00550808	1520.000000	0.00495992	1520.000000	0.00485636	1520.000000	0.00484488	1520.000000	0.00485657	1520.000000	0.00495942	1520.000000	5.03862e-07	
1540.000000	0.00550371	1540.000000	0.00495583	1540.000000	0.0048507 	1540.000000	0.00483926	1540.000000	0.00485093	1540.000000	0.00495533	1540.000000	4.97788e-07	
1560.000000	0.00549979	1560.000000	0.00495205	1560.000000	0.00484532	1560.000000	0.0048339 	1560.000000	0.00484556	1560.000000	0.00495156	1560.000000	4.91864e-07	
1580.000000	0.00549629	1580.000000	0.00494858	1580.000000	0.00484021	1580.000000	0.00482881	1580.000000	0.00484046	1580.000000	0.00494809	1580.000000	4.86083e-07	
1600.000000	0.00549321	1600.000000	0.0049454 	1600.000000	0.00483537	1600.000000	0.00482396	1600.000000	0.00483559	1600.000000	0.00494492	1600.000000	4.80442e-07	
1620.000000	0.00549052	1620.000000	0.00494251	1620.000000	0.00483077	1620.000000	0.00481935	1620.000000	0.00483097	1620.000000	0.00494204	1620.000000	4.74935e-07	
1640.000000	0.00548822	1640.000000	0.0049399 	1640.000000	0.00482642	1640.000000	0.00481496	1640.000000	0.00482657	1640.000000	0.00493943	1640.000000	4.69557e-07	
1660.000000	0.00548628	1660.000000	0.00493755	1660.000000	0.00482229	1660.000000	0.0048108 	1660.000000	0.00482239	1660.000000	0.00493708	1660.000000	4.64303e-07	
1680.000000	0.00548471	1680.000000	0.00493545	1680.000000	0.00481837	1680.000000	0.00480684	1680.000000	0.00481842	1680.000000	0.00493499	1680.000000	4.5917e-07	
1700.000000	0.00548348	1700.000000	0.0049336 	1700.000000	0.00481466	1700.000000	0.00480309	1700.000000	0.00481466	1700.000000	0.00493315	1700.000000	4.54153e-07	
1750.000000	0.00548187	1750.000000	0.00493001	1750.000000	0.00480619	1750.000000	0.00479453	1750.000000	0.00480607	1750.000000	0.00492956	1750.000000	4.42093e-07	
1800.000000	0.0054822 	1800.000000	0.00492777	1800.000000	0.00479876	1800.000000	0.00478706	1800.000000	0.00479857	1800.000000	0.00492734	1800.000000	4.30678e-07	
1850.000000	0.00548433	1850.000000	0.0049268 	1850.000000	0.00479227	1850.000000	0.00478058	1850.000000	0.00479206	1850.000000	0.00492638	1850.000000	4.19857e-07	
1900.000000	0.00548813	1900.000000	0.00492698	1900.000000	0.00478663	1900.000000	0.00477499	1900.000000	0.00478644	1900.000000	0.00492657	1900.000000	4.09585e-07	
1950.000000	0.0054935 	1950.000000	0.00492823	1950.000000	0.00478179	1950.000000	0.00477021	1950.000000	0.00478164	1950.000000	0.00492783	1950.000000	3.99819e-07	
2000.000000	0.00550031	2000.000000	0.00493047	2000.000000	0.00477769	2000.000000	0.00476617	2000.000000	0.00477758	2000.000000	0.00493008	2000.000000	3.90524e-07	
2100.000000	0.00551792	2100.000000	0.00493763	2100.000000	0.00477148	2100.000000	0.00476007	2100.000000	0.00477143	2100.000000	0.00493726	2100.000000	3.73212e-07	
2200.000000	0.00554031	2200.000000	0.00494797	2200.000000	0.00476756	2200.000000	0.00475622	2200.000000	0.00476754	2200.000000	0.00494761	2200.000000	3.57417e-07	
2300.000000	0.00556693	2300.000000	0.00496107	2300.000000	0.00476553	2300.000000	0.00475425	2300.000000	0.00476555	2300.000000	0.00496073	2300.000000	3.42946e-07	
2400.000000	0.00559731	2400.000000	0.00497659	2400.000000	0.0047651 	2400.000000	0.00475388	2400.000000	0.00476514	2400.000000	0.00497626	2400.000000	3.29637e-07	
2500.000000	0.00563106	2500.000000	0.00499422	2500.000000	0.00476599	2500.000000	0.00475485	2500.000000	0.00476608	2500.000000	0.00499391	2500.000000	3.17355e-07	
2600.000000	0.00566786	2600.000000	0.00501374	2600.000000	0.00476803	2600.000000	0.00475695	2600.000000	0.00476816	2600.000000	0.00501343	2600.000000	3.05983e-07	
2700.000000	0.00570741	2700.000000	0.00503492	2700.000000	0.00477104	2700.000000	0.00476001	2700.000000	0.0047712 	2700.000000	0.00503462	2700.000000	2.95423e-07	
2800.000000	0.00574948	2800.000000	0.00505758	2800.000000	0.00477489	2800.000000	0.0047639 	2800.000000	0.00477506	2800.000000	0.0050573 	2800.000000	2.85591e-07	
2900.000000	0.00579384	2900.000000	0.00508158	2900.000000	0.00477946	2900.000000	0.00476847	2900.000000	0.00477961	2900.000000	0.0050813 	2900.000000	2.76412e-07	
3000.000000	0.00584031	3000.000000	0.00510677	3000.000000	0.00478464	3000.000000	0.00477364	3000.000000	0.00478476	3000.000000	0.0051065 	3000.000000	2.67823e-07	
3200.000000	0.00593895	3200.000000	0.00516027	3200.000000	0.00479646	3200.000000	0.0047854 	3200.000000	0.00479648	3200.000000	0.00516001	3200.000000	2.52199e-07	
3400.000000	0.00604433	3400.000000	0.0052173 	3400.000000	0.00480973	3400.000000	0.00479862	3400.000000	0.00480967	3400.000000	0.00521706	3400.000000	2.3835e-07	
3600.000000	0.00615559	3600.000000	0.00527726	3600.000000	0.00482402	3600.000000	0.00481288	3600.000000	0.0048239 	3600.000000	0.00527704	3600.000000	2.25987e-07	
3800.000000	0.00627205	3800.000000	0.00533967	3800.000000	0.00483901	3800.000000	0.00482786	3800.000000	0.00483886	3800.000000	0.00533946	3800.000000	2.14879e-07	
4000.000000	0.00639317	4000.000000	0.00540414	4000.000000	0.00485447	4000.000000	0.00484333	4000.000000	0.00485431	4000.000000	0.00540394	4000.000000	2.04844e-07	
4200.000000	0.0065185 	4200.000000	0.00547036	4200.000000	0.00487023	4200.000000	0.00485911	4200.000000	0.00487007	4200.000000	0.00547017	4200.000000	1.95732e-07	
4400.000000	0.00664767	4400.000000	0.00553808	4400.000000	0.00488616	4400.000000	0.00487507	4400.000000	0.00488601	4400.000000	0.00553789	4400.000000	1.8742e-07	
4600.000000	0.00678038	4600.000000	0.00560709	4600.000000	0.00490216	4600.000000	0.0048911 	4600.000000	0.00490202	4600.000000	0.00560691	4600.000000	1.79806e-07	
4800.000000	0.00691638	4800.000000	0.00567721	4800.000000	0.00491815	4800.000000	0.00490713	4800.000000	0.00491803	4800.000000	0.00567703	4800.000000	1.72804e-07	
5000.000000	0.00705544	5000.000000	0.00574829	5000.000000	0.00493408	5000.000000	0.00492308	5000.000000	0.00493397	5000.000000	0.00574812	5000.000000	1.66344e-07	
5250.000000	0.0072333 	5250.000000	0.00583831	5250.000000	0.00495382	5250.000000	0.00494285	5250.000000	0.00495372	5250.000000	0.00583816	5250.000000	1.58936e-07	
5500.000000	0.00741537	5500.000000	0.00592946	5500.000000	0.00497332	5500.000000	0.00496238	5500.000000	0.00497322	5500.000000	0.00592931	5500.000000	1.5218e-07	
6000.000000	0.00779114	6000.000000	0.00611446	6000.000000	0.00501142	6000.000000	0.0050005 	6000.000000	0.00501132	6000.000000	0.00611432	6000.000000	1.403e-07 	
6500.000000	0.00818118	6500.000000	0.00630227	6500.000000	0.00504813	6500.000000	0.00503724	6500.000000	0.00504803	6500.000000	0.00630214	6500.000000	1.30189e-07	
7000.000000	0.00858437	7000.000000	0.00649218	7000.000000	0.00508338	7000.000000	0.00507251	7000.000000	0.00508326	7000.000000	0.00649206	7000.000000	1.21475e-07	
7500.000000	0.00899986	7500.000000	0.00668366	7500.000000	0.00511715	7500.000000	0.00510631	7500.000000	0.00511703	7500.000000	0.00668354	7500.000000	1.13885e-07	
8000.000000	0.00942702	8000.000000	0.00687632	8000.000000	0.00514953	8000.000000	0.00513866	8000.000000	0.00514935	8000.000000	0.00687621	8000.000000	1.07214e-07	
8500.000000	0.00986538	8500.000000	0.00706988	8500.000000	0.00518043	8500.000000	0.00516964	8500.000000	0.0051803 	8500.000000	0.00706978	8500.000000	1.01301e-07	
9000.000000	0.0103145 	9000.000000	0.00726413	9000.000000	0.00520989	9000.000000	0.0051993 	9000.000000	0.00520993	9000.000000	0.00726403	9000.000000	9.60247e-08	
9500.000000	0.0107742 	9500.000000	0.00745887	9500.000000	0.00523816	9500.000000	0.00522774	9500.000000	0.00523833	9500.000000	0.00745878	9500.000000	9.12855e-08	
10000.000000	0.0112442 	10000.000000	0.007654  	10000.000000	0.00526537	10000.000000	0.00525501	10000.000000	0.00526557	10000.000000	0.00765391	10000.000000	8.70049e-08	
11000.000000	0.0122142 	11000.000000	0.00804497	11000.000000	0.00531674	11000.000000	0.00530634	11000.000000	0.00531684	11000.000000	0.00804489	11000.000000	7.95745e-08	
12000.000000	0.0132234 	12000.000000	0.00843642	12000.000000	0.00536426	12000.000000	0.00535384	12000.000000	0.00536427	12000.000000	0.00843635	12000.000000	7.33442e-08	
13000.000000	0.0142712 	13000.000000	0.00882797	13000.000000	0.00540834	13000.000000	0.00539797	13000.000000	0.00540832	13000.000000	0.00882791	13000.000000	6.80429e-08	
14000.000000	0.0153569 	14000.000000	0.00921936	14000.000000	0.00544937	14000.000000	0.00543911	14000.000000	0.00544938	14000.000000	0.00921929	14000.000000	6.34754e-08	
15000.000000	0.0164802 	15000.000000	0.0096104 	15000.000000	0.00548772	15000.000000	0.00547762	15000.000000	0.0054878 	15000.000000	0.00961034	15000.000000	5.9498e-08	
16000.000000	0.017641  	16000.000000	0.010001  	16000.000000	0.00552374	16000.000000	0.00551377	16000.000000	0.00552386	16000.000000	0.0100009 	16000.000000	5.60025e-08	
17000.000000	0.0188391 	17000.000000	0.010391  	17000.000000	0.00555767	17000.000000	0.00554782	17000.000000	0.00555782	17000.000000	0.010391  	17000.000000	5.29054e-08	
18000.000000	0.0200744 	18000.000000	0.0107805 	18000.000000	0.00558976	18000.000000	0.00557998	18000.000000	0.00558988	18000.000000	0.0107805 	18000.000000	5.01418e-08	
19000.000000	0.0213469 	19000.000000	0.0111694 	19000.000000	0.00562016	19000.000000	0.00561043	19000.000000	0.00562023	19000.000000	0.0111693 	19000.000000	4.76602e-08	
20000.000000	0.0226567 	20000.000000	0.0115576 	20000.000000	0.00564904	20000.000000	0.00563935	20000.000000	0.00564903	20000.000000	0.0115575 	20000.000000	4.5419e-08	
21000.000000	0.0240037 	21000.000000	0.0119452 	21000.000000	0.00567655	21000.000000	0.00566685	21000.000000	0.00567642	21000.000000	0.0119451 	21000.000000	4.33846e-08	
22000.000000	0.0253882 	22000.000000	0.0123321 	22000.000000	0.00570275	22000.000000	0.00569307	22000.000000	0.00570252	22000.000000	0.012332  	22000.000000	4.15295e-08	
23000.000000	0.0268101 	23000.000000	0.0127184 	23000.000000	0.00572751	23000.000000	0.00571812	23000.000000	0.00572744	23000.000000	0.0127183 	23000.000000	3.98308e-08	
24000.000000	0.0282695 	24000.000000	0.013104  	24000.000000	0.00575121	24000.000000	0.00574209	24000.000000	0.00575127	24000.000000	0.013104  	24000.000000	3.82692e-08	
25000.000000	0.0297667 	25000.000000	0.013489  	25000.000000	0.00577419	25000.000000	0.00576506	25000.000000	0.00577411	25000.000000	0.013489  	25000.000000	3.68288e-08	
26000.000000	0.0313017 	26000.000000	0.0138734 	26000.000000	0.00579623	26000.000000	0.0057871 	26000.000000	0.00579601	26000.000000	0.0138734 	26000.000000	3.54957e-08	
27000.000000	0.0328748 	27000.000000	0.0142572 	27000.000000	0.00581723	27000.000000	0.0058083 	27000.000000	0.00581706	27000.000000	0.0142572 	27000.000000	3.42583e-08	
28000.000000	0.0344859 	28000.000000	0.0146404 	28000.000000	0.00583738	28000.000000	0.0058287 	28000.000000	0.00583731	28000.000000	0.0146404 	28000.000000	3.31067e-08	
29000.000000	0.0361354 	29000.000000	0.015023  	29000.000000	0.00585684	29000.000000	0.00584836	29000.000000	0.00585682	29000.000000	0.015023  	29000.000000	3.2032e-08	
30000.000000	0.0378234 	30000.000000	0.0154051 	30000.000000	0.00587565	30000.000000	0.00586734	30000.000000	0.00587562	30000.000000	0.015405  	30000.000000	3.10267e-08	
32000.000000	0.0413155 	32000.000000	0.0161675 	32000.000000	0.00591138	32000.000000	0.00590339	32000.000000	0.00591133	32000.000000	0.0161674 	32000.000000	2.91991e-08	
34000.000000	0.0449637 	34000.000000	0.0169277 	34000.000000	0.00594475	34000.000000	0.00593716	34000.000000	0.00594474	34000.000000	0.0169277 	34000.000000	2.75801e-08	
36000.000000	0.0487695 	36000.000000	0.0176859 	36000.000000	0.00597609	36000.000000	0.00596892	36000.000000	0.00597612	36000.000000	0.0176859 	36000.000000	2.61357e-08	
38000.000000	0.0527346 	38000.000000	0.0184422 	38000.000000	0.00600567	38000.000000	0.00599887	38000.000000	0.00600567	38000.000000	0.0184422 	38000.000000	2.48388e-08	
40000.000000	0.0568605 	40000.000000	0.0191966 	40000.000000	0.00603365	40000.000000	0.00602722	40000.000000	0.00603359	40000.000000	0.0191965 	40000.000000	2.36678e-08	
42000.000000	0.0611488 	42000.000000	0.0199491 	42000.000000	0.00606016	42000.000000	0.0060541 	42000.000000	0.00606003	42000.000000	0.0199491 	42000.000000	2.2605e-08	
44000.000000	0.0656014 	44000.000000	0.0207    	44000.000000	0.00608531	44000.000000	0.00607967	44000.000000	0.00608514	44000.000000	0.0207    	44000.000000	2.16359e-08	
46000.000000	0.0702198 	46000.000000	0.0214492 	46000.000000	0.00610922	46000.000000	0.00610404	46000.000000	0.00610901	46000.000000	0.0214492 	46000.000000	2.07487e-08	
48000.000000	0.0750058 	48000.000000	0.0221968 	48000.000000	0.006132  	48000.000000	0.00612731	48000.000000	0.00613178	48000.000000	0.0221968 	48000.000000	1.99332e-08	
50000.000000	0.0799612 	50000.000000	0.022943  	50000.000000	0.00615374	50000.000000	0.00614957	50000.000000	0.00615351	50000.000000	0.0229429 	50000.000000	1.9181e-08	
