*Energy (MeV/u)1	0 - [He-base] F.Hubert et al, AD&ND Tables 46(1990)1	Energy (MeV/u)2	1 - [H -base] J.F.Ziegler et al,Pergamon Press,NY(low energy)	Energy (MeV/u)3	2 - ATIMA 1.2 LS-theory (recommended for high energy)	Energy (MeV/u)4	3 - ATIMA 1.2 without LS-correction	Energy (MeV/u)5	4 - ATIMA 1.4 H.Weick, improved mean charge formula for HI	Energy (MeV/u)6	5 - electrical component of [1] - J.F.Ziegler et al	Energy (MeV/u)7	6 - nuclear component of [1] - J.F.Ziegler et al	
0.001000	0.165033  	0.001000	0.0401299 	0.001000	0.0433478 	0.001000	0.0433478 	0.001000	0.0433221 	0.001000	0.0363935 	0.001000	0.0037364 	
0.002000	0.200613  	0.002000	0.0532171 	0.002000	0.0576128 	0.002000	0.0576128 	0.002000	0.057592  	0.002000	0.049715  	0.002000	0.00350212	
0.005000	0.266569  	0.005000	0.0778676 	0.005000	0.0845065 	0.005000	0.0845065 	0.005000	0.0844936 	0.005000	0.0750862 	0.005000	0.00278137	
0.008000	0.311023  	0.008000	0.0950902 	0.008000	0.103293  	0.008000	0.103293  	0.008000	0.103284  	0.008000	0.0927714 	0.008000	0.00231881	
0.010000	0.33507   	0.010000	0.104668  	0.010000	0.113737  	0.010000	0.113737  	0.010000	0.11373   	0.010000	0.102571  	0.010000	0.00209765	
0.015000	0.404543  	0.015000	0.133434  	0.015000	0.135699  	0.015000	0.135699  	0.015000	0.135693  	0.015000	0.131721  	0.015000	0.00171248	
0.020000	0.461385  	0.020000	0.154563  	0.020000	0.153966  	0.020000	0.153966  	0.020000	0.153961  	0.020000	0.153102  	0.020000	0.00146128	
0.025000	0.508366  	0.025000	0.170526  	0.025000	0.169896  	0.025000	0.169896  	0.025000	0.169892  	0.025000	0.169243  	0.025000	0.00128241	
0.030000	0.546953  	0.030000	0.183261  	0.030000	0.187894  	0.030000	0.187894  	0.030000	0.187891  	0.030000	0.182113  	0.030000	0.0011475 	
0.035000	0.578106  	0.035000	0.193847  	0.035000	0.199005  	0.035000	0.199005  	0.035000	0.199003  	0.035000	0.192805  	0.035000	0.00104154	
0.040000	0.602576  	0.040000	0.202795  	0.040000	0.206884  	0.040000	0.206884  	0.040000	0.206882  	0.040000	0.201839  	0.040000	0.000955761	
0.045000	0.621039  	0.045000	0.210367  	0.045000	0.213244  	0.045000	0.213244  	0.045000	0.213242  	0.045000	0.209482  	0.045000	0.000884673	
0.050000	0.634143  	0.050000	0.216735  	0.050000	0.218703  	0.050000	0.218703  	0.050000	0.218701  	0.050000	0.215911  	0.050000	0.000824654	
0.055000	0.642525  	0.055000	0.222043  	0.055000	0.223446  	0.055000	0.223446  	0.055000	0.223445  	0.055000	0.22127   	0.055000	0.000773204	
0.060000	0.646813  	0.060000	0.226421  	0.060000	0.227532  	0.060000	0.227532  	0.060000	0.22753   	0.060000	0.225692  	0.060000	0.000728536	
0.070000	0.645499  	0.070000	0.232841  	0.070000	0.233852  	0.070000	0.233852  	0.070000	0.233851  	0.070000	0.232188  	0.070000	0.000653418	
0.080000	0.634602  	0.080000	0.236801  	0.080000	0.23797   	0.080000	0.23797   	0.080000	0.237969  	0.080000	0.236209  	0.080000	0.000591144	
0.090000	0.617745  	0.090000	0.23893   	0.090000	0.240281  	0.090000	0.240281  	0.090000	0.24028   	0.090000	0.238388  	0.090000	0.000542787	
0.100000	0.597672  	0.100000	0.2397    	0.100000	0.24117   	0.100000	0.24117   	0.100000	0.241169  	0.100000	0.239197  	0.100000	0.000503055	
0.120000	0.554943  	0.120000	0.238475  	0.120000	0.239963  	0.120000	0.239963  	0.120000	0.239963  	0.120000	0.238035  	0.120000	0.000440195	
0.140000	0.514867  	0.140000	0.234995  	0.140000	0.236305  	0.140000	0.236305  	0.140000	0.236304  	0.140000	0.234602  	0.140000	0.00039252	
0.160000	0.480076  	0.160000	0.230312  	0.160000	0.231363  	0.160000	0.231363  	0.160000	0.231363  	0.160000	0.229957  	0.160000	0.000354986	
0.180000	0.45068   	0.180000	0.225031  	0.180000	0.225812  	0.180000	0.225812  	0.180000	0.225811  	0.180000	0.224706  	0.180000	0.000324586	
0.200000	0.425945  	0.200000	0.219502  	0.200000	0.220036  	0.200000	0.220036  	0.200000	0.220036  	0.200000	0.219203  	0.200000	0.000299408	
0.250000	0.378972  	0.250000	0.205761  	0.250000	0.205834  	0.250000	0.205834  	0.250000	0.205834  	0.250000	0.205509  	0.250000	0.000251865	
0.300000	0.345478  	0.300000	0.193041  	0.300000	0.192853  	0.300000	0.192853  	0.300000	0.192853  	0.300000	0.192823  	0.300000	0.000218251	
0.350000	0.319759  	0.350000	0.181649  	0.350000	0.181334  	0.350000	0.181334  	0.350000	0.181334  	0.350000	0.181456  	0.350000	0.000193162	
0.400000	0.298904  	0.400000	0.171539  	0.400000	0.171176  	0.400000	0.171176  	0.400000	0.171176  	0.400000	0.171366  	0.400000	0.000173632	
0.450000	0.281351  	0.450000	0.162569  	0.450000	0.162202  	0.450000	0.162202  	0.450000	0.162202  	0.450000	0.162411  	0.450000	0.000157958	
0.500000	0.266201  	0.500000	0.154582  	0.500000	0.154237  	0.500000	0.154237  	0.500000	0.154237  	0.500000	0.154437  	0.500000	0.000145075	
0.600000	0.241051  	0.600000	0.141015  	0.600000	0.140744  	0.600000	0.140744  	0.600000	0.140744  	0.600000	0.14089   	0.600000	0.000125097	
0.700000	0.22078   	0.700000	0.12994   	0.700000	0.12975   	0.700000	0.12975   	0.700000	0.12975   	0.700000	0.12983   	0.700000	0.00011027	
0.800000	0.203966  	0.800000	0.120725  	0.800000	0.120609  	0.800000	0.120609  	0.800000	0.120609  	0.800000	0.120627  	0.800000	9.87941e-05	
0.900000	0.18974   	0.900000	0.112931  	0.900000	0.112875  	0.900000	0.112875  	0.900000	0.112875  	0.900000	0.112841  	0.900000	8.96263e-05	
1.000000	0.177518  	1.000000	0.106242  	1.000000	0.106237  	1.000000	0.106237  	1.000000	0.106237  	1.000000	0.10616   	1.000000	8.21203e-05	
1.250000	0.153293  	1.250000	0.0930063 	1.250000	0.0930848 	1.250000	0.0930848 	1.250000	0.0930848 	1.250000	0.0929382 	1.250000	6.81642e-05	
1.500000	0.135246  	1.500000	0.0831502 	1.500000	0.0832721 	1.500000	0.0832721 	1.500000	0.0832721 	1.500000	0.0830917 	1.500000	5.84839e-05	
1.750000	0.121237  	1.750000	0.0754842 	1.750000	0.0756258 	1.750000	0.0756258 	1.750000	0.0756258 	1.750000	0.0754328 	1.750000	5.13468e-05	
2.000000	0.110021  	2.000000	0.069325  	2.000000	0.0694722 	2.000000	0.0694722 	2.000000	0.0694722 	2.000000	0.0692792 	2.000000	4.58515e-05	
2.250000	0.100824  	2.250000	0.0642509 	2.250000	0.0643954 	2.250000	0.0643954 	2.250000	0.0643954 	2.250000	0.0642094 	2.250000	4.14806e-05	
2.500000	0.0927363 	2.500000	0.0599866 	2.500000	0.0601236 	2.500000	0.0601236 	2.500000	0.0601236 	2.500000	0.0599487 	2.500000	3.79152e-05	
3.000000	0.0809753 	3.000000	0.0531911 	3.000000	0.0533058 	3.000000	0.0533058 	3.000000	0.0533058 	3.000000	0.0531587 	3.000000	3.24362e-05	
3.500000	0.0720494 	3.500000	0.0479897 	3.500000	0.0480789 	3.500000	0.0480789 	3.500000	0.0480789 	3.500000	0.0479613 	3.500000	2.84113e-05	
4.000000	0.0650242 	4.000000	0.04386   	4.000000	0.0439239 	4.000000	0.0439239 	4.000000	0.0439239 	4.000000	0.0438346 	4.000000	2.53214e-05	
4.500000	0.0593395 	4.500000	0.0404889 	4.500000	0.0405292 	4.500000	0.0405292 	4.500000	0.0405292 	4.500000	0.0404661 	4.500000	2.28698e-05	
5.000000	0.0546373 	5.000000	0.0376767 	5.000000	0.0376953 	5.000000	0.0376953 	5.000000	0.0376953 	5.000000	0.0376559 	5.000000	2.08741e-05	
5.500000	0.0506784 	5.500000	0.0352893 	5.500000	0.0352882 	5.500000	0.0352882 	5.500000	0.0352882 	5.500000	0.0352701 	5.500000	1.92161e-05	
6.000000	0.0472959 	6.000000	0.0332331 	6.000000	0.0332142 	6.000000	0.0332142 	6.000000	0.0332142 	6.000000	0.0332153 	6.000000	1.78152e-05	
6.500000	0.04437   	6.500000	0.0314407 	6.500000	0.0314057 	6.500000	0.0314057 	6.500000	0.0314058 	6.500000	0.0314241 	6.500000	1.6615e-05	
7.000000	0.0418123 	7.000000	0.0298621 	7.000000	0.0298127 	7.000000	0.0298127 	7.000000	0.0298127 	7.000000	0.0298465 	7.000000	1.55746e-05	
7.500000	0.0395561 	7.500000	0.0284595 	7.500000	0.0283971 	7.500000	0.0283971 	7.500000	0.0283972 	7.500000	0.0284448 	7.500000	1.46635e-05	
8.000000	0.0375499 	8.000000	0.0272037 	8.000000	0.0271296 	8.000000	0.0271296 	8.000000	0.0271296 	8.000000	0.0271899 	8.000000	1.38585e-05	
8.500000	0.0357536 	8.500000	0.0260718 	8.500000	0.0259871 	8.500000	0.0259871 	8.500000	0.0259871 	8.500000	0.0260587 	8.500000	1.31419e-05	
9.000000	0.0341352 	9.000000	0.0250454 	9.000000	0.024951  	9.000000	0.024951  	9.000000	0.024951  	9.000000	0.0250329 	9.000000	1.24996e-05	
9.500000	0.0326691 	9.500000	0.0241098 	9.500000	0.0240066 	9.500000	0.0240066 	9.500000	0.0240066 	9.500000	0.0240979 	9.500000	1.19204e-05	
10.000000	0.0313343 	10.000000	0.0234297 	10.000000	0.0231417 	10.000000	0.0231417 	10.000000	0.0231417 	10.000000	0.0234183 	10.000000	1.13953e-05	
11.000000	0.0289926 	11.000000	0.0219151 	11.000000	0.021614  	11.000000	0.0216142 	11.000000	0.0216118 	11.000000	0.0219046 	11.000000	1.04792e-05	
12.000000	0.0270039 	12.000000	0.0205934 	12.000000	0.020298  	12.000000	0.0202985 	12.000000	0.0202963 	12.000000	0.0205837 	12.000000	9.70616e-06	
13.000000	0.0252926 	13.000000	0.0194308 	13.000000	0.0191508 	13.000000	0.0191511 	13.000000	0.0191497 	13.000000	0.0194218 	13.000000	9.04465e-06	
14.000000	0.0238035 	14.000000	0.0184006 	14.000000	0.0181401 	14.000000	0.01814   	14.000000	0.0181393 	14.000000	0.0183921 	14.000000	8.47179e-06	
15.000000	0.0224952 	15.000000	0.0174816 	15.000000	0.017241  	15.000000	0.0172411 	15.000000	0.0172409 	15.000000	0.0174736 	15.000000	7.97059e-06	
16.000000	0.0213362 	16.000000	0.0166567 	16.000000	0.0164358 	16.000000	0.0164356 	16.000000	0.0164358 	16.000000	0.0166492 	16.000000	7.52819e-06	
17.000000	0.0203018 	17.000000	0.0159123 	17.000000	0.0157099 	17.000000	0.0157089 	17.000000	0.0157094 	17.000000	0.0159052 	17.000000	7.13466e-06	
18.000000	0.0193725 	18.000000	0.0152371 	18.000000	0.0150507 	18.000000	0.0150493 	18.000000	0.0150501 	18.000000	0.0152303 	18.000000	6.78219e-06	
19.000000	0.0185329 	19.000000	0.0146218 	19.000000	0.0144489 	19.000000	0.0144476 	19.000000	0.0144486 	19.000000	0.0146153 	19.000000	6.46457e-06	
20.000000	0.0177704 	20.000000	0.0140587 	20.000000	0.0138973 	20.000000	0.0138959 	20.000000	0.0138971 	20.000000	0.0140525 	20.000000	6.1768e-06	
21.000000	0.0170745 	21.000000	0.0135415 	21.000000	0.0133894 	21.000000	0.0133879 	21.000000	0.0133894 	21.000000	0.0135355 	21.000000	5.91479e-06	
22.000000	0.0164368 	22.000000	0.0130646 	22.000000	0.0129198 	22.000000	0.0129184 	22.000000	0.0129202 	22.000000	0.0130589 	22.000000	5.67517e-06	
23.000000	0.0158501 	23.000000	0.0126236 	23.000000	0.0124844 	23.000000	0.0124829 	23.000000	0.012485  	23.000000	0.0126181 	23.000000	5.45514e-06	
24.000000	0.0153085 	24.000000	0.0122144 	24.000000	0.0120798 	24.000000	0.0120777 	24.000000	0.01208   	24.000000	0.0122092 	24.000000	5.25236e-06	
25.000000	0.0148068 	25.000000	0.0118338 	25.000000	0.0117026 	25.000000	0.0116996 	25.000000	0.0117021 	25.000000	0.0118287 	25.000000	5.06484e-06	
27.000000	0.0139065 	27.000000	0.0111467 	27.000000	0.0110178 	27.000000	0.011014  	27.000000	0.011017  	27.000000	0.011142  	27.000000	4.72907e-06	
29.000000	0.0131212 	29.000000	0.0105435 	29.000000	0.0104118 	29.000000	0.0104081 	29.000000	0.0104115 	29.000000	0.010539  	29.000000	4.437e-06 	
31.000000	0.0124297 	31.000000	0.0100094 	31.000000	0.00988348	31.000000	0.00987975	31.000000	0.00988342	31.000000	0.0100052 	31.000000	4.18048e-06	
33.000000	0.0118161 	33.000000	0.00953303	33.000000	0.00942184	33.000000	0.00941832	33.000000	0.00942204	33.000000	0.00952908	33.000000	3.95331e-06	
35.000000	0.0112675 	35.000000	0.00910549	35.000000	0.00900698	35.000000	0.00900386	35.000000	0.0090076 	35.000000	0.00910174	35.000000	3.75065e-06	
38.000000	0.0105453 	38.000000	0.00854024	38.000000	0.00845951	38.000000	0.0084553 	38.000000	0.00845905	38.000000	0.00853675	38.000000	3.48446e-06	
41.000000	0.00992141	41.000000	0.00804991	41.000000	0.00798308	41.000000	0.00797873	41.000000	0.00798247	41.000000	0.00804665	41.000000	3.25513e-06	
44.000000	0.00937678	44.000000	0.00762036	44.000000	0.00756454	44.000000	0.00756056	44.000000	0.00756428	44.000000	0.0076173 	44.000000	3.05537e-06	
47.000000	0.00889691	47.000000	0.00724083	47.000000	0.00719424	47.000000	0.00719047	47.000000	0.00719415	47.000000	0.00723795	47.000000	2.87975e-06	
50.000000	0.00847069	50.000000	0.00690296	50.000000	0.00686399	50.000000	0.00686045	50.000000	0.00686409	50.000000	0.00690023	50.000000	2.72407e-06	
55.000000	0.00785675	55.000000	0.00641516	55.000000	0.00638621	55.000000	0.00638294	55.000000	0.00638651	55.000000	0.00641266	55.000000	2.50039e-06	
60.000000	0.00733839	60.000000	0.00600241	60.000000	0.00598105	60.000000	0.00597782	60.000000	0.00598132	60.000000	0.0060001 	60.000000	2.31207e-06	
65.000000	0.0068945 	65.000000	0.00564845	65.000000	0.00563335	65.000000	0.00562953	65.000000	0.00563295	65.000000	0.0056463 	65.000000	2.15124e-06	
70.000000	0.00650982	70.000000	0.00534142	70.000000	0.00533018	70.000000	0.00532671	70.000000	0.00533005	70.000000	0.00533941	70.000000	2.01222e-06	
75.000000	0.00617301	75.000000	0.00507249	75.000000	0.00506414	75.000000	0.00506086	75.000000	0.00506414	75.000000	0.0050706 	75.000000	1.89079e-06	
80.000000	0.00587548	80.000000	0.00483489	80.000000	0.00482861	80.000000	0.00482552	80.000000	0.00482873	80.000000	0.00483311	80.000000	1.78377e-06	
85.000000	0.00561059	85.000000	0.00462341	85.000000	0.00461856	85.000000	0.00461563	85.000000	0.00461878	85.000000	0.00462172	85.000000	1.6887e-06	
90.000000	0.00537315	90.000000	0.00443391	90.000000	0.00443005	90.000000	0.00442724	90.000000	0.00443033	90.000000	0.00443231	90.000000	1.60366e-06	
95.000000	0.005159  	95.000000	0.00426311	95.000000	0.00426048	95.000000	0.00425715	95.000000	0.00426018	95.000000	0.00426158	95.000000	1.52713e-06	
100.000000	0.00496481	100.000000	0.00410834	100.000000	0.00410598	100.000000	0.00410279	100.000000	0.00410577	100.000000	0.00410688	100.000000	1.45786e-06	
105.000000	0.00478783	105.000000	0.00396743	105.000000	0.00396511	105.000000	0.00396206	105.000000	0.00396499	105.000000	0.00396603	105.000000	1.39487e-06	
110.000000	0.00462584	110.000000	0.00383857	110.000000	0.00383613	110.000000	0.0038332 	110.000000	0.00383608	110.000000	0.00383724	110.000000	1.33731e-06	
115.000000	0.00447695	115.000000	0.00372028	115.000000	0.00371758	115.000000	0.00371475	115.000000	0.00371759	115.000000	0.003719  	115.000000	1.28451e-06	
120.000000	0.0043396 	120.000000	0.00361129	120.000000	0.00360823	120.000000	0.00360551	120.000000	0.0036083 	120.000000	0.00361006	120.000000	1.23589e-06	
125.000000	0.00421247	125.000000	0.00351054	125.000000	0.00350706	125.000000	0.00350441	125.000000	0.00350717	125.000000	0.00350935	125.000000	1.19097e-06	
130.000000	0.00409442	130.000000	0.00341712	130.000000	0.00341314	130.000000	0.00341058	130.000000	0.00341331	130.000000	0.00341597	130.000000	1.14934e-06	
135.000000	0.0039845 	135.000000	0.00333026	135.000000	0.00332569	135.000000	0.00332326	135.000000	0.00332595	135.000000	0.00332915	135.000000	1.11063e-06	
140.000000	0.00388188	140.000000	0.00324928	140.000000	0.00324439	140.000000	0.00324179	140.000000	0.00324444	140.000000	0.0032482 	140.000000	1.07456e-06	
145.000000	0.00378582	145.000000	0.0031736 	145.000000	0.00316843	145.000000	0.00316559	145.000000	0.00316821	145.000000	0.00317256	145.000000	1.04085e-06	
150.000000	0.0036957 	150.000000	0.00310272	150.000000	0.00309692	150.000000	0.00309417	150.000000	0.00309676	150.000000	0.00310171	150.000000	1.00928e-06	
155.000000	0.00356882	155.000000	0.00303618	155.000000	0.00302974	155.000000	0.0030271 	155.000000	0.00302965	155.000000	0.0030352 	155.000000	9.79647e-07	
160.000000	0.00349445	160.000000	0.00297361	160.000000	0.00296657	160.000000	0.00296397	160.000000	0.0029665 	160.000000	0.00297266	160.000000	9.51776e-07	
165.000000	0.00342432	165.000000	0.00291465	165.000000	0.002907  	165.000000	0.00290447	165.000000	0.00290697	165.000000	0.00291372	165.000000	9.25513e-07	
170.000000	0.00335807	170.000000	0.002859  	170.000000	0.00285075	170.000000	0.00284827	170.000000	0.00285074	170.000000	0.0028581 	170.000000	9.0072e-07	
175.000000	0.00329539	175.000000	0.00280639	175.000000	0.00279754	175.000000	0.00279512	175.000000	0.00279757	175.000000	0.00280551	175.000000	8.77275e-07	
180.000000	0.00323598	180.000000	0.00275658	180.000000	0.00274714	180.000000	0.00274477	180.000000	0.0027472 	180.000000	0.00275572	180.000000	8.5507e-07	
185.000000	0.0031796 	185.000000	0.00270934	185.000000	0.00269934	185.000000	0.00269701	185.000000	0.00269942	185.000000	0.0027085 	185.000000	8.34007e-07	
190.000000	0.00312602	190.000000	0.00266448	190.000000	0.00265393	190.000000	0.00265165	190.000000	0.00265403	190.000000	0.00266367	190.000000	8.14e-07  	
195.000000	0.00307502	195.000000	0.00262183	195.000000	0.00261071	195.000000	0.0026085 	195.000000	0.00261086	195.000000	0.00262104	195.000000	7.9497e-07	
200.000000	0.00302644	200.000000	0.00258123	200.000000	0.00256957	200.000000	0.00256742	200.000000	0.00256975	200.000000	0.00258046	200.000000	7.76846e-07	
210.000000	0.00293583	210.000000	0.00250561	210.000000	0.00249327	210.000000	0.00249087	210.000000	0.00249317	210.000000	0.00250487	210.000000	7.43065e-07	
220.000000	0.00285301	220.000000	0.00243662	220.000000	0.0024234 	220.000000	0.002421  	220.000000	0.00242326	220.000000	0.00243591	220.000000	7.12213e-07	
230.000000	0.00277702	230.000000	0.00237342	230.000000	0.00235929	230.000000	0.00235699	230.000000	0.00235922	230.000000	0.00237274	230.000000	6.83919e-07	
240.000000	0.00270704	240.000000	0.00231532	240.000000	0.00230036	240.000000	0.00229813	240.000000	0.00230032	240.000000	0.00231466	240.000000	6.57874e-07	
250.000000	0.00264237	250.000000	0.00226173	250.000000	0.002246  	250.000000	0.00224383	250.000000	0.002246  	250.000000	0.0022611 	250.000000	6.33816e-07	
260.000000	0.00258244	260.000000	0.00221215	260.000000	0.0021957 	260.000000	0.00219359	260.000000	0.00219573	260.000000	0.00221154	260.000000	6.11524e-07	
270.000000	0.00252675	270.000000	0.00216614	270.000000	0.00214904	270.000000	0.00214698	270.000000	0.00214909	270.000000	0.00216555	270.000000	5.90808e-07	
280.000000	0.00247485	280.000000	0.00212334	280.000000	0.00210563	280.000000	0.00210362	280.000000	0.00210571	280.000000	0.00212277	280.000000	5.71503e-07	
290.000000	0.00242637	290.000000	0.00208343	290.000000	0.00206513	290.000000	0.00206319	290.000000	0.00206526	290.000000	0.00208288	290.000000	5.53469e-07	
300.000000	0.00238099	300.000000	0.00204613	300.000000	0.00202745	300.000000	0.00202542	300.000000	0.00202746	300.000000	0.00204559	300.000000	5.36582e-07	
310.000000	0.00233841	310.000000	0.0020112 	310.000000	0.00199221	310.000000	0.00199005	310.000000	0.00199207	310.000000	0.00201067	310.000000	5.20735e-07	
320.000000	0.0022984 	320.000000	0.00197841	320.000000	0.00195897	320.000000	0.00195685	320.000000	0.00195886	320.000000	0.00197791	320.000000	5.05834e-07	
330.000000	0.00226073	330.000000	0.00194759	330.000000	0.00192772	330.000000	0.00192566	330.000000	0.00192764	330.000000	0.0019471 	330.000000	4.91795e-07	
340.000000	0.00222519	340.000000	0.00191856	340.000000	0.00189832	340.000000	0.00189629	340.000000	0.00189826	340.000000	0.00191808	340.000000	4.78544e-07	
350.000000	0.00219163	350.000000	0.00189118	350.000000	0.00187059	350.000000	0.00186859	350.000000	0.00187054	350.000000	0.00189072	350.000000	4.66017e-07	
360.000000	0.00215987	360.000000	0.00186532	360.000000	0.00184439	360.000000	0.00184243	360.000000	0.00184437	360.000000	0.00186486	360.000000	4.54153e-07	
370.000000	0.00212978	370.000000	0.00184084	370.000000	0.00181965	370.000000	0.00181772	370.000000	0.00181964	370.000000	0.0018404 	370.000000	4.42903e-07	
380.000000	0.00210124	380.000000	0.00181766	380.000000	0.00179622	380.000000	0.00179432	380.000000	0.00179623	380.000000	0.00181723	380.000000	4.32218e-07	
390.000000	0.00207412	390.000000	0.00179567	390.000000	0.00177402	390.000000	0.00177215	390.000000	0.00177404	390.000000	0.00179525	390.000000	4.22056e-07	
400.000000	0.00204834	400.000000	0.00177479	400.000000	0.00175294	400.000000	0.0017511 	400.000000	0.00175298	400.000000	0.00177437	400.000000	4.1238e-07	
410.000000	0.0020238 	410.000000	0.00175493	410.000000	0.00173292	410.000000	0.0017311 	410.000000	0.00173297	410.000000	0.00175453	410.000000	4.03154e-07	
420.000000	0.0020004 	420.000000	0.00173603	420.000000	0.00171387	420.000000	0.00171207	420.000000	0.00171393	420.000000	0.00173564	420.000000	3.94348e-07	
430.000000	0.00197808	430.000000	0.00171802	430.000000	0.00169572	430.000000	0.00169395	430.000000	0.00169579	430.000000	0.00171764	430.000000	3.85934e-07	
440.000000	0.00195677	440.000000	0.00170085	440.000000	0.0016784 	440.000000	0.00167667	440.000000	0.00167851	440.000000	0.00170047	440.000000	3.77885e-07	
450.000000	0.0019364 	450.000000	0.00168446	450.000000	0.00166192	450.000000	0.00166021	450.000000	0.00166203	450.000000	0.00168409	450.000000	3.70178e-07	
460.000000	0.00191692	460.000000	0.00166879	460.000000	0.00164625	460.000000	0.00164449	460.000000	0.0016463 	460.000000	0.00166843	460.000000	3.62791e-07	
470.000000	0.00189827	470.000000	0.00165381	470.000000	0.0016313 	470.000000	0.00162946	470.000000	0.00163126	470.000000	0.00165346	470.000000	3.55705e-07	
480.000000	0.00188039	480.000000	0.00163947	480.000000	0.00161698	480.000000	0.00161509	480.000000	0.00161688	480.000000	0.00163913	480.000000	3.48901e-07	
490.000000	0.00186326	490.000000	0.00162574	490.000000	0.0016032 	490.000000	0.00160133	490.000000	0.00160311	490.000000	0.0016254 	490.000000	3.42362e-07	
500.000000	0.00184681	500.000000	0.00161258	500.000000	0.00158999	500.000000	0.00158815	500.000000	0.00158992	500.000000	0.00161225	500.000000	3.36074e-07	
520.000000	0.00181585	520.000000	0.00158784	520.000000	0.00156519	520.000000	0.0015634 	520.000000	0.00156515	520.000000	0.00158752	520.000000	3.2419e-07	
540.000000	0.00178724	540.000000	0.00156503	540.000000	0.00154235	540.000000	0.00154058	540.000000	0.00154232	540.000000	0.00156471	540.000000	3.1315e-07	
560.000000	0.00176074	560.000000	0.00154393	560.000000	0.00152125	560.000000	0.00151952	560.000000	0.00152124	560.000000	0.00154363	560.000000	3.02863e-07	
580.000000	0.00173614	580.000000	0.00152438	580.000000	0.00150172	580.000000	0.00150001	580.000000	0.00150172	580.000000	0.00152409	580.000000	2.93256e-07	
600.000000	0.00171325	600.000000	0.00150623	600.000000	0.0014836 	600.000000	0.00148192	600.000000	0.00148361	600.000000	0.00150594	600.000000	2.84262e-07	
620.000000	0.00169193	620.000000	0.00148934	620.000000	0.00146675	620.000000	0.0014651 	620.000000	0.00146678	620.000000	0.00148907	620.000000	2.75824e-07	
640.000000	0.00167203	640.000000	0.00147361	640.000000	0.00145108	640.000000	0.00144944	640.000000	0.00145111	640.000000	0.00147334	640.000000	2.6789e-07	
660.000000	0.00165343	660.000000	0.00145892	660.000000	0.00143644	660.000000	0.00143484	660.000000	0.0014365 	660.000000	0.00145866	660.000000	2.60417e-07	
680.000000	0.00163602	680.000000	0.00144519	680.000000	0.00142276	680.000000	0.00142119	680.000000	0.00142284	680.000000	0.00144494	680.000000	2.53364e-07	
700.000000	0.00161971	700.000000	0.00143234	700.000000	0.00141001	700.000000	0.00140843	700.000000	0.00141007	700.000000	0.0014321 	700.000000	2.46698e-07	
720.000000	0.0016044 	720.000000	0.0014203 	720.000000	0.00139813	720.000000	0.00139647	720.000000	0.00139811	720.000000	0.00142006	720.000000	2.40386e-07	
740.000000	0.00159003	740.000000	0.001409  	740.000000	0.00138697	740.000000	0.00138526	740.000000	0.00138688	740.000000	0.00140877	740.000000	2.34401e-07	
760.000000	0.00157652	760.000000	0.00139839	760.000000	0.00137643	760.000000	0.00137473	760.000000	0.00137634	760.000000	0.00139816	760.000000	2.28718e-07	
780.000000	0.0015638 	780.000000	0.00138842	780.000000	0.0013665 	780.000000	0.00136482	780.000000	0.00136643	780.000000	0.00138819	780.000000	2.23314e-07	
800.000000	0.00155183	800.000000	0.00137903	800.000000	0.00135715	800.000000	0.0013555 	800.000000	0.0013571 	800.000000	0.00137881	800.000000	2.18168e-07	
820.000000	0.00154055	820.000000	0.00137019	820.000000	0.00134836	820.000000	0.00134672	820.000000	0.00134832	820.000000	0.00136998	820.000000	2.13263e-07	
840.000000	0.00152992	840.000000	0.00136186	840.000000	0.00134007	840.000000	0.00133844	840.000000	0.00134003	840.000000	0.00136165	840.000000	2.08582e-07	
860.000000	0.00151988	860.000000	0.001354  	860.000000	0.00133224	860.000000	0.00133063	860.000000	0.00133221	860.000000	0.0013538 	860.000000	2.0411e-07	
880.000000	0.00151041	880.000000	0.00134659	880.000000	0.00132485	880.000000	0.00132325	880.000000	0.00132482	880.000000	0.00134639	880.000000	1.99832e-07	
900.000000	0.00150147	900.000000	0.00133958	900.000000	0.00131786	900.000000	0.00131627	900.000000	0.00131784	900.000000	0.00133939	900.000000	1.95737e-07	
920.000000	0.00149302	920.000000	0.00133297	920.000000	0.00131124	920.000000	0.00130967	920.000000	0.00131123	920.000000	0.00133278	920.000000	1.91812e-07	
940.000000	0.00148504	940.000000	0.00132672	940.000000	0.00130498	940.000000	0.00130342	940.000000	0.00130498	940.000000	0.00132653	940.000000	1.88047e-07	
960.000000	0.00147749	960.000000	0.00132081	960.000000	0.00129905	960.000000	0.0012975 	960.000000	0.00129905	960.000000	0.00132062	960.000000	1.84432e-07	
980.000000	0.00147036	980.000000	0.00131522	980.000000	0.00129343	980.000000	0.00129189	980.000000	0.00129344	980.000000	0.00131504	980.000000	1.80959e-07	
1000.000000	0.00146362	1000.000000	0.00130993	1000.000000	0.0012881 	1000.000000	0.00128657	1000.000000	0.00128811	1000.000000	0.00130976	1000.000000	1.77619e-07	
1020.000000	0.00145724	1020.000000	0.00130493	1020.000000	0.00128305	1020.000000	0.00128153	1020.000000	0.00128306	1020.000000	0.00130476	1020.000000	1.74405e-07	
1040.000000	0.00145121	1040.000000	0.0013002 	1040.000000	0.00127825	1040.000000	0.00127673	1040.000000	0.00127826	1040.000000	0.00130002	1040.000000	1.71309e-07	
1060.000000	0.00144552	1060.000000	0.00129572	1060.000000	0.00127369	1060.000000	0.00127218	1060.000000	0.00127371	1060.000000	0.00129555	1060.000000	1.68326e-07	
1080.000000	0.00144013	1080.000000	0.00129147	1080.000000	0.00126935	1080.000000	0.00126786	1080.000000	0.00126938	1080.000000	0.00129131	1080.000000	1.65448e-07	
1100.000000	0.00143504	1100.000000	0.00128746	1100.000000	0.00126524	1100.000000	0.00126375	1100.000000	0.00126527	1100.000000	0.0012873 	1100.000000	1.6267e-07	
1120.000000	0.00143024	1120.000000	0.00128366	1120.000000	0.00126132	1120.000000	0.00125984	1120.000000	0.00126135	1120.000000	0.0012835 	1120.000000	1.59988e-07	
1140.000000	0.0014257 	1140.000000	0.00128007	1140.000000	0.0012576 	1140.000000	0.00125612	1140.000000	0.00125763	1140.000000	0.00127991	1140.000000	1.57396e-07	
1160.000000	0.00142141	1160.000000	0.00127667	1160.000000	0.00125406	1160.000000	0.00125259	1160.000000	0.00125409	1160.000000	0.00127651	1160.000000	1.54889e-07	
1180.000000	0.00141737	1180.000000	0.00127345	1180.000000	0.00125068	1180.000000	0.00124922	1180.000000	0.00125072	1180.000000	0.0012733 	1180.000000	1.52464e-07	
1200.000000	0.00141356	1200.000000	0.00127041	1200.000000	0.00124747	1200.000000	0.00124602	1200.000000	0.00124752	1200.000000	0.00127026	1200.000000	1.50117e-07	
1220.000000	0.00140997	1220.000000	0.00126753	1220.000000	0.00124441	1220.000000	0.00124297	1220.000000	0.00124446	1220.000000	0.00126738	1220.000000	1.47843e-07	
1240.000000	0.00140659	1240.000000	0.00126481	1240.000000	0.00124149	1240.000000	0.00124006	1240.000000	0.00124155	1240.000000	0.00126467	1240.000000	1.4564e-07	
1260.000000	0.00140341	1260.000000	0.00126225	1260.000000	0.00123871	1260.000000	0.00123729	1260.000000	0.00123878	1260.000000	0.0012621 	1260.000000	1.43504e-07	
1280.000000	0.00140043	1280.000000	0.00125983	1280.000000	0.00123607	1280.000000	0.00123465	1280.000000	0.00123614	1280.000000	0.00125968	1280.000000	1.41432e-07	
1300.000000	0.00139763	1300.000000	0.00125754	1300.000000	0.00123356	1300.000000	0.00123214	1300.000000	0.00123363	1300.000000	0.0012574 	1300.000000	1.39421e-07	
1320.000000	0.001395  	1320.000000	0.00125539	1320.000000	0.00123117	1320.000000	0.00122975	1320.000000	0.00123123	1320.000000	0.00125525	1320.000000	1.37468e-07	
1340.000000	0.00139254	1340.000000	0.00125336	1340.000000	0.0012289 	1340.000000	0.00122747	1340.000000	0.00122895	1340.000000	0.00125323	1340.000000	1.35571e-07	
1360.000000	0.00139025	1360.000000	0.00125146	1360.000000	0.00122675	1360.000000	0.00122529	1360.000000	0.00122677	1360.000000	0.00125132	1360.000000	1.33728e-07	
1380.000000	0.00138811	1380.000000	0.00124967	1380.000000	0.0012247 	1380.000000	0.00122322	1380.000000	0.00122469	1380.000000	0.00124953	1380.000000	1.31936e-07	
1400.000000	0.00138612	1400.000000	0.00124798	1400.000000	0.00122274	1400.000000	0.00122125	1400.000000	0.00122272	1400.000000	0.00124785	1400.000000	1.30194e-07	
1420.000000	0.00138428	1420.000000	0.00124641	1420.000000	0.00122088	1420.000000	0.00121936	1420.000000	0.00122083	1420.000000	0.00124628	1420.000000	1.28498e-07	
1440.000000	0.00138257	1440.000000	0.00124494	1440.000000	0.0012191 	1440.000000	0.00121757	1440.000000	0.00121904	1440.000000	0.00124481	1440.000000	1.26848e-07	
1460.000000	0.00138099	1460.000000	0.00124356	1460.000000	0.00121739	1460.000000	0.00121586	1460.000000	0.00121733	1460.000000	0.00124343	1460.000000	1.25241e-07	
1480.000000	0.00137955	1480.000000	0.00124228	1480.000000	0.00121577	1480.000000	0.00121424	1480.000000	0.0012157 	1480.000000	0.00124215	1480.000000	1.23675e-07	
1500.000000	0.00137822	1500.000000	0.00124108	1500.000000	0.00121421	1500.000000	0.00121268	1500.000000	0.00121414	1500.000000	0.00124096	1500.000000	1.2215e-07	
1520.000000	0.00137702	1520.000000	0.00123998	1520.000000	0.00121273	1520.000000	0.00121121	1520.000000	0.00121267	1520.000000	0.00123986	1520.000000	1.20663e-07	
1540.000000	0.00137593	1540.000000	0.00123895	1540.000000	0.00121132	1540.000000	0.0012098 	1540.000000	0.00121126	1540.000000	0.00123883	1540.000000	1.19214e-07	
1560.000000	0.00137495	1560.000000	0.00123801	1560.000000	0.00120997	1560.000000	0.00120846	1560.000000	0.00120992	1560.000000	0.00123789	1560.000000	1.178e-07 	
1580.000000	0.00137407	1580.000000	0.00123714	1580.000000	0.00120869	1580.000000	0.00120719	1580.000000	0.00120864	1580.000000	0.00123702	1580.000000	1.1642e-07	
1600.000000	0.0013733 	1600.000000	0.00123635	1600.000000	0.00120747	1600.000000	0.00120598	1600.000000	0.00120743	1600.000000	0.00123623	1600.000000	1.15073e-07	
1620.000000	0.00137263	1620.000000	0.00123562	1620.000000	0.00120632	1620.000000	0.00120483	1620.000000	0.00120627	1620.000000	0.00123551	1620.000000	1.13759e-07	
1640.000000	0.00137205	1640.000000	0.00123497	1640.000000	0.00120521	1640.000000	0.00120373	1640.000000	0.00120518	1640.000000	0.00123486	1640.000000	1.12475e-07	
1660.000000	0.00137157	1660.000000	0.00123438	1660.000000	0.00120417	1660.000000	0.00120269	1660.000000	0.00120413	1660.000000	0.00123427	1660.000000	1.11221e-07	
1680.000000	0.00137118	1680.000000	0.00123386	1680.000000	0.00120318	1680.000000	0.0012017 	1680.000000	0.00120314	1680.000000	0.00123375	1680.000000	1.09995e-07	
1700.000000	0.00137087	1700.000000	0.0012334 	1700.000000	0.00120224	1700.000000	0.00120076	1700.000000	0.0012022 	1700.000000	0.00123329	1700.000000	1.08797e-07	
1750.000000	0.00137047	1750.000000	0.0012325 	1750.000000	0.00120009	1750.000000	0.00119862	1750.000000	0.00120006	1750.000000	0.00123239	1750.000000	1.05918e-07	
1800.000000	0.00137055	1800.000000	0.00123194	1800.000000	0.00119822	1800.000000	0.00119676	1800.000000	0.00119819	1800.000000	0.00123184	1800.000000	1.03192e-07	
1850.000000	0.00137108	1850.000000	0.0012317 	1850.000000	0.00119659	1850.000000	0.00119513	1850.000000	0.00119657	1850.000000	0.00123159	1850.000000	1.00608e-07	
1900.000000	0.00137203	1900.000000	0.00123174	1900.000000	0.00119519	1900.000000	0.00119374	1900.000000	0.00119517	1900.000000	0.00123164	1900.000000	9.81543e-08	
1950.000000	0.00137337	1950.000000	0.00123205	1950.000000	0.00119399	1950.000000	0.00119254	1950.000000	0.00119397	1950.000000	0.00123196	1950.000000	9.58216e-08	
2000.000000	0.00137508	2000.000000	0.00123261	2000.000000	0.00119297	2000.000000	0.00119154	2000.000000	0.00119296	2000.000000	0.00123252	2000.000000	9.36011e-08	
2100.000000	0.00137948	2100.000000	0.0012344 	2100.000000	0.00119144	2100.000000	0.00119001	2100.000000	0.00119143	2100.000000	0.00123431	2100.000000	8.94651e-08	
2200.000000	0.00138508	2200.000000	0.00123699	2200.000000	0.00119046	2200.000000	0.00118905	2200.000000	0.00119046	2200.000000	0.0012369 	2200.000000	8.56908e-08	
2300.000000	0.00139173	2300.000000	0.00124026	2300.000000	0.00118997	2300.000000	0.00118856	2300.000000	0.00118996	2300.000000	0.00124018	2300.000000	8.22324e-08	
2400.000000	0.00139933	2400.000000	0.00124414	2400.000000	0.00118987	2400.000000	0.00118846	2400.000000	0.00118987	2400.000000	0.00124406	2400.000000	7.90512e-08	
2500.000000	0.00140777	2500.000000	0.00124855	2500.000000	0.0011901 	2500.000000	0.00118871	2500.000000	0.00119011	2500.000000	0.00124848	2500.000000	7.61149e-08	
2600.000000	0.00141697	2600.000000	0.00125343	2600.000000	0.00119062	2600.000000	0.00118923	2600.000000	0.00119063	2600.000000	0.00125336	2600.000000	7.33959e-08	
2700.000000	0.00142685	2700.000000	0.00125873	2700.000000	0.00119138	2700.000000	0.00119   	2700.000000	0.00119139	2700.000000	0.00125866	2700.000000	7.08708e-08	
2800.000000	0.00143737	2800.000000	0.00126439	2800.000000	0.00119235	2800.000000	0.00119097	2800.000000	0.00119236	2800.000000	0.00126432	2800.000000	6.85193e-08	
2900.000000	0.00144846	2900.000000	0.00127039	2900.000000	0.00119349	2900.000000	0.00119211	2900.000000	0.0011935 	2900.000000	0.00127033	2900.000000	6.63238e-08	
3000.000000	0.00146008	3000.000000	0.00127669	3000.000000	0.00119477	3000.000000	0.0011934 	3000.000000	0.00119479	3000.000000	0.00127662	3000.000000	6.42692e-08	
3200.000000	0.00148474	3200.000000	0.00129006	3200.000000	0.00119771	3200.000000	0.00119635	3200.000000	0.00119773	3200.000000	0.00129   	3200.000000	6.05312e-08	
3400.000000	0.00151108	3400.000000	0.00130432	3400.000000	0.00120101	3400.000000	0.00119965	3400.000000	0.00120103	3400.000000	0.00130427	3400.000000	5.72171e-08	
3600.000000	0.0015389 	3600.000000	0.00131931	3600.000000	0.00120456	3600.000000	0.00120322	3600.000000	0.00120459	3600.000000	0.00131926	3600.000000	5.42579e-08	
3800.000000	0.00156801	3800.000000	0.00133492	3800.000000	0.00120831	3800.000000	0.00120696	3800.000000	0.00120833	3800.000000	0.00133486	3800.000000	5.15989e-08	
4000.000000	0.00159829	4000.000000	0.00135103	4000.000000	0.00121217	4000.000000	0.00121083	4000.000000	0.0012122 	4000.000000	0.00135098	4000.000000	4.91962e-08	
4200.000000	0.00162962	4200.000000	0.00136759	4200.000000	0.00121611	4200.000000	0.00121478	4200.000000	0.00121614	4200.000000	0.00136754	4200.000000	4.70142e-08	
4400.000000	0.00166192	4400.000000	0.00138452	4400.000000	0.0012201 	4400.000000	0.00121877	4400.000000	0.00122013	4400.000000	0.00138447	4400.000000	4.50233e-08	
4600.000000	0.0016951 	4600.000000	0.00140177	4600.000000	0.0012241 	4600.000000	0.00122277	4600.000000	0.00122414	4600.000000	0.00140173	4600.000000	4.31994e-08	
4800.000000	0.00172909	4800.000000	0.0014193 	4800.000000	0.00122811	4800.000000	0.00122678	4800.000000	0.00122814	4800.000000	0.00141926	4800.000000	4.1522e-08	
5000.000000	0.00176386	5000.000000	0.00143707	5000.000000	0.00123209	5000.000000	0.00123077	5000.000000	0.00123213	5000.000000	0.00143703	5000.000000	3.9974e-08	
5250.000000	0.00180833	5250.000000	0.00145958	5250.000000	0.00123703	5250.000000	0.00123571	5250.000000	0.00123707	5250.000000	0.00145954	5250.000000	3.81989e-08	
5500.000000	0.00185384	5500.000000	0.00148236	5500.000000	0.00124191	5500.000000	0.00124059	5500.000000	0.00124195	5500.000000	0.00148233	5500.000000	3.65795e-08	
6000.000000	0.00194778	6000.000000	0.00152861	6000.000000	0.00125144	6000.000000	0.00125012	6000.000000	0.00125147	6000.000000	0.00152858	6000.000000	3.37317e-08	
6500.000000	0.0020453 	6500.000000	0.00157557	6500.000000	0.00126062	6500.000000	0.00125931	6500.000000	0.00126066	6500.000000	0.00157554	6500.000000	3.13072e-08	
7000.000000	0.00214609	7000.000000	0.00162304	7000.000000	0.00126944	7000.000000	0.00126813	7000.000000	0.00126947	7000.000000	0.00162301	7000.000000	2.92174e-08	
7500.000000	0.00224996	7500.000000	0.00167091	7500.000000	0.00127788	7500.000000	0.00127658	7500.000000	0.00127792	7500.000000	0.00167089	7500.000000	2.73967e-08	
8000.000000	0.00235676	8000.000000	0.00171908	8000.000000	0.00128597	8000.000000	0.00128466	8000.000000	0.001286  	8000.000000	0.00171905	8000.000000	2.5796e-08	
8500.000000	0.00246634	8500.000000	0.00176747	8500.000000	0.00129371	8500.000000	0.00129241	8500.000000	0.00129374	8500.000000	0.00176745	8500.000000	2.43771e-08	
9000.000000	0.00257864	9000.000000	0.00181603	9000.000000	0.00130112	9000.000000	0.00129983	9000.000000	0.00130116	9000.000000	0.00181601	9000.000000	2.31107e-08	
9500.000000	0.00269355	9500.000000	0.00186472	9500.000000	0.00130824	9500.000000	0.00130693	9500.000000	0.00130826	9500.000000	0.0018647 	9500.000000	2.1973e-08	
10000.000000	0.00281104	10000.000000	0.0019135 	10000.000000	0.00131506	10000.000000	0.00131375	10000.000000	0.00131508	10000.000000	0.00191348	10000.000000	2.09453e-08	
11000.000000	0.00305355	11000.000000	0.00201124	11000.000000	0.00132789	11000.000000	0.00132658	11000.000000	0.0013279 	11000.000000	0.00201122	11000.000000	1.91609e-08	
12000.000000	0.00330586	12000.000000	0.00210911	12000.000000	0.00133971	12000.000000	0.00133846	12000.000000	0.00133977	12000.000000	0.00210909	12000.000000	1.76644e-08	
13000.000000	0.00356779	13000.000000	0.00220699	13000.000000	0.00135073	13000.000000	0.00134949	13000.000000	0.00135079	13000.000000	0.00220698	13000.000000	1.63907e-08	
14000.000000	0.00383922	14000.000000	0.00230484	14000.000000	0.00136109	14000.000000	0.00135978	14000.000000	0.00136107	14000.000000	0.00230482	14000.000000	1.52932e-08	
15000.000000	0.00412006	15000.000000	0.0024026 	15000.000000	0.00137083	15000.000000	0.0013694 	15000.000000	0.00137069	15000.000000	0.00240258	15000.000000	1.43372e-08	
16000.000000	0.00441025	16000.000000	0.00250025	16000.000000	0.00137995	16000.000000	0.00137844	16000.000000	0.00137972	16000.000000	0.00250023	16000.000000	1.34969e-08	
17000.000000	0.00470977	17000.000000	0.00259776	17000.000000	0.00138848	17000.000000	0.00138695	17000.000000	0.00138822	17000.000000	0.00259775	17000.000000	1.27523e-08	
18000.000000	0.0050186 	18000.000000	0.00269513	18000.000000	0.00139648	18000.000000	0.00139499	18000.000000	0.00139625	18000.000000	0.00269511	18000.000000	1.20877e-08	
19000.000000	0.00533673	19000.000000	0.00279234	19000.000000	0.00140401	19000.000000	0.00140261	19000.000000	0.00140386	19000.000000	0.00279233	19000.000000	1.14909e-08	
20000.000000	0.00566417	20000.000000	0.00288939	20000.000000	0.00141112	20000.000000	0.00140984	20000.000000	0.00141107	20000.000000	0.00288938	20000.000000	1.09518e-08	
21000.000000	0.00600093	21000.000000	0.00298629	21000.000000	0.00141789	21000.000000	0.00141671	21000.000000	0.00141794	21000.000000	0.00298628	21000.000000	1.04624e-08	
22000.000000	0.00634704	22000.000000	0.00308302	22000.000000	0.00142444	22000.000000	0.00142327	22000.000000	0.00142448	22000.000000	0.00308301	22000.000000	1.0016e-08	
23000.000000	0.00670251	23000.000000	0.00317959	23000.000000	0.00143071	23000.000000	0.00142953	23000.000000	0.00143073	23000.000000	0.00317958	23000.000000	9.60728e-09	
24000.000000	0.00706738	24000.000000	0.00327601	24000.000000	0.0014367 	24000.000000	0.00143552	24000.000000	0.00143671	24000.000000	0.003276  	24000.000000	9.23149e-09	
25000.000000	0.00744168	25000.000000	0.00337226	25000.000000	0.00144244	25000.000000	0.00144126	25000.000000	0.00144244	25000.000000	0.00337225	25000.000000	8.88481e-09	
26000.000000	0.00782543	26000.000000	0.00346836	26000.000000	0.00144795	26000.000000	0.00144678	26000.000000	0.00144794	26000.000000	0.00346835	26000.000000	8.56394e-09	
27000.000000	0.00821869	27000.000000	0.00356431	27000.000000	0.00145326	27000.000000	0.00145207	27000.000000	0.00145322	27000.000000	0.0035643 	27000.000000	8.26608e-09	
28000.000000	0.00862148	28000.000000	0.00366011	28000.000000	0.00145836	28000.000000	0.00145717	28000.000000	0.00145831	28000.000000	0.0036601 	28000.000000	7.98882e-09	
29000.000000	0.00903385	29000.000000	0.00375576	29000.000000	0.00146325	29000.000000	0.00146209	29000.000000	0.00146321	29000.000000	0.00375575	29000.000000	7.73007e-09	
30000.000000	0.00945585	30000.000000	0.00385127	30000.000000	0.00146796	30000.000000	0.00146683	30000.000000	0.00146794	30000.000000	0.00385126	30000.000000	7.48803e-09	
32000.000000	0.0103289 	32000.000000	0.00404187	32000.000000	0.0014769 	32000.000000	0.00147585	32000.000000	0.00147692	32000.000000	0.00404186	32000.000000	7.04791e-09	
34000.000000	0.0112409 	34000.000000	0.00423193	34000.000000	0.00148529	34000.000000	0.00148429	34000.000000	0.00148532	34000.000000	0.00423192	34000.000000	6.65798e-09	
36000.000000	0.0121924 	36000.000000	0.00442148	36000.000000	0.00149319	36000.000000	0.00149223	36000.000000	0.00149323	36000.000000	0.00442148	36000.000000	6.31004e-09	
38000.000000	0.0131836 	38000.000000	0.00461055	38000.000000	0.00150064	38000.000000	0.00149972	38000.000000	0.00150068	38000.000000	0.00461054	38000.000000	5.9976e-09	
40000.000000	0.0142151 	40000.000000	0.00479914	40000.000000	0.00150771	40000.000000	0.0015068 	40000.000000	0.00150772	40000.000000	0.00479913	40000.000000	5.71545e-09	
42000.000000	0.0152872 	42000.000000	0.00498728	42000.000000	0.0015144 	42000.000000	0.00151353	42000.000000	0.0015144 	42000.000000	0.00498728	42000.000000	5.45935e-09	
44000.000000	0.0164003 	44000.000000	0.005175  	44000.000000	0.00152077	44000.000000	0.00151992	44000.000000	0.00152075	44000.000000	0.00517499	44000.000000	5.22581e-09	
46000.000000	0.0175549 	46000.000000	0.0053623 	46000.000000	0.00152682	46000.000000	0.00152601	46000.000000	0.00152679	46000.000000	0.0053623 	46000.000000	5.01196e-09	
48000.000000	0.0187515 	48000.000000	0.00554921	48000.000000	0.0015326 	48000.000000	0.00153183	48000.000000	0.00153256	48000.000000	0.00554921	48000.000000	4.81539e-09	
50000.000000	0.0199903 	50000.000000	0.00573574	50000.000000	0.00153812	50000.000000	0.00153739	50000.000000	0.00153807	50000.000000	0.00573574	50000.000000	4.63406e-09	
