*Energy (MeV/u)1	0 - [He-base] F.Hubert et al, AD&ND Tables 46(1990)1	Energy (MeV/u)2	1 - [H -base] J.F.Ziegler et al, Pergamon Press, NY (low energy)	Energy (MeV/u)3	2 - ATIMA 1.2  LS-theory (recommended for high energy)	Energy (MeV/u)4	3 - ATIMA 1.2  without LS-correction	Energy (MeV/u)5	4 - electrical component of [1] - J.F.Ziegler et al	Energy (MeV/u)6	5 - nuclear component of [1] - J.F.Ziegler et al	
0.001000	1.15694e-06	0.001000	1.39571e-06	0.001000	1.73453e-06	0.001000	1.73453e-06	0.001000	7.36313e-07	0.001000	6.59395e-07	
0.002000	1.47832e-06	0.002000	1.62368e-06	0.002000	2.05449e-06	0.002000	2.05449e-06	0.002000	1.18887e-06	0.002000	4.34809e-07	
0.005000	2.28716e-06	0.005000	2.35551e-06	0.005000	2.87205e-06	0.005000	2.87205e-06	0.005000	2.125e-06 	0.005000	2.30507e-07	
0.008000	2.89336e-06	0.008000	2.94012e-06	0.008000	3.45665e-06	0.008000	3.45665e-06	0.008000	2.77696e-06	0.008000	1.6316e-07	
0.010000	3.22778e-06	0.010000	3.26604e-06	0.010000	3.76603e-06	0.010000	3.76603e-06	0.010000	3.12826e-06	0.010000	1.3778e-07	
0.015000	4.11821e-06	0.015000	4.13199e-06	0.015000	4.37761e-06	0.015000	4.37761e-06	0.015000	4.03135e-06	0.015000	1.00638e-07	
0.020000	4.86315e-06	0.020000	4.7452e-06	0.020000	4.85445e-06	0.020000	4.85445e-06	0.020000	4.66505e-06	0.020000	8.0153e-08	
0.025000	5.49833e-06	0.025000	5.27712e-06	0.025000	5.25603e-06	0.025000	5.25603e-06	0.025000	5.2101e-06	0.025000	6.70231e-08	
0.030000	6.04286e-06	0.030000	5.82187e-06	0.030000	5.70352e-06	0.030000	5.70352e-06	0.030000	5.76404e-06	0.030000	5.78276e-08	
0.035000	6.50826e-06	0.035000	6.37703e-06	0.035000	6.10637e-06	0.035000	6.10637e-06	0.035000	6.32603e-06	0.035000	5.09979e-08	
0.040000	6.90253e-06	0.040000	6.91962e-06	0.040000	6.47438e-06	0.040000	6.47438e-06	0.040000	6.87391e-06	0.040000	4.5708e-08	
0.045000	7.23204e-06	0.045000	7.43261e-06	0.045000	6.81391e-06	0.045000	6.81391e-06	0.045000	7.39113e-06	0.045000	4.148e-08 	
0.050000	7.50254e-06	0.050000	7.90698e-06	0.050000	7.12923e-06	0.050000	7.12923e-06	0.050000	7.86897e-06	0.050000	3.80168e-08	
0.055000	7.71959e-06	0.055000	8.3392e-06	0.055000	7.4233e-06	0.055000	7.4233e-06	0.055000	8.30408e-06	0.055000	3.51239e-08	
0.060000	7.88871e-06	0.060000	8.729e-06 	0.060000	7.69824e-06	0.060000	7.69824e-06	0.060000	8.69633e-06	0.060000	3.26682e-08	
0.070000	8.10501e-06	0.070000	9.38844e-06	0.070000	8.1965e-06	0.070000	8.1965e-06	0.070000	9.35972e-06	0.070000	2.8717e-08	
0.080000	8.19346e-06	0.080000	9.90593e-06	0.080000	8.63244e-06	0.080000	8.63244e-06	0.080000	9.88026e-06	0.080000	2.56698e-08	
0.090000	8.1913e-06	0.090000	1.0305e-05	0.090000	9.01151e-06	0.090000	9.01151e-06	0.090000	1.02818e-05	0.090000	2.32429e-08	
0.100000	8.129e-06 	0.100000	1.06072e-05	0.100000	9.33782e-06	0.100000	9.33782e-06	0.100000	1.05859e-05	0.100000	2.1261e-08	
0.120000	7.91041e-06	0.120000	1.09902e-05	0.120000	9.84629e-06	0.120000	9.84629e-06	0.120000	1.0972e-05	0.120000	1.82113e-08	
0.140000	7.65227e-06	0.140000	1.11635e-05	0.140000	1.01852e-05	0.140000	1.01852e-05	0.140000	1.11475e-05	0.140000	1.59675e-08	
0.160000	7.40335e-06	0.160000	1.11974e-05	0.160000	1.03815e-05	0.160000	1.03815e-05	0.160000	1.11831e-05	0.160000	1.42428e-08	
0.180000	7.17903e-06	0.180000	1.11377e-05	0.180000	1.04615e-05	0.180000	1.04615e-05	0.180000	1.11249e-05	0.180000	1.28729e-08	
0.200000	6.98044e-06	0.200000	1.1015e-05	0.200000	1.04495e-05	0.200000	1.04495e-05	0.200000	1.10032e-05	0.200000	1.17568e-08	
0.250000	6.57052e-06	0.250000	1.05529e-05	0.250000	1.0149e-05	0.250000	1.0149e-05	0.250000	1.05432e-05	0.250000	9.69552e-09	
0.300000	6.23574e-06	0.300000	9.99654e-06	0.300000	9.64494e-06	0.300000	9.64494e-06	0.300000	9.98826e-06	0.300000	8.2771e-09	
0.350000	5.94061e-06	0.350000	9.4268e-06	0.350000	9.07758e-06	0.350000	9.07758e-06	0.350000	9.41956e-06	0.350000	7.23779e-09	
0.400000	5.67029e-06	0.400000	8.87925e-06	0.400000	8.51721e-06	0.400000	8.51721e-06	0.400000	8.87281e-06	0.400000	6.44156e-09	
0.450000	5.41926e-06	0.450000	8.36867e-06	0.450000	7.99446e-06	0.450000	7.99446e-06	0.450000	8.36286e-06	0.450000	5.81089e-09	
0.500000	5.18539e-06	0.500000	7.89979e-06	0.500000	7.51971e-06	0.500000	7.51971e-06	0.500000	7.89449e-06	0.500000	5.29828e-09	
0.600000	4.76514e-06	0.600000	7.08423e-06	0.600000	6.71289e-06	0.600000	6.71289e-06	0.600000	7.07972e-06	0.600000	4.51399e-09	
0.700000	4.4023e-06	0.700000	6.41157e-06	0.700000	6.06758e-06	0.700000	6.06758e-06	0.700000	6.40763e-06	0.700000	3.9407e-09	
0.800000	4.08905e-06	0.800000	5.85407e-06	0.800000	5.54553e-06	0.800000	5.54553e-06	0.800000	5.85057e-06	0.800000	3.50236e-09	
0.900000	3.81751e-06	0.900000	5.38734e-06	0.900000	5.11582e-06	0.900000	5.11582e-06	0.900000	5.38419e-06	0.900000	3.15574e-09	
1.000000	3.58066e-06	1.000000	4.99204e-06	1.000000	4.75579e-06	1.000000	4.75579e-06	1.000000	4.98916e-06	1.000000	2.8744e-09	
1.250000	3.10405e-06	1.250000	4.22754e-06	1.250000	4.06495e-06	1.250000	4.06495e-06	1.250000	4.22518e-06	1.250000	2.35754e-09	
1.500000	2.74416e-06	1.500000	3.67552e-06	1.500000	3.56594e-06	1.500000	3.56594e-06	1.500000	3.67352e-06	1.500000	2.00411e-09	
1.750000	2.4623e-06	1.750000	3.25704e-06	1.750000	3.18482e-06	1.750000	3.18482e-06	1.750000	3.2553e-06	1.750000	1.74644e-09	
2.000000	2.23513e-06	2.000000	2.92801e-06	2.000000	2.88224e-06	2.000000	2.88224e-06	2.000000	2.92646e-06	2.000000	1.54983e-09	
2.250000	2.0479e-06	2.250000	2.66201e-06	2.250000	2.63519e-06	2.250000	2.63519e-06	2.250000	2.66062e-06	2.250000	1.39464e-09	
2.500000	1.85911e-06	2.500000	2.44223e-06	2.500000	2.42915e-06	2.500000	2.42915e-06	2.500000	2.44096e-06	2.500000	1.26887e-09	
3.000000	1.62272e-06	3.000000	2.0998e-06	3.000000	2.10428e-06	3.000000	2.10428e-06	3.000000	2.09873e-06	3.000000	1.07714e-09	
3.500000	1.44353e-06	3.500000	1.84494e-06	3.500000	1.85917e-06	3.500000	1.85917e-06	3.500000	1.844e-06 	3.500000	9.3758e-10	
4.000000	1.3026e-06	4.000000	1.64765e-06	4.000000	1.66736e-06	4.000000	1.66736e-06	4.000000	1.64682e-06	4.000000	8.31231e-10	
4.500000	1.18861e-06	4.500000	1.49027e-06	4.500000	1.51302e-06	4.500000	1.51302e-06	4.500000	1.48953e-06	4.500000	7.47378e-10	
5.000000	1.09436e-06	5.000000	1.36171e-06	5.000000	1.38606e-06	5.000000	1.38606e-06	5.000000	1.36103e-06	5.000000	6.79489e-10	
5.500000	1.01502e-06	5.500000	1.25463e-06	5.500000	1.2797e-06	5.500000	1.2797e-06	5.500000	1.25401e-06	5.500000	6.23349e-10	
6.000000	9.47247e-07	6.000000	1.16401e-06	6.000000	1.18924e-06	6.000000	1.18924e-06	6.000000	1.16343e-06	6.000000	5.76116e-10	
6.500000	8.88627e-07	6.500000	1.08626e-06	6.500000	1.11133e-06	6.500000	1.11133e-06	6.500000	1.08573e-06	6.500000	5.35801e-10	
7.000000	8.37389e-07	7.000000	1.0188e-06	7.000000	1.04348e-06	7.000000	1.04348e-06	7.000000	1.01829e-06	7.000000	5.0097e-10	
7.500000	7.92192e-07	7.500000	9.59658e-07	7.500000	9.83823e-07	7.500000	9.83823e-07	7.500000	9.59188e-07	7.500000	4.70562e-10	
8.000000	7.52007e-07	8.000000	9.07372e-07	8.000000	9.30945e-07	8.000000	9.30945e-07	8.000000	9.06928e-07	8.000000	4.43773e-10	
8.500000	7.16027e-07	8.500000	8.6079e-07	8.500000	8.83728e-07	8.500000	8.83728e-07	8.500000	8.6037e-07	8.500000	4.19987e-10	
9.000000	6.83613e-07	9.000000	8.1901e-07	9.000000	8.41294e-07	9.000000	8.41294e-07	9.000000	8.18611e-07	9.000000	3.98718e-10	
9.500000	6.54248e-07	9.500000	7.8131e-07	9.500000	8.02936e-07	9.500000	8.02936e-07	9.500000	7.8093e-07	9.500000	3.79583e-10	
10.000000	6.27514e-07	10.000000	7.24512e-07	10.000000	7.68085e-07	10.000000	7.68085e-07	10.000000	7.24149e-07	10.000000	3.6227e-10	
11.000000	5.80615e-07	11.000000	6.73434e-07	11.000000	7.06419e-07	11.000000	7.06456e-07	11.000000	6.73101e-07	11.000000	3.32153e-10	
12.000000	5.40786e-07	12.000000	6.29538e-07	12.000000	6.5448e-07	12.000000	6.54542e-07	12.000000	6.29231e-07	12.000000	3.0683e-10	
13.000000	5.06514e-07	13.000000	5.91397e-07	13.000000	6.10157e-07	13.000000	6.10226e-07	13.000000	5.91112e-07	13.000000	2.85228e-10	
14.000000	4.76692e-07	14.000000	5.57937e-07	14.000000	5.71901e-07	14.000000	5.71967e-07	14.000000	5.57671e-07	14.000000	2.66575e-10	
15.000000	4.50492e-07	15.000000	5.28338e-07	15.000000	5.38551e-07	15.000000	5.38616e-07	15.000000	5.28087e-07	15.000000	2.50298e-10	
16.000000	4.27281e-07	16.000000	5.01959e-07	16.000000	5.09237e-07	16.000000	5.093e-07 	16.000000	5.01723e-07	16.000000	2.35965e-10	
17.000000	4.06565e-07	17.000000	4.78295e-07	17.000000	4.83287e-07	17.000000	4.83342e-07	17.000000	4.78072e-07	17.000000	2.23244e-10	
18.000000	3.87955e-07	18.000000	4.56943e-07	18.000000	4.60168e-07	18.000000	4.6021e-07	18.000000	4.56731e-07	18.000000	2.11874e-10	
19.000000	3.71141e-07	19.000000	4.37575e-07	19.000000	4.39448e-07	19.000000	4.39479e-07	19.000000	4.37373e-07	19.000000	2.01647e-10	
20.000000	3.5587e-07	20.000000	4.19923e-07	20.000000	4.20775e-07	20.000000	4.20806e-07	20.000000	4.19731e-07	20.000000	1.92398e-10	
21.000000	3.41935e-07	21.000000	4.03766e-07	21.000000	4.03876e-07	21.000000	4.0391e-07	21.000000	4.03582e-07	21.000000	1.83992e-10	
22.000000	3.29164e-07	22.000000	3.88919e-07	22.000000	3.88534e-07	22.000000	3.88559e-07	22.000000	3.88742e-07	22.000000	1.76315e-10	
23.000000	3.17416e-07	23.000000	3.75226e-07	23.000000	3.74555e-07	23.000000	3.74562e-07	23.000000	3.75057e-07	23.000000	1.69278e-10	
24.000000	3.06569e-07	24.000000	3.62557e-07	24.000000	3.61767e-07	24.000000	3.61756e-07	24.000000	3.62394e-07	24.000000	1.62801e-10	
25.000000	2.96522e-07	25.000000	3.50798e-07	25.000000	3.50031e-07	25.000000	3.50005e-07	25.000000	3.50641e-07	25.000000	1.56819e-10	
27.000000	2.78492e-07	27.000000	3.29643e-07	27.000000	3.29281e-07	27.000000	3.29215e-07	27.000000	3.29496e-07	27.000000	1.46129e-10	
29.000000	2.62765e-07	29.000000	3.11135e-07	29.000000	3.11525e-07	29.000000	3.11443e-07	29.000000	3.10998e-07	29.000000	1.36852e-10	
31.000000	2.48918e-07	31.000000	2.94801e-07	31.000000	2.95536e-07	31.000000	2.9545e-07	31.000000	2.94672e-07	31.000000	1.28722e-10	
33.000000	2.36629e-07	33.000000	2.80274e-07	33.000000	2.80805e-07	33.000000	2.80692e-07	33.000000	2.80152e-07	33.000000	1.21537e-10	
35.000000	2.25643e-07	35.000000	2.67266e-07	35.000000	2.67608e-07	35.000000	2.67501e-07	35.000000	2.67151e-07	35.000000	1.15138e-10	
38.000000	2.11179e-07	38.000000	2.50114e-07	38.000000	2.50261e-07	38.000000	2.50138e-07	38.000000	2.50007e-07	38.000000	1.06752e-10	
41.000000	1.98686e-07	41.000000	2.35275e-07	41.000000	2.3527e-07	41.000000	2.35143e-07	41.000000	2.35176e-07	41.000000	9.95427e-11	
44.000000	1.8778e-07	44.000000	2.22306e-07	44.000000	2.22169e-07	44.000000	2.22057e-07	44.000000	2.22213e-07	44.000000	9.32773e-11	
47.000000	1.7817e-07	47.000000	2.1087e-07	47.000000	2.10659e-07	47.000000	2.10532e-07	47.000000	2.10782e-07	47.000000	8.77795e-11	
50.000000	1.69634e-07	50.000000	2.00707e-07	50.000000	2.00428e-07	50.000000	2.003e-07 	50.000000	2.00624e-07	50.000000	8.29149e-11	
55.000000	1.5734e-07	55.000000	1.86063e-07	55.000000	1.85712e-07	55.000000	1.85572e-07	55.000000	1.85987e-07	55.000000	7.59404e-11	
60.000000	1.46959e-07	60.000000	1.73699e-07	60.000000	1.73279e-07	60.000000	1.73151e-07	60.000000	1.73628e-07	60.000000	7.00833e-11	
65.000000	1.3807e-07	65.000000	1.63114e-07	65.000000	1.62659e-07	65.000000	1.62527e-07	65.000000	1.63049e-07	65.000000	6.50925e-11	
70.000000	1.30366e-07	70.000000	1.53947e-07	70.000000	1.53466e-07	70.000000	1.53332e-07	70.000000	1.53886e-07	70.000000	6.0787e-11	
75.000000	1.23621e-07	75.000000	1.45928e-07	75.000000	1.45417e-07	75.000000	1.45294e-07	75.000000	1.45871e-07	75.000000	5.70335e-11	
80.000000	1.17662e-07	80.000000	1.38851e-07	80.000000	1.38337e-07	80.000000	1.38203e-07	80.000000	1.38797e-07	80.000000	5.37311e-11	
85.000000	1.12358e-07	85.000000	1.32558e-07	85.000000	1.32029e-07	85.000000	1.31902e-07	85.000000	1.32508e-07	85.000000	5.08022e-11	
90.000000	1.07603e-07	90.000000	1.26925e-07	90.000000	1.26384e-07	90.000000	1.26262e-07	90.000000	1.26877e-07	90.000000	4.81863e-11	
95.000000	1.03314e-07	95.000000	1.21851e-07	95.000000	1.21316e-07	95.000000	1.21185e-07	95.000000	1.21805e-07	95.000000	4.58351e-11	
100.000000	9.94254e-08	100.000000	1.17257e-07	100.000000	1.16714e-07	100.000000	1.1659e-07	100.000000	1.17214e-07	100.000000	4.37101e-11	
105.000000	9.58813e-08	105.000000	1.13077e-07	105.000000	1.1253e-07	105.000000	1.1241e-07	105.000000	1.13035e-07	105.000000	4.17796e-11	
110.000000	9.26371e-08	110.000000	1.09257e-07	110.000000	1.08705e-07	110.000000	1.08591e-07	110.000000	1.09217e-07	110.000000	4.0018e-11	
115.000000	8.96555e-08	115.000000	1.05752e-07	115.000000	1.05206e-07	115.000000	1.05089e-07	115.000000	1.05714e-07	115.000000	3.84037e-11	
120.000000	8.69049e-08	120.000000	1.02524e-07	120.000000	1.01984e-07	120.000000	1.01864e-07	120.000000	1.02487e-07	120.000000	3.69188e-11	
125.000000	8.4359e-08	125.000000	9.95418e-08	125.000000	9.89997e-08	125.000000	9.88858e-08	125.000000	9.95063e-08	125.000000	3.55482e-11	
130.000000	8.1995e-08	130.000000	9.67776e-08	130.000000	9.62368e-08	130.000000	9.61262e-08	130.000000	9.67433e-08	130.000000	3.4279e-11	
135.000000	7.97938e-08	135.000000	9.42083e-08	135.000000	9.36775e-08	135.000000	9.35621e-08	135.000000	9.41752e-08	135.000000	3.31003e-11	
140.000000	7.77385e-08	140.000000	9.18138e-08	140.000000	9.12891e-08	140.000000	9.11732e-08	140.000000	9.17818e-08	140.000000	3.20025e-11	
145.000000	7.58149e-08	145.000000	8.9577e-08	145.000000	8.90539e-08	145.000000	8.89423e-08	145.000000	8.9546e-08	145.000000	3.09776e-11	
150.000000	7.40103e-08	150.000000	8.74824e-08	150.000000	8.69629e-08	150.000000	8.68541e-08	150.000000	8.74524e-08	150.000000	3.00185e-11	
155.000000	7.14694e-08	155.000000	8.55171e-08	155.000000	8.50004e-08	155.000000	8.48954e-08	155.000000	8.54879e-08	155.000000	2.91189e-11	
160.000000	6.998e-08 	160.000000	8.36692e-08	160.000000	8.31585e-08	160.000000	8.30543e-08	160.000000	8.36409e-08	160.000000	2.82734e-11	
165.000000	6.85756e-08	165.000000	8.19285e-08	165.000000	8.14288e-08	165.000000	8.13208e-08	165.000000	8.19011e-08	165.000000	2.74773e-11	
170.000000	6.72489e-08	170.000000	8.0286e-08	170.000000	7.97939e-08	170.000000	7.96856e-08	170.000000	8.02593e-08	170.000000	2.67262e-11	
175.000000	6.59935e-08	175.000000	7.87335e-08	175.000000	7.82456e-08	175.000000	7.81405e-08	175.000000	7.87075e-08	175.000000	2.60164e-11	
180.000000	6.48038e-08	180.000000	7.72638e-08	180.000000	7.67813e-08	180.000000	7.66785e-08	180.000000	7.72385e-08	180.000000	2.53446e-11	
185.000000	6.36748e-08	185.000000	7.58705e-08	185.000000	7.53934e-08	185.000000	7.52929e-08	185.000000	7.58458e-08	185.000000	2.47077e-11	
190.000000	6.26017e-08	190.000000	7.45477e-08	190.000000	7.40758e-08	190.000000	7.3978e-08	190.000000	7.45236e-08	190.000000	2.41032e-11	
195.000000	6.15805e-08	195.000000	7.32903e-08	195.000000	7.28268e-08	195.000000	7.27285e-08	195.000000	7.32667e-08	195.000000	2.35284e-11	
200.000000	6.06075e-08	200.000000	7.20934e-08	200.000000	7.1641e-08	200.000000	7.15397e-08	200.000000	7.20704e-08	200.000000	2.29813e-11	
210.000000	5.87929e-08	210.000000	6.98647e-08	210.000000	6.94269e-08	210.000000	6.93274e-08	210.000000	6.98428e-08	210.000000	2.19625e-11	
220.000000	5.71345e-08	220.000000	6.78321e-08	220.000000	6.74073e-08	220.000000	6.73113e-08	220.000000	6.7811e-08	220.000000	2.10329e-11	
230.000000	5.56127e-08	230.000000	6.59707e-08	230.000000	6.55589e-08	230.000000	6.54666e-08	230.000000	6.59505e-08	230.000000	2.01813e-11	
240.000000	5.42112e-08	240.000000	6.426e-08 	240.000000	6.38675e-08	240.000000	6.37727e-08	240.000000	6.42406e-08	240.000000	1.9398e-11	
250.000000	5.29163e-08	250.000000	6.26824e-08	250.000000	6.2307e-08	250.000000	6.22121e-08	250.000000	6.26637e-08	250.000000	1.86751e-11	
260.000000	5.17161e-08	260.000000	6.12231e-08	260.000000	6.08615e-08	260.000000	6.07697e-08	260.000000	6.12051e-08	260.000000	1.80059e-11	
270.000000	5.06007e-08	270.000000	5.98694e-08	270.000000	5.95222e-08	270.000000	5.94329e-08	270.000000	5.98521e-08	270.000000	1.73844e-11	
280.000000	4.95613e-08	280.000000	5.86105e-08	280.000000	5.82779e-08	280.000000	5.81907e-08	280.000000	5.85936e-08	280.000000	1.68058e-11	
290.000000	4.85905e-08	290.000000	5.74367e-08	290.000000	5.71234e-08	290.000000	5.70337e-08	290.000000	5.74204e-08	290.000000	1.62656e-11	
300.000000	4.76817e-08	300.000000	5.63398e-08	300.000000	5.60435e-08	300.000000	5.59535e-08	300.000000	5.6324e-08	300.000000	1.57601e-11	
310.000000	4.68291e-08	310.000000	5.53127e-08	310.000000	5.50304e-08	310.000000	5.49429e-08	310.000000	5.52974e-08	310.000000	1.52861e-11	
320.000000	4.60279e-08	320.000000	5.4349e-08	320.000000	5.40814e-08	320.000000	5.39956e-08	320.000000	5.43342e-08	320.000000	1.48407e-11	
330.000000	4.52734e-08	330.000000	5.34432e-08	330.000000	5.31896e-08	330.000000	5.31059e-08	330.000000	5.34288e-08	330.000000	1.44212e-11	
340.000000	4.45618e-08	340.000000	5.25902e-08	340.000000	5.23518e-08	340.000000	5.2269e-08	340.000000	5.25762e-08	340.000000	1.40256e-11	
350.000000	4.38896e-08	350.000000	5.17858e-08	350.000000	5.15654e-08	350.000000	5.14804e-08	350.000000	5.17721e-08	350.000000	1.36518e-11	
360.000000	4.32536e-08	360.000000	5.10259e-08	360.000000	5.08218e-08	360.000000	5.07363e-08	360.000000	5.10126e-08	360.000000	1.3298e-11	
370.000000	4.2651e-08	370.000000	5.03072e-08	370.000000	5.01167e-08	370.000000	5.0033e-08	370.000000	5.02942e-08	370.000000	1.29627e-11	
380.000000	4.20794e-08	380.000000	4.96264e-08	380.000000	4.94497e-08	380.000000	4.93674e-08	380.000000	4.96137e-08	380.000000	1.26444e-11	
390.000000	4.15365e-08	390.000000	4.89807e-08	390.000000	4.88178e-08	390.000000	4.87367e-08	390.000000	4.89683e-08	390.000000	1.23418e-11	
400.000000	4.10201e-08	400.000000	4.83675e-08	400.000000	4.82179e-08	400.000000	4.81384e-08	400.000000	4.83555e-08	400.000000	1.20538e-11	
410.000000	4.05286e-08	410.000000	4.77846e-08	410.000000	4.76488e-08	410.000000	4.75701e-08	410.000000	4.77729e-08	410.000000	1.17794e-11	
420.000000	4.00601e-08	420.000000	4.72299e-08	420.000000	4.71096e-08	420.000000	4.70297e-08	420.000000	4.72184e-08	420.000000	1.15176e-11	
430.000000	3.96132e-08	430.000000	4.67015e-08	430.000000	4.65967e-08	430.000000	4.65154e-08	430.000000	4.66902e-08	430.000000	1.12675e-11	
440.000000	3.91864e-08	440.000000	4.61975e-08	440.000000	4.61063e-08	440.000000	4.60253e-08	440.000000	4.61865e-08	440.000000	1.10284e-11	
450.000000	3.87785e-08	450.000000	4.57165e-08	450.000000	4.56376e-08	450.000000	4.5558e-08	450.000000	4.57057e-08	450.000000	1.07996e-11	
460.000000	3.83883e-08	460.000000	4.52569e-08	460.000000	4.51903e-08	460.000000	4.51118e-08	460.000000	4.52464e-08	460.000000	1.05803e-11	
470.000000	3.80147e-08	470.000000	4.48175e-08	470.000000	4.47633e-08	470.000000	4.46856e-08	470.000000	4.48072e-08	470.000000	1.03701e-11	
480.000000	3.76568e-08	480.000000	4.43971e-08	480.000000	4.43548e-08	480.000000	4.42781e-08	480.000000	4.43869e-08	480.000000	1.01683e-11	
490.000000	3.73136e-08	490.000000	4.39944e-08	490.000000	4.39636e-08	490.000000	4.38881e-08	490.000000	4.39844e-08	490.000000	9.97445e-12	
500.000000	3.69843e-08	500.000000	4.36085e-08	500.000000	4.35896e-08	500.000000	4.35146e-08	500.000000	4.35987e-08	500.000000	9.7881e-12	
520.000000	3.63643e-08	520.000000	4.28832e-08	520.000000	4.28903e-08	520.000000	4.28135e-08	520.000000	4.28738e-08	520.000000	9.43614e-12	
540.000000	3.57914e-08	540.000000	4.22144e-08	540.000000	4.22449e-08	540.000000	4.21679e-08	540.000000	4.22053e-08	540.000000	9.10937e-12	
560.000000	3.52606e-08	560.000000	4.15962e-08	560.000000	4.16471e-08	560.000000	4.15719e-08	560.000000	4.15874e-08	560.000000	8.80514e-12	
580.000000	3.47679e-08	580.000000	4.10235e-08	580.000000	4.10945e-08	580.000000	4.10204e-08	580.000000	4.10149e-08	580.000000	8.52118e-12	
600.000000	3.43096e-08	600.000000	4.04918e-08	600.000000	4.05816e-08	600.000000	4.0509e-08	600.000000	4.04835e-08	600.000000	8.2555e-12	
620.000000	3.38826e-08	620.000000	3.99973e-08	620.000000	4.01056e-08	620.000000	4.00339e-08	620.000000	3.99893e-08	620.000000	8.00638e-12	
640.000000	3.34841e-08	640.000000	3.95367e-08	640.000000	3.96646e-08	640.000000	3.95917e-08	640.000000	3.95289e-08	640.000000	7.7723e-12	
660.000000	3.31116e-08	660.000000	3.91068e-08	660.000000	3.92532e-08	660.000000	3.91793e-08	660.000000	3.90993e-08	660.000000	7.55193e-12	
680.000000	3.2763e-08	680.000000	3.87051e-08	680.000000	3.88673e-08	680.000000	3.87943e-08	680.000000	3.86978e-08	680.000000	7.34408e-12	
700.000000	3.24363e-08	700.000000	3.83292e-08	700.000000	3.85059e-08	700.000000	3.84341e-08	700.000000	3.83221e-08	700.000000	7.14771e-12	
720.000000	3.21298e-08	720.000000	3.79771e-08	720.000000	3.81678e-08	720.000000	3.80968e-08	720.000000	3.79701e-08	720.000000	6.96188e-12	
740.000000	3.1842e-08	740.000000	3.76468e-08	740.000000	3.78507e-08	740.000000	3.77804e-08	740.000000	3.764e-08 	740.000000	6.78575e-12	
760.000000	3.15714e-08	760.000000	3.73366e-08	760.000000	3.75526e-08	760.000000	3.74833e-08	760.000000	3.733e-08 	760.000000	6.61858e-12	
780.000000	3.13168e-08	780.000000	3.70451e-08	780.000000	3.72727e-08	780.000000	3.72041e-08	780.000000	3.70386e-08	780.000000	6.4597e-12	
800.000000	3.10771e-08	800.000000	3.67709e-08	800.000000	3.70104e-08	800.000000	3.69413e-08	800.000000	3.67645e-08	800.000000	6.30849e-12	
820.000000	3.08512e-08	820.000000	3.65127e-08	820.000000	3.67639e-08	820.000000	3.66938e-08	820.000000	3.65065e-08	820.000000	6.16441e-12	
840.000000	3.06381e-08	840.000000	3.62694e-08	840.000000	3.6531e-08	840.000000	3.64604e-08	840.000000	3.62634e-08	840.000000	6.02696e-12	
860.000000	3.04372e-08	860.000000	3.60401e-08	860.000000	3.63104e-08	860.000000	3.62401e-08	860.000000	3.60342e-08	860.000000	5.89569e-12	
880.000000	3.02475e-08	880.000000	3.58237e-08	880.000000	3.61015e-08	880.000000	3.6032e-08	880.000000	3.5818e-08	880.000000	5.77019e-12	
900.000000	3.00684e-08	900.000000	3.56195e-08	900.000000	3.59041e-08	900.000000	3.58354e-08	900.000000	3.56139e-08	900.000000	5.65008e-12	
920.000000	2.98992e-08	920.000000	3.54267e-08	920.000000	3.57175e-08	920.000000	3.56493e-08	920.000000	3.54212e-08	920.000000	5.53501e-12	
940.000000	2.97394e-08	940.000000	3.52445e-08	940.000000	3.55409e-08	940.000000	3.54732e-08	940.000000	3.52391e-08	940.000000	5.42468e-12	
960.000000	2.95883e-08	960.000000	3.50723e-08	960.000000	3.53737e-08	960.000000	3.53064e-08	960.000000	3.5067e-08	960.000000	5.31879e-12	
980.000000	2.94454e-08	980.000000	3.49096e-08	980.000000	3.52152e-08	980.000000	3.51482e-08	980.000000	3.49044e-08	980.000000	5.21709e-12	
1000.000000	2.93104e-08	1000.000000	3.47557e-08	1000.000000	3.50648e-08	1000.000000	3.49983e-08	1000.000000	3.47506e-08	1000.000000	5.11931e-12	
1020.000000	2.91828e-08	1020.000000	3.46101e-08	1020.000000	3.49221e-08	1020.000000	3.4856e-08	1020.000000	3.46051e-08	1020.000000	5.02524e-12	
1040.000000	2.90621e-08	1040.000000	3.44724e-08	1040.000000	3.47865e-08	1040.000000	3.47209e-08	1040.000000	3.44675e-08	1040.000000	4.93467e-12	
1060.000000	2.8948e-08	1060.000000	3.43422e-08	1060.000000	3.46576e-08	1060.000000	3.45926e-08	1060.000000	3.43373e-08	1060.000000	4.8474e-12	
1080.000000	2.88401e-08	1080.000000	3.4219e-08	1080.000000	3.45352e-08	1080.000000	3.44707e-08	1080.000000	3.42142e-08	1080.000000	4.76326e-12	
1100.000000	2.87382e-08	1100.000000	3.41024e-08	1100.000000	3.44192e-08	1100.000000	3.43548e-08	1100.000000	3.40977e-08	1100.000000	4.68208e-12	
1120.000000	2.8642e-08	1120.000000	3.39922e-08	1120.000000	3.43091e-08	1120.000000	3.42446e-08	1120.000000	3.39876e-08	1120.000000	4.6037e-12	
1140.000000	2.85511e-08	1140.000000	3.38879e-08	1140.000000	3.42046e-08	1140.000000	3.41398e-08	1140.000000	3.38834e-08	1140.000000	4.52797e-12	
1160.000000	2.84653e-08	1160.000000	3.37893e-08	1160.000000	3.41054e-08	1160.000000	3.404e-08 	1160.000000	3.37848e-08	1160.000000	4.45478e-12	
1180.000000	2.83843e-08	1180.000000	3.36961e-08	1180.000000	3.40109e-08	1180.000000	3.39451e-08	1180.000000	3.36917e-08	1180.000000	4.38398e-12	
1200.000000	2.8308e-08	1200.000000	3.3608e-08	1200.000000	3.39207e-08	1200.000000	3.38547e-08	1200.000000	3.36037e-08	1200.000000	4.31547e-12	
1220.000000	2.82361e-08	1220.000000	3.35249e-08	1220.000000	3.38347e-08	1220.000000	3.37686e-08	1220.000000	3.35206e-08	1220.000000	4.24912e-12	
1240.000000	2.81684e-08	1240.000000	3.34463e-08	1240.000000	3.37525e-08	1240.000000	3.36866e-08	1240.000000	3.34422e-08	1240.000000	4.18485e-12	
1260.000000	2.81048e-08	1260.000000	3.33723e-08	1260.000000	3.36741e-08	1260.000000	3.36085e-08	1260.000000	3.33681e-08	1260.000000	4.12255e-12	
1280.000000	2.8045e-08	1280.000000	3.33024e-08	1280.000000	3.35994e-08	1280.000000	3.35341e-08	1280.000000	3.32983e-08	1280.000000	4.06214e-12	
1300.000000	2.79889e-08	1300.000000	3.32366e-08	1300.000000	3.35281e-08	1300.000000	3.34632e-08	1300.000000	3.32326e-08	1300.000000	4.00352e-12	
1320.000000	2.79363e-08	1320.000000	3.31746e-08	1320.000000	3.34602e-08	1320.000000	3.33956e-08	1320.000000	3.31707e-08	1320.000000	3.94662e-12	
1340.000000	2.78871e-08	1340.000000	3.31163e-08	1340.000000	3.33955e-08	1340.000000	3.33312e-08	1340.000000	3.31124e-08	1340.000000	3.89136e-12	
1360.000000	2.78412e-08	1360.000000	3.30616e-08	1360.000000	3.33339e-08	1360.000000	3.32698e-08	1360.000000	3.30577e-08	1360.000000	3.83767e-12	
1380.000000	2.77984e-08	1380.000000	3.30102e-08	1380.000000	3.32752e-08	1380.000000	3.32113e-08	1380.000000	3.30064e-08	1380.000000	3.78549e-12	
1400.000000	2.77585e-08	1400.000000	3.29621e-08	1400.000000	3.32193e-08	1400.000000	3.31555e-08	1400.000000	3.29583e-08	1400.000000	3.73475e-12	
1420.000000	2.77216e-08	1420.000000	3.2917e-08	1420.000000	3.31659e-08	1420.000000	3.31024e-08	1420.000000	3.29133e-08	1420.000000	3.6854e-12	
1440.000000	2.76874e-08	1440.000000	3.28749e-08	1440.000000	3.3115e-08	1440.000000	3.30517e-08	1440.000000	3.28713e-08	1440.000000	3.63737e-12	
1460.000000	2.76558e-08	1460.000000	3.28357e-08	1460.000000	3.30665e-08	1460.000000	3.30034e-08	1460.000000	3.28321e-08	1460.000000	3.59061e-12	
1480.000000	2.76269e-08	1480.000000	3.27992e-08	1480.000000	3.30203e-08	1480.000000	3.29574e-08	1480.000000	3.27957e-08	1480.000000	3.54508e-12	
1500.000000	2.76003e-08	1500.000000	3.27654e-08	1500.000000	3.29762e-08	1500.000000	3.29136e-08	1500.000000	3.27619e-08	1500.000000	3.50072e-12	
1520.000000	2.75762e-08	1520.000000	3.27341e-08	1520.000000	3.29342e-08	1520.000000	3.28719e-08	1520.000000	3.27306e-08	1520.000000	3.45749e-12	
1540.000000	2.75544e-08	1540.000000	3.27052e-08	1540.000000	3.28943e-08	1540.000000	3.28322e-08	1540.000000	3.27018e-08	1540.000000	3.41534e-12	
1560.000000	2.75347e-08	1560.000000	3.26786e-08	1560.000000	3.28563e-08	1560.000000	3.27943e-08	1560.000000	3.26752e-08	1560.000000	3.37425e-12	
1580.000000	2.75172e-08	1580.000000	3.26543e-08	1580.000000	3.28202e-08	1580.000000	3.27583e-08	1580.000000	3.2651e-08	1580.000000	3.33415e-12	
1600.000000	2.75018e-08	1600.000000	3.26322e-08	1600.000000	3.2786e-08	1600.000000	3.27241e-08	1600.000000	3.26289e-08	1600.000000	3.29503e-12	
1620.000000	2.74883e-08	1620.000000	3.26121e-08	1620.000000	3.27535e-08	1620.000000	3.26915e-08	1620.000000	3.26089e-08	1620.000000	3.25685e-12	
1640.000000	2.74768e-08	1640.000000	3.25941e-08	1640.000000	3.27227e-08	1640.000000	3.26605e-08	1640.000000	3.25909e-08	1640.000000	3.21956e-12	
1660.000000	2.74671e-08	1660.000000	3.2578e-08	1660.000000	3.26934e-08	1660.000000	3.26311e-08	1660.000000	3.25748e-08	1660.000000	3.18314e-12	
1680.000000	2.74592e-08	1680.000000	3.25638e-08	1680.000000	3.26657e-08	1680.000000	3.26031e-08	1680.000000	3.25606e-08	1680.000000	3.14756e-12	
1700.000000	2.74531e-08	1700.000000	3.25513e-08	1700.000000	3.26394e-08	1700.000000	3.25766e-08	1700.000000	3.25482e-08	1700.000000	3.1128e-12	
1750.000000	2.7445e-08	1750.000000	3.25278e-08	1750.000000	3.25793e-08	1750.000000	3.25161e-08	1750.000000	3.25247e-08	1750.000000	3.02924e-12	
1800.000000	2.74467e-08	1800.000000	3.25142e-08	1800.000000	3.25268e-08	1800.000000	3.24633e-08	1800.000000	3.25113e-08	1800.000000	2.95018e-12	
1850.000000	2.74573e-08	1850.000000	3.25099e-08	1850.000000	3.24809e-08	1850.000000	3.24175e-08	1850.000000	3.2507e-08	1850.000000	2.87526e-12	
1900.000000	2.74764e-08	1900.000000	3.2514e-08	1900.000000	3.24412e-08	1900.000000	3.2378e-08	1900.000000	3.25112e-08	1900.000000	2.80416e-12	
1950.000000	2.75032e-08	1950.000000	3.25259e-08	1950.000000	3.24071e-08	1950.000000	3.23443e-08	1950.000000	3.25232e-08	1950.000000	2.73659e-12	
2000.000000	2.75373e-08	2000.000000	3.25451e-08	2000.000000	3.23783e-08	2000.000000	3.23158e-08	2000.000000	3.25425e-08	2000.000000	2.67229e-12	
2100.000000	2.76255e-08	2100.000000	3.26032e-08	2100.000000	3.23348e-08	2100.000000	3.22728e-08	2100.000000	3.26006e-08	2100.000000	2.55258e-12	
2200.000000	2.77376e-08	2200.000000	3.26845e-08	2200.000000	3.23075e-08	2200.000000	3.22459e-08	2200.000000	3.2682e-08	2200.000000	2.44343e-12	
2300.000000	2.78709e-08	2300.000000	3.2786e-08	2300.000000	3.22937e-08	2300.000000	3.22325e-08	2300.000000	3.27836e-08	2300.000000	2.34347e-12	
2400.000000	2.8023e-08	2400.000000	3.29051e-08	2400.000000	3.22913e-08	2400.000000	3.22304e-08	2400.000000	3.29029e-08	2400.000000	2.25159e-12	
2500.000000	2.8192e-08	2500.000000	3.30399e-08	2500.000000	3.22985e-08	2500.000000	3.2238e-08	2500.000000	3.30377e-08	2500.000000	2.16684e-12	
2600.000000	2.83762e-08	2600.000000	3.31883e-08	2600.000000	3.23138e-08	2600.000000	3.22537e-08	2600.000000	3.31862e-08	2600.000000	2.0884e-12	
2700.000000	2.85742e-08	2700.000000	3.3349e-08	2700.000000	3.23362e-08	2700.000000	3.22764e-08	2700.000000	3.3347e-08	2700.000000	2.01559e-12	
2800.000000	2.87848e-08	2800.000000	3.35205e-08	2800.000000	3.23646e-08	2800.000000	3.2305e-08	2800.000000	3.35185e-08	2800.000000	1.94783e-12	
2900.000000	2.90069e-08	2900.000000	3.37017e-08	2900.000000	3.23982e-08	2900.000000	3.23386e-08	2900.000000	3.36998e-08	2900.000000	1.88459e-12	
3000.000000	2.92395e-08	3000.000000	3.38917e-08	3000.000000	3.24363e-08	3000.000000	3.23766e-08	3000.000000	3.38899e-08	3000.000000	1.82545e-12	
3200.000000	2.97334e-08	3200.000000	3.42945e-08	3200.000000	3.2523e-08	3200.000000	3.2463e-08	3200.000000	3.42927e-08	3200.000000	1.71791e-12	
3400.000000	3.0261e-08	3400.000000	3.47231e-08	3400.000000	3.26206e-08	3400.000000	3.25603e-08	3400.000000	3.47215e-08	3400.000000	1.62265e-12	
3600.000000	3.0818e-08	3600.000000	3.51731e-08	3600.000000	3.27258e-08	3600.000000	3.26653e-08	3600.000000	3.51716e-08	3600.000000	1.53766e-12	
3800.000000	3.1401e-08	3800.000000	3.5641e-08	3800.000000	3.28365e-08	3800.000000	3.2776e-08	3800.000000	3.56395e-08	3800.000000	1.46136e-12	
4000.000000	3.20074e-08	4000.000000	3.6124e-08	4000.000000	3.2951e-08	4000.000000	3.28905e-08	4000.000000	3.61226e-08	4000.000000	1.39246e-12	
4200.000000	3.26349e-08	4200.000000	3.66197e-08	4200.000000	3.3068e-08	4200.000000	3.30077e-08	4200.000000	3.66184e-08	4200.000000	1.32993e-12	
4400.000000	3.32816e-08	4400.000000	3.71264e-08	4400.000000	3.31865e-08	4400.000000	3.31264e-08	4400.000000	3.71251e-08	4400.000000	1.27291e-12	
4600.000000	3.3946e-08	4600.000000	3.76425e-08	4600.000000	3.33059e-08	4600.000000	3.32459e-08	4600.000000	3.76413e-08	4600.000000	1.22071e-12	
4800.000000	3.46269e-08	4800.000000	3.81667e-08	4800.000000	3.34255e-08	4800.000000	3.33657e-08	4800.000000	3.81655e-08	4800.000000	1.17273e-12	
5000.000000	3.53231e-08	5000.000000	3.86979e-08	5000.000000	3.35449e-08	5000.000000	3.34852e-08	5000.000000	3.86968e-08	5000.000000	1.12847e-12	
5250.000000	3.62136e-08	5250.000000	3.93705e-08	5250.000000	3.36933e-08	5250.000000	3.36338e-08	5250.000000	3.93694e-08	5250.000000	1.07775e-12	
5500.000000	3.71251e-08	5500.000000	4.00512e-08	5500.000000	3.38403e-08	5500.000000	3.37809e-08	5500.000000	4.00502e-08	5500.000000	1.03151e-12	
6000.000000	3.90064e-08	6000.000000	4.14325e-08	6000.000000	3.41287e-08	6000.000000	3.40695e-08	6000.000000	4.14315e-08	6000.000000	9.50267e-13	
6500.000000	4.09591e-08	6500.000000	4.28342e-08	6500.000000	3.44082e-08	6500.000000	3.43491e-08	6500.000000	4.28333e-08	6500.000000	8.81171e-13	
7000.000000	4.29777e-08	7000.000000	4.42511e-08	7000.000000	3.4678e-08	7000.000000	3.46191e-08	7000.000000	4.42502e-08	7000.000000	8.21671e-13	
7500.000000	4.50578e-08	7500.000000	4.56793e-08	7500.000000	3.49379e-08	7500.000000	3.48791e-08	7500.000000	4.56786e-08	7500.000000	7.69883e-13	
8000.000000	4.71964e-08	8000.000000	4.71162e-08	8000.000000	3.51883e-08	8000.000000	3.51293e-08	8000.000000	4.71155e-08	8000.000000	7.24387e-13	
8500.000000	4.93911e-08	8500.000000	4.85596e-08	8500.000000	3.54286e-08	8500.000000	3.537e-08 	8500.000000	4.85589e-08	8500.000000	6.84094e-13	
9000.000000	5.16398e-08	9000.000000	5.00078e-08	9000.000000	3.56591e-08	9000.000000	3.56017e-08	9000.000000	5.00072e-08	9000.000000	6.48152e-13	
9500.000000	5.39412e-08	9500.000000	5.14597e-08	9500.000000	3.58812e-08	9500.000000	3.58246e-08	9500.000000	5.1459e-08	9500.000000	6.15889e-13	
10000.000000	5.6294e-08	10000.000000	5.29142e-08	10000.000000	3.60957e-08	10000.000000	3.60394e-08	10000.000000	5.29136e-08	10000.000000	5.86761e-13	
11000.000000	6.11504e-08	11000.000000	5.58283e-08	11000.000000	3.65027e-08	11000.000000	3.64463e-08	11000.000000	5.58277e-08	11000.000000	5.36235e-13	
12000.000000	6.62032e-08	12000.000000	5.87457e-08	12000.000000	3.68823e-08	12000.000000	3.68257e-08	12000.000000	5.87452e-08	12000.000000	4.93905e-13	
13000.000000	7.14487e-08	13000.000000	6.16635e-08	13000.000000	3.7237e-08	13000.000000	3.71807e-08	13000.000000	6.1663e-08	13000.000000	4.57913e-13	
14000.000000	7.68843e-08	14000.000000	6.45799e-08	14000.000000	3.75697e-08	14000.000000	3.7514e-08	14000.000000	6.45795e-08	14000.000000	4.26926e-13	
15000.000000	8.25084e-08	15000.000000	6.74936e-08	15000.000000	3.78828e-08	15000.000000	3.7828e-08	15000.000000	6.74932e-08	15000.000000	3.99959e-13	
16000.000000	8.83198e-08	16000.000000	7.04037e-08	16000.000000	3.81786e-08	16000.000000	3.81245e-08	16000.000000	7.04033e-08	16000.000000	3.76272e-13	
17000.000000	9.4318e-08	17000.000000	7.33098e-08	17000.000000	3.84589e-08	17000.000000	3.84054e-08	17000.000000	7.33094e-08	17000.000000	3.55297e-13	
18000.000000	1.00503e-07	18000.000000	7.62114e-08	18000.000000	3.87252e-08	18000.000000	3.86721e-08	18000.000000	7.62111e-08	18000.000000	3.36591e-13	
19000.000000	1.06873e-07	19000.000000	7.91083e-08	19000.000000	3.89788e-08	19000.000000	3.89261e-08	19000.000000	7.9108e-08	19000.000000	3.198e-13 	
20000.000000	1.13431e-07	20000.000000	8.20005e-08	20000.000000	3.92209e-08	20000.000000	3.91683e-08	20000.000000	8.20002e-08	20000.000000	3.04644e-13	
21000.000000	1.20175e-07	21000.000000	8.48878e-08	21000.000000	3.94524e-08	21000.000000	3.93998e-08	21000.000000	8.48875e-08	21000.000000	2.90892e-13	
22000.000000	1.27106e-07	22000.000000	8.77703e-08	22000.000000	3.9674e-08	22000.000000	3.96215e-08	22000.000000	8.777e-08 	22000.000000	2.78357e-13	
23000.000000	1.34225e-07	23000.000000	9.06479e-08	23000.000000	3.98851e-08	23000.000000	3.98341e-08	23000.000000	9.06476e-08	23000.000000	2.66882e-13	
24000.000000	1.41532e-07	24000.000000	9.35207e-08	24000.000000	4.0088e-08	24000.000000	4.00385e-08	24000.000000	9.35205e-08	24000.000000	2.56339e-13	
25000.000000	1.49027e-07	25000.000000	9.63888e-08	25000.000000	4.02846e-08	25000.000000	4.02351e-08	25000.000000	9.63886e-08	25000.000000	2.46616e-13	
26000.000000	1.56712e-07	26000.000000	9.92523e-08	26000.000000	4.0474e-08	26000.000000	4.04245e-08	26000.000000	9.92521e-08	26000.000000	2.37621e-13	
27000.000000	1.64588e-07	27000.000000	1.02111e-07	27000.000000	4.06557e-08	27000.000000	4.06072e-08	27000.000000	1.02111e-07	27000.000000	2.29274e-13	
28000.000000	1.72654e-07	28000.000000	1.04966e-07	28000.000000	4.08308e-08	28000.000000	4.07837e-08	28000.000000	1.04965e-07	28000.000000	2.21508e-13	
29000.000000	1.80912e-07	29000.000000	1.07816e-07	29000.000000	4.10004e-08	29000.000000	4.09544e-08	29000.000000	1.07815e-07	29000.000000	2.14263e-13	
30000.000000	1.89363e-07	30000.000000	1.10661e-07	30000.000000	4.11648e-08	30000.000000	4.11197e-08	30000.000000	1.10661e-07	30000.000000	2.07488e-13	
32000.000000	2.06846e-07	32000.000000	1.1634e-07	32000.000000	4.14784e-08	32000.000000	4.14351e-08	32000.000000	1.1634e-07	32000.000000	1.95176e-13	
34000.000000	2.25111e-07	34000.000000	1.22003e-07	34000.000000	4.17735e-08	34000.000000	4.17323e-08	34000.000000	1.22003e-07	34000.000000	1.84274e-13	
36000.000000	2.44165e-07	36000.000000	1.27651e-07	36000.000000	4.20522e-08	36000.000000	4.20133e-08	36000.000000	1.27651e-07	36000.000000	1.74553e-13	
38000.000000	2.64016e-07	38000.000000	1.33284e-07	38000.000000	4.23166e-08	38000.000000	4.22797e-08	38000.000000	1.33284e-07	38000.000000	1.65828e-13	
40000.000000	2.84672e-07	40000.000000	1.38903e-07	40000.000000	4.2568e-08	40000.000000	4.2533e-08	40000.000000	1.38903e-07	40000.000000	1.57953e-13	
42000.000000	3.06142e-07	42000.000000	1.44509e-07	42000.000000	4.28073e-08	42000.000000	4.27745e-08	42000.000000	1.44509e-07	42000.000000	1.50809e-13	
44000.000000	3.28434e-07	44000.000000	1.50102e-07	44000.000000	4.30356e-08	44000.000000	4.3005e-08	44000.000000	1.50102e-07	44000.000000	1.44298e-13	
46000.000000	3.51556e-07	46000.000000	1.55682e-07	46000.000000	4.32538e-08	46000.000000	4.32257e-08	46000.000000	1.55682e-07	46000.000000	1.38338e-13	
48000.000000	3.75517e-07	48000.000000	1.61251e-07	48000.000000	4.34627e-08	48000.000000	4.34372e-08	48000.000000	1.61251e-07	48000.000000	1.32862e-13	
50000.000000	4.00326e-07	50000.000000	1.66808e-07	50000.000000	4.3663e-08	50000.000000	4.36404e-08	50000.000000	1.66808e-07	50000.000000	1.27813e-13	
