*Energy (MeV/u)1	0 - [He-base] F.Hubert et al. AD&ND Tables 46(1990)1	Energy (MeV/u)2	1 - [H -base] J.F.Ziegler et al.Pergamon Press.NY(low energy)	Energy (MeV/u)3	2 - ATIMA 1.2 LS-theory (recommended for high energy)	Energy (MeV/u)4	3 - ATIMA 1.2 without LS-correction	Energy (MeV/u)5	4 - ATIMA 1.4 H.Weick. improved mean charge formula for HI	Energy (MeV/u)6	5 - electrical component of [1] - J.F.Ziegler et al	Energy (MeV/u)7	6 - nuclear component of [1] - J.F.Ziegler et al	
0.001000	0.0183633 	0.001000	0.016605  	0.001000	0.020371  	0.001000	0.020371  	0.001000	0.0203628 	0.001000	0.0134621 	0.001000	0.00314287	
0.002000	0.0218779 	0.002000	0.019865  	0.002000	0.0238797 	0.002000	0.0238797 	0.002000	0.0238751 	0.002000	0.0176993 	0.002000	0.0021657 	
0.005000	0.0287323 	0.005000	0.0266689 	0.005000	0.0309086 	0.005000	0.0309086 	0.005000	0.0309066 	0.005000	0.0254597 	0.005000	0.00120917	
0.008000	0.0334324 	0.008000	0.0315751 	0.008000	0.0358592 	0.008000	0.0358592 	0.008000	0.035858  	0.008000	0.0307042 	0.008000	0.000870904	
0.010000	0.035995  	0.010000	0.0343018 	0.010000	0.0385842 	0.010000	0.0385842 	0.010000	0.0385832 	0.010000	0.0335662 	0.010000	0.000735572	
0.015000	0.0434139 	0.015000	0.0397324 	0.015000	0.0442574 	0.015000	0.0442574 	0.015000	0.0442568 	0.015000	0.0391884 	0.015000	0.000544043	
0.020000	0.0494925 	0.020000	0.0443775 	0.020000	0.0489024 	0.020000	0.0489024 	0.020000	0.0489019 	0.020000	0.0439409 	0.020000	0.000436587	
0.025000	0.0545198 	0.025000	0.0484234 	0.025000	0.0529017 	0.025000	0.0529017 	0.025000	0.0529013 	0.025000	0.0480565 	0.025000	0.000366989	
0.030000	0.0586502 	0.030000	0.0519712 	0.030000	0.0554145 	0.030000	0.0554145 	0.030000	0.0554142 	0.030000	0.0516533 	0.030000	0.000317889	
0.035000	0.0619852 	0.035000	0.0550836 	0.035000	0.0575228 	0.035000	0.0575228 	0.035000	0.0575225 	0.035000	0.0548024 	0.035000	0.00028122	
0.040000	0.064605  	0.040000	0.0578048 	0.040000	0.059301  	0.040000	0.059301  	0.040000	0.0593007 	0.040000	0.0575521 	0.040000	0.000252694	
0.045000	0.0665816 	0.045000	0.0601687 	0.045000	0.0608019 	0.045000	0.0608019 	0.045000	0.0608017 	0.045000	0.0599389 	0.045000	0.000229813	
0.050000	0.0679843 	0.050000	0.0622037 	0.050000	0.0620651 	0.050000	0.0620651 	0.050000	0.062065  	0.050000	0.0619927 	0.050000	0.000211015	
0.055000	0.0688812 	0.055000	0.0639351 	0.055000	0.0631217 	0.055000	0.0631217 	0.055000	0.0631216 	0.055000	0.0637399 	0.055000	0.000195272	
0.060000	0.0693396 	0.060000	0.0653865 	0.060000	0.0639968 	0.060000	0.0639968 	0.060000	0.0639966 	0.060000	0.0652046 	0.060000	0.000181878	
0.070000	0.0691968 	0.070000	0.0675377 	0.070000	0.0652825 	0.070000	0.0652825 	0.070000	0.0652824 	0.070000	0.0673774 	0.070000	0.000160267	
0.080000	0.0680274 	0.080000	0.068827  	0.080000	0.0660556 	0.080000	0.0660556 	0.080000	0.0660555 	0.080000	0.0686835 	0.080000	0.000143548	
0.090000	0.0662194 	0.090000	0.0694117 	0.090000	0.0664175 	0.090000	0.0664175 	0.090000	0.0664174 	0.090000	0.0692816 	0.090000	0.000130196	
0.100000	0.0640671 	0.100000	0.0694347 	0.100000	0.0664486 	0.100000	0.0664486 	0.100000	0.0664485 	0.100000	0.0693154 	0.100000	0.000119268	
0.120000	0.059486  	0.120000	0.0682799 	0.120000	0.0657663 	0.120000	0.0657663 	0.120000	0.0657663 	0.120000	0.0681775 	0.120000	0.000102406	
0.140000	0.0551897 	0.140000	0.0661498 	0.140000	0.064402  	0.140000	0.064402  	0.140000	0.064402  	0.140000	0.0660599 	0.140000	8.99625e-05	
0.160000	0.05146   	0.160000	0.0635655 	0.160000	0.0626245 	0.160000	0.0626245 	0.160000	0.0626244 	0.160000	0.0634852 	0.160000	8.03739e-05	
0.180000	0.0483087 	0.180000	0.0608428 	0.180000	0.0606179 	0.180000	0.0606179 	0.180000	0.0606179 	0.180000	0.06077   	0.180000	7.27425e-05	
0.200000	0.0456572 	0.200000	0.0581583 	0.200000	0.0585073 	0.200000	0.0585073 	0.200000	0.0585073 	0.200000	0.0580917 	0.200000	6.6514e-05	
0.250000	0.0406218 	0.250000	0.0520878 	0.250000	0.0532548 	0.250000	0.0532548 	0.250000	0.0532548 	0.250000	0.0520328 	0.250000	5.49832e-05	
0.300000	0.0370313 	0.300000	0.0471055 	0.300000	0.0484692 	0.300000	0.0484692 	0.300000	0.0484692 	0.300000	0.0470585 	0.300000	4.70258e-05	
0.350000	0.0342744 	0.350000	0.0430655 	0.350000	0.0443183 	0.350000	0.0443183 	0.350000	0.0443183 	0.350000	0.0430243 	0.350000	4.11821e-05	
0.400000	0.0320388 	0.400000	0.0397541 	0.400000	0.0407814 	0.400000	0.0407814 	0.400000	0.0407814 	0.400000	0.0397174 	0.400000	3.66971e-05	
0.450000	0.0301572 	0.450000	0.036995  	0.450000	0.0377782 	0.450000	0.0377782 	0.450000	0.0377782 	0.450000	0.0369619 	0.450000	3.31392e-05	
0.500000	0.0285332 	0.500000	0.0346577 	0.500000	0.0352196 	0.500000	0.0352196 	0.500000	0.0352196 	0.500000	0.0346275 	0.500000	3.02436e-05	
0.600000	0.0258374 	0.600000	0.0308968 	0.600000	0.0311274 	0.600000	0.0311274 	0.600000	0.0311274 	0.600000	0.030871  	0.600000	2.58063e-05	
0.700000	0.0236645 	0.700000	0.0279821 	0.700000	0.0280164 	0.700000	0.0280164 	0.700000	0.0280164 	0.700000	0.0279596 	0.700000	2.25568e-05	
0.800000	0.0218623 	0.800000	0.0256403 	0.800000	0.0255718 	0.800000	0.0255718 	0.800000	0.0255718 	0.800000	0.0256202 	0.800000	2.00686e-05	
0.900000	0.0203373 	0.900000	0.0237075 	0.900000	0.0235941 	0.900000	0.0235941 	0.900000	0.0235941 	0.900000	0.0236894 	0.900000	1.80985e-05	
1.000000	0.0190273 	1.000000	0.0220789 	1.000000	0.0219548 	1.000000	0.0219548 	1.000000	0.0219548 	1.000000	0.0220624 	1.000000	1.64978e-05	
1.250000	0.0164308 	1.250000	0.0189258 	1.250000	0.0188399 	1.250000	0.0188399 	1.250000	0.0188399 	1.250000	0.0189122 	1.250000	1.35527e-05	
1.500000	0.0144963 	1.500000	0.0166304 	1.500000	0.0166064 	1.500000	0.0166064 	1.500000	0.0166064 	1.500000	0.0166189 	1.500000	1.15352e-05	
1.750000	0.0129947 	1.750000	0.0148741 	1.750000	0.0149063 	1.750000	0.0149063 	1.750000	0.0149063 	1.750000	0.0148641 	1.750000	1.00622e-05	
2.000000	0.0117926 	2.000000	0.0134816 	2.000000	0.0135586 	2.000000	0.0135586 	2.000000	0.0135586 	2.000000	0.0134727 	2.000000	8.93694e-06	
2.250000	0.0108068 	2.250000	0.0123474 	2.250000	0.0124584 	2.250000	0.0124584 	2.250000	0.0124584 	2.250000	0.0123394 	2.250000	8.04786e-06	
2.500000	0.00993954	2.500000	0.0114038 	2.500000	0.01154   	2.500000	0.01154   	2.500000	0.01154   	2.500000	0.0113965 	2.500000	7.32674e-06	
3.000000	0.00867899	3.000000	0.00991982	3.000000	0.0100876 	3.000000	0.0100876 	3.000000	0.0100876 	3.000000	0.00991359	3.000000	6.22627e-06	
3.500000	0.0077223 	3.500000	0.00880195	3.500000	0.00898529	3.500000	0.00898529	3.500000	0.0089853 	3.500000	0.00879653	3.500000	5.42423e-06	
4.000000	0.00696935	4.000000	0.00792688	4.000000	0.0081166 	4.000000	0.0081166 	4.000000	0.00811661	4.000000	0.00792207	4.000000	4.81247e-06	
4.500000	0.00636005	4.500000	0.00722162	4.500000	0.00741239	4.500000	0.00741239	4.500000	0.00741239	4.500000	0.00721729	4.500000	4.32972e-06	
5.000000	0.00585607	5.000000	0.00664005	5.000000	0.00682877	5.000000	0.00682877	5.000000	0.00682878	5.000000	0.00663611	5.000000	3.93858e-06	
5.500000	0.00543175	5.500000	0.00615155	5.500000	0.00633645	5.500000	0.00633645	5.500000	0.00633645	5.500000	0.00614794	5.500000	3.61493e-06	
6.000000	0.00506921	6.000000	0.00573495	6.000000	0.00591503	6.000000	0.00591503	6.000000	0.00591503	6.000000	0.00573161	6.000000	3.34247e-06	
6.500000	0.00475561	6.500000	0.00537511	6.500000	0.00554984	6.500000	0.00554984	6.500000	0.00554984	6.500000	0.005372  	6.500000	3.1098e-06	
7.000000	0.00448147	7.000000	0.00506089	7.000000	0.00523008	7.000000	0.00523008	7.000000	0.00523008	7.000000	0.00505799	7.000000	2.90869e-06	
7.500000	0.00423965	7.500000	0.00478396	7.500000	0.00494755	7.500000	0.00494755	7.500000	0.00494755	7.500000	0.00478122	7.500000	2.73304e-06	
8.000000	0.00402462	8.000000	0.00453788	8.000000	0.00469596	8.000000	0.00469596	8.000000	0.00469596	8.000000	0.0045353 	8.000000	2.57824e-06	
8.500000	0.0038321 	8.500000	0.00431766	8.500000	0.00447037	8.500000	0.00447037	8.500000	0.00447038	8.500000	0.00431522	8.500000	2.44074e-06	
9.000000	0.00365864	9.000000	0.00411932	9.000000	0.00426686	9.000000	0.00426686	9.000000	0.00426686	9.000000	0.00411701	9.000000	2.31775e-06	
9.500000	0.0035015 	9.500000	0.00393969	9.500000	0.00408226	9.500000	0.00408226	9.500000	0.00408226	9.500000	0.00393749	9.500000	2.20706e-06	
10.000000	0.00335843	10.000000	0.00384946	10.000000	0.00391399	10.000000	0.00391399	10.000000	0.00391399	10.000000	0.00384735	10.000000	2.10689e-06	
11.000000	0.00310745	11.000000	0.00356943	11.000000	0.00361558	11.000000	0.00361561	11.000000	0.00361509	11.000000	0.0035675 	11.000000	1.93256e-06	
12.000000	0.00289429	12.000000	0.00333005	12.000000	0.00336216	12.000000	0.00336221	12.000000	0.00336142	12.000000	0.00332826	12.000000	1.7859e-06	
13.000000	0.00271088	13.000000	0.00312296	13.000000	0.00314426	13.000000	0.00314429	13.000000	0.00314332	13.000000	0.0031213 	13.000000	1.66075e-06	
14.000000	0.00255128	14.000000	0.00294197	14.000000	0.00295488	14.000000	0.00295487	14.000000	0.00295375	14.000000	0.00294042	14.000000	1.55263e-06	
15.000000	0.00241106	15.000000	0.00278238	15.000000	0.0027887 	15.000000	0.00278871	15.000000	0.00278745	15.000000	0.00278093	15.000000	1.45826e-06	
16.000000	0.00228683	16.000000	0.00264056	16.000000	0.0026418 	16.000000	0.00264177	16.000000	0.0026404 	16.000000	0.00263919	16.000000	1.37512e-06	
17.000000	0.00217596	17.000000	0.00251366	17.000000	0.00251105	17.000000	0.00251092	17.000000	0.00250945	17.000000	0.00251236	17.000000	1.30131e-06	
18.000000	0.00207636	18.000000	0.00239942	18.000000	0.00239386	18.000000	0.00239369	18.000000	0.00239213	18.000000	0.00239818	18.000000	1.23532e-06	
19.000000	0.00198637	19.000000	0.00229599	19.000000	0.00228823	19.000000	0.00228807	19.000000	0.00228643	19.000000	0.00229482	19.000000	1.17595e-06	
20.000000	0.00190464	20.000000	0.0022019 	20.000000	0.00219262	20.000000	0.00219245	20.000000	0.00219075	20.000000	0.00220078	20.000000	1.12225e-06	
21.000000	0.00183006	21.000000	0.00211592	21.000000	0.00210568	21.000000	0.0021055 	21.000000	0.00210374	21.000000	0.00211485	21.000000	1.07342e-06	
22.000000	0.00176171	22.000000	0.00203703	22.000000	0.0020263 	22.000000	0.00202613	22.000000	0.00202432	22.000000	0.002036  	22.000000	1.02882e-06	
23.000000	0.00169883	23.000000	0.00196437	23.000000	0.00195358	23.000000	0.0019534 	23.000000	0.00195155	23.000000	0.00196338	23.000000	9.8793e-07	
24.000000	0.00164078	24.000000	0.00189723	24.000000	0.0018868 	24.000000	0.00188655	24.000000	0.00188467	24.000000	0.00189628	24.000000	9.50287e-07	
25.000000	0.00158701	25.000000	0.00183498	25.000000	0.00182529	25.000000	0.00182493	25.000000	0.00182301	25.000000	0.00183407	25.000000	9.15517e-07	
27.000000	0.00149051	27.000000	0.00172316	27.000000	0.00171562	27.000000	0.00171516	27.000000	0.00171319	27.000000	0.00172231	27.000000	8.53359e-07	
29.000000	0.00140634	29.000000	0.00162552	29.000000	0.00162092	29.000000	0.00162047	29.000000	0.00161846	29.000000	0.00162472	29.000000	7.99399e-07	
31.000000	0.00133223	31.000000	0.00153948	31.000000	0.00153697	31.000000	0.00153652	31.000000	0.00153457	31.000000	0.00153872	31.000000	7.52095e-07	
33.000000	0.00126645	33.000000	0.00146306	33.000000	0.00146112	33.000000	0.00146069	33.000000	0.00145889	33.000000	0.00146235	33.000000	7.10275e-07	
35.000000	0.00120766	35.000000	0.00139473	35.000000	0.00139323	35.000000	0.00139285	35.000000	0.00139118	35.000000	0.00139405	35.000000	6.73025e-07	
38.000000	0.00113025	38.000000	0.00130473	38.000000	0.00130398	38.000000	0.00130347	38.000000	0.00130197	38.000000	0.00130411	38.000000	6.24188e-07	
41.000000	0.00106338	41.000000	0.00122699	41.000000	0.00122674	41.000000	0.00122621	41.000000	0.00122484	41.000000	0.0012264 	41.000000	5.82195e-07	
44.000000	0.00100501	44.000000	0.00115912	44.000000	0.0011592 	44.000000	0.00115872	44.000000	0.00115746	44.000000	0.00115857	44.000000	5.45686e-07	
47.000000	0.000953578	47.000000	0.00109933	47.000000	0.00109968	47.000000	0.00109922	47.000000	0.00109807	47.000000	0.00109882	47.000000	5.13641e-07	
50.000000	0.000907895	50.000000	0.00104625	50.000000	0.00104679	50.000000	0.00104636	50.000000	0.0010453 	50.000000	0.00104576	50.000000	4.85279e-07	
55.000000	0.000842092	55.000000	0.000969845	55.000000	0.000970608	55.000000	0.000970211	55.000000	0.000969264	55.000000	0.000969401	55.000000	4.44603e-07	
60.000000	0.000786534	60.000000	0.000905405	60.000000	0.000906309	60.000000	0.000905916	60.000000	0.000905068	60.000000	0.000904994	60.000000	4.10431e-07	
65.000000	0.000738958	65.000000	0.000850293	65.000000	0.000851339	65.000000	0.000850875	65.000000	0.000850109	65.000000	0.000849912	65.000000	3.81304e-07	
70.000000	0.000697727	70.000000	0.0008026 	70.000000	0.000803622	70.000000	0.0008032 	70.000000	0.000802502	70.000000	0.000802244	70.000000	3.5617e-07	
75.000000	0.000661627	75.000000	0.000760907	75.000000	0.000761886	75.000000	0.000761487	75.000000	0.000760848	75.000000	0.000760573	75.000000	3.34252e-07	
80.000000	0.000629738	80.000000	0.000724137	80.000000	0.000725048	80.000000	0.000724672	80.000000	0.000724083	80.000000	0.000723822	80.000000	3.14962e-07	
85.000000	0.000601348	85.000000	0.000691457	85.000000	0.000692286	85.000000	0.00069193	85.000000	0.000691385	85.000000	0.000691159	85.000000	2.97851e-07	
90.000000	0.000575898	90.000000	0.000662215	90.000000	0.000662956	90.000000	0.000662614	90.000000	0.000662108	90.000000	0.000661932	90.000000	2.82565e-07	
95.000000	0.000552946	95.000000	0.000635889	95.000000	0.000636613	95.000000	0.000636207	95.000000	0.000635735	95.000000	0.00063562	95.000000	2.68823e-07	
100.000000	0.000532132	100.000000	0.000612061	100.000000	0.000612682	100.000000	0.000612294	100.000000	0.000611852	100.000000	0.000611804	100.000000	2.564e-07 	
105.000000	0.000513163	105.000000	0.000590387	105.000000	0.000590904	105.000000	0.000590533	105.000000	0.000590118	105.000000	0.000590142	105.000000	2.45113e-07	
110.000000	0.0004958 	110.000000	0.000570585	110.000000	0.000571002	110.000000	0.000570645	110.000000	0.000570254	110.000000	0.00057035	110.000000	2.34811e-07	
115.000000	0.000479842	115.000000	0.000552421	115.000000	0.000552739	115.000000	0.000552395	115.000000	0.000552027	115.000000	0.000552196	115.000000	2.25369e-07	
120.000000	0.000465121	120.000000	0.000535698	120.000000	0.00053592	120.000000	0.000535588	120.000000	0.00053524	120.000000	0.000535482	120.000000	2.16683e-07	
125.000000	0.000451495	125.000000	0.00052025	125.000000	0.00052038	125.000000	0.000520059	125.000000	0.000519729	125.000000	0.000520041	125.000000	2.08664e-07	
130.000000	0.000438843	130.000000	0.000505935	130.000000	0.000505977	130.000000	0.000505665	130.000000	0.000505352	130.000000	0.000505734	130.000000	2.01237e-07	
135.000000	0.000427062	135.000000	0.000492632	135.000000	0.000492583	135.000000	0.000492287	135.000000	0.00049199	135.000000	0.000492438	135.000000	1.94339e-07	
140.000000	0.000416062	140.000000	0.000480237	140.000000	0.000480137	140.000000	0.000479821	140.000000	0.000479537	140.000000	0.000480049	140.000000	1.87914e-07	
145.000000	0.000405767	145.000000	0.000468659	145.000000	0.00046852	145.000000	0.000468175	145.000000	0.000467904	145.000000	0.000468477	145.000000	1.81914e-07	
150.000000	0.000396108	150.000000	0.000457819	150.000000	0.000457605	150.000000	0.000457271	150.000000	0.000457012	150.000000	0.000457643	150.000000	1.76299e-07	
155.000000	0.000382509	155.000000	0.000447649	155.000000	0.000447363	155.000000	0.000447041	155.000000	0.000446793	155.000000	0.000447478	155.000000	1.71032e-07	
160.000000	0.000374538	160.000000	0.000438089	160.000000	0.000437739	160.000000	0.000437423	160.000000	0.000437186	160.000000	0.000437923	160.000000	1.66081e-07	
165.000000	0.000367021	165.000000	0.000429084	165.000000	0.000428673	165.000000	0.000428365	165.000000	0.000428137	165.000000	0.000428922	165.000000	1.61419e-07	
170.000000	0.000359921	170.000000	0.000420588	170.000000	0.000420119	170.000000	0.000419818	170.000000	0.0004196 	170.000000	0.000420431	170.000000	1.5702e-07	
175.000000	0.000353202	175.000000	0.000412558	175.000000	0.000412036	175.000000	0.000411741	175.000000	0.000411532	175.000000	0.000412405	175.000000	1.52862e-07	
180.000000	0.000346835	180.000000	0.000404957	180.000000	0.000404385	180.000000	0.000404097	180.000000	0.000403895	180.000000	0.000404808	180.000000	1.48927e-07	
185.000000	0.000340792	185.000000	0.000397752	185.000000	0.000397134	185.000000	0.000396851	185.000000	0.000396657	185.000000	0.000397607	185.000000	1.45196e-07	
190.000000	0.000335049	190.000000	0.000390912	190.000000	0.000390251	190.000000	0.000389973	190.000000	0.000389786	190.000000	0.00039077	190.000000	1.41654e-07	
195.000000	0.000329583	195.000000	0.00038441	195.000000	0.000383706	195.000000	0.000383437	195.000000	0.000383256	195.000000	0.000384272	195.000000	1.38286e-07	
200.000000	0.000324376	200.000000	0.000378222	200.000000	0.000377478	200.000000	0.000377216	200.000000	0.000377042	200.000000	0.000378087	200.000000	1.3508e-07	
210.000000	0.000314664	210.000000	0.000366701	210.000000	0.000365931	210.000000	0.000365638	210.000000	0.000365476	210.000000	0.000366572	210.000000	1.29109e-07	
220.000000	0.000305788	220.000000	0.000356194	220.000000	0.000355375	220.000000	0.000355084	220.000000	0.000354932	220.000000	0.000356071	220.000000	1.2366e-07	
230.000000	0.000297643	230.000000	0.000346574	230.000000	0.000345704	230.000000	0.000345424	230.000000	0.000345282	230.000000	0.000346455	230.000000	1.18667e-07	
240.000000	0.000290142	240.000000	0.000337732	240.000000	0.000336824	240.000000	0.000336552	240.000000	0.000336418	240.000000	0.000337618	240.000000	1.14075e-07	
250.000000	0.000283212	250.000000	0.000329579	250.000000	0.000328639	250.000000	0.000328375	250.000000	0.000328248	250.000000	0.00032947	250.000000	1.09836e-07	
260.000000	0.000276788	260.000000	0.000322038	260.000000	0.000321073	260.000000	0.000320816	260.000000	0.000320697	260.000000	0.000321933	260.000000	1.05911e-07	
270.000000	0.000270818	270.000000	0.000315044	270.000000	0.00031406	270.000000	0.000313809	270.000000	0.000313696	270.000000	0.000314941	270.000000	1.02266e-07	
280.000000	0.000265256	280.000000	0.000308538	280.000000	0.000307542	280.000000	0.000307296	280.000000	0.00030719	280.000000	0.000308439	280.000000	9.88713e-08	
290.000000	0.00026006	290.000000	0.000302473	290.000000	0.000301465	290.000000	0.000301229	290.000000	0.000301128	290.000000	0.000302377	290.000000	9.57021e-08	
300.000000	0.000255196	300.000000	0.000296805	300.000000	0.000295811	300.000000	0.000295563	300.000000	0.000295468	300.000000	0.000296713	300.000000	9.27364e-08	
310.000000	0.000250633	310.000000	0.000291498	310.000000	0.000290526	310.000000	0.000290262	310.000000	0.000290171	310.000000	0.000291408	310.000000	8.99549e-08	
320.000000	0.000246344	320.000000	0.000286519	320.000000	0.00028555	320.000000	0.000285292	320.000000	0.000285205	320.000000	0.000286431	320.000000	8.73408e-08	
330.000000	0.000242306	330.000000	0.000281838	330.000000	0.000280874	330.000000	0.000280623	330.000000	0.000280541	330.000000	0.000281753	330.000000	8.48792e-08	
340.000000	0.000238498	340.000000	0.000277431	340.000000	0.000276478	340.000000	0.000276231	340.000000	0.000276152	340.000000	0.000277348	340.000000	8.2557e-08	
350.000000	0.0002349 	350.000000	0.000273274	350.000000	0.000272334	350.000000	0.000272091	350.000000	0.000272016	350.000000	0.000273194	350.000000	8.03627e-08	
360.000000	0.000231496	360.000000	0.000269348	360.000000	0.000268423	360.000000	0.000268184	360.000000	0.000268113	360.000000	0.000269269	360.000000	7.82857e-08	
370.000000	0.000228271	370.000000	0.000265633	370.000000	0.000264717	370.000000	0.000264482	370.000000	0.000264414	370.000000	0.000265557	370.000000	7.63169e-08	
380.000000	0.000225212	380.000000	0.000262115	380.000000	0.00026121	380.000000	0.000260979	380.000000	0.000260913	380.000000	0.00026204	380.000000	7.44479e-08	
390.000000	0.000222306	390.000000	0.000258778	390.000000	0.000257885	390.000000	0.000257658	390.000000	0.000257595	390.000000	0.000258705	390.000000	7.26712e-08	
400.000000	0.000219543	400.000000	0.000255609	400.000000	0.000254731	400.000000	0.000254507	400.000000	0.000254447	400.000000	0.000255538	400.000000	7.09801e-08	
410.000000	0.000216912	410.000000	0.000252596	410.000000	0.000251735	410.000000	0.000251514	410.000000	0.000251457	410.000000	0.000252527	410.000000	6.93684e-08	
420.000000	0.000214405	420.000000	0.000249729	420.000000	0.000248886	420.000000	0.000248668	420.000000	0.000248613	420.000000	0.000249661	420.000000	6.78307e-08	
430.000000	0.000212012	430.000000	0.000246997	430.000000	0.000246173	430.000000	0.000245958	430.000000	0.000245905	430.000000	0.000246931	430.000000	6.63618e-08	
440.000000	0.000209728	440.000000	0.000244392	440.000000	0.000243586	440.000000	0.000243376	440.000000	0.000243325	440.000000	0.000244327	440.000000	6.49573e-08	
450.000000	0.000207545	450.000000	0.000241905	450.000000	0.000241121	450.000000	0.000240913	450.000000	0.000240864	450.000000	0.000241841	450.000000	6.3613e-08	
460.000000	0.000205457	460.000000	0.000239529	460.000000	0.000238776	460.000000	0.000238562	460.000000	0.000238515	460.000000	0.000239466	460.000000	6.23249e-08	
470.000000	0.000203457	470.000000	0.000237256	470.000000	0.000236539	470.000000	0.000236315	470.000000	0.00023627	470.000000	0.000237195	470.000000	6.10897e-08	
480.000000	0.000201542	480.000000	0.000235082	480.000000	0.000234397	480.000000	0.000234167	480.000000	0.000234124	480.000000	0.000235022	480.000000	5.99041e-08	
490.000000	0.000199705	490.000000	0.000233  	490.000000	0.000232339	490.000000	0.000232111	490.000000	0.000232069	490.000000	0.000232941	490.000000	5.87651e-08	
500.000000	0.000197943	500.000000	0.000231003	500.000000	0.000230365	500.000000	0.000230142	500.000000	0.000230102	500.000000	0.000230946	500.000000	5.767e-08 	
520.000000	0.000194625	520.000000	0.000227252	520.000000	0.000226663	520.000000	0.000226445	520.000000	0.000226407	520.000000	0.000227196	520.000000	5.56017e-08	
540.000000	0.000191558	540.000000	0.000223791	540.000000	0.000223254	540.000000	0.000223039	540.000000	0.000223005	540.000000	0.000223737	540.000000	5.36811e-08	
560.000000	0.000188717	560.000000	0.000220591	560.000000	0.000220106	560.000000	0.000219895	560.000000	0.000219863	560.000000	0.000220539	560.000000	5.18928e-08	
580.000000	0.00018608	580.000000	0.000217626	580.000000	0.000217192	580.000000	0.000216985	580.000000	0.000216955	580.000000	0.000217576	580.000000	5.02235e-08	
600.000000	0.000183627	600.000000	0.000214873	600.000000	0.00021449	600.000000	0.000214286	600.000000	0.000214258	600.000000	0.000214824	600.000000	4.86616e-08	
620.000000	0.000181342	620.000000	0.000212312	620.000000	0.000211979	620.000000	0.000211778	620.000000	0.000211752	620.000000	0.000212265	620.000000	4.71968e-08	
640.000000	0.000179209	640.000000	0.000209925	640.000000	0.000209642	640.000000	0.000209443	640.000000	0.000209419	640.000000	0.000209879	640.000000	4.58204e-08	
660.000000	0.000177216	660.000000	0.000207697	660.000000	0.000207461	660.000000	0.000207265	660.000000	0.000207243	660.000000	0.000207652	660.000000	4.45245e-08	
680.000000	0.00017535	680.000000	0.000205614	680.000000	0.000205422	680.000000	0.000205231	680.000000	0.000205211	680.000000	0.000205571	680.000000	4.33021e-08	
700.000000	0.000173602	700.000000	0.000203665	700.000000	0.000203521	700.000000	0.000203329	700.000000	0.00020331	700.000000	0.000203622	700.000000	4.21471e-08	
720.000000	0.000171961	720.000000	0.000201837	720.000000	0.000201747	720.000000	0.000201546	720.000000	0.000201529	720.000000	0.000201796	720.000000	4.1054e-08	
740.000000	0.000170421	740.000000	0.000200123	740.000000	0.000200082	740.000000	0.000199875	740.000000	0.000199858	740.000000	0.000200082	740.000000	4.00179e-08	
760.000000	0.000168972	760.000000	0.000198512	760.000000	0.000198512	760.000000	0.000198304	760.000000	0.000198289	760.000000	0.000198473	760.000000	3.90345e-08	
780.000000	0.00016761	780.000000	0.000196997	780.000000	0.000197032	780.000000	0.000196828	780.000000	0.000196814	780.000000	0.000196959	780.000000	3.80997e-08	
800.000000	0.000166327	800.000000	0.000195572	800.000000	0.000195639	800.000000	0.000195439	800.000000	0.000195426	800.000000	0.000195535	800.000000	3.72101e-08	
820.000000	0.000165118	820.000000	0.000194229	820.000000	0.000194328	820.000000	0.00019413	820.000000	0.000194118	820.000000	0.000194193	820.000000	3.63623e-08	
840.000000	0.000163978	840.000000	0.000192963	840.000000	0.000193093	840.000000	0.000192895	840.000000	0.000192884	840.000000	0.000192928	840.000000	3.55535e-08	
860.000000	0.000162902	860.000000	0.000191769	860.000000	0.000191926	860.000000	0.000191729	860.000000	0.00019172	860.000000	0.000191735	860.000000	3.4781e-08	
880.000000	0.000161887	880.000000	0.000190642	880.000000	0.000190823	880.000000	0.000190628	880.000000	0.000190619	880.000000	0.000190608	880.000000	3.40423e-08	
900.000000	0.000160928	900.000000	0.000189578	900.000000	0.00018978	900.000000	0.000189587	900.000000	0.000189579	900.000000	0.000189545	900.000000	3.33354e-08	
920.000000	0.000160023	920.000000	0.000188572	920.000000	0.000188794	920.000000	0.000188603	920.000000	0.000188595	920.000000	0.00018854	920.000000	3.26582e-08	
940.000000	0.000159167	940.000000	0.000187621	940.000000	0.00018786	940.000000	0.00018767	940.000000	0.000187663	940.000000	0.000187589	940.000000	3.20087e-08	
960.000000	0.000158359	960.000000	0.000186722	960.000000	0.000186975	960.000000	0.000186786	960.000000	0.00018678	960.000000	0.000186691	960.000000	3.13854e-08	
980.000000	0.000157594	980.000000	0.000185871	980.000000	0.000186136	980.000000	0.000185949	980.000000	0.000185943	980.000000	0.000185841	980.000000	3.07867e-08	
1000.000000	0.000156871	1000.000000	0.000185066	1000.000000	0.00018534	1000.000000	0.000185154	1000.000000	0.000185149	1000.000000	0.000185036	1000.000000	3.0211e-08	
1020.000000	0.000156188	1020.000000	0.000184304	1020.000000	0.000184585	1020.000000	0.0001844 	1020.000000	0.000184396	1020.000000	0.000184275	1020.000000	2.96572e-08	
1040.000000	0.000155542	1040.000000	0.000183583	1040.000000	0.000183868	1040.000000	0.000183684	1040.000000	0.00018368	1040.000000	0.000183554	1040.000000	2.91239e-08	
1060.000000	0.000154932	1060.000000	0.0001829 	1060.000000	0.000183186	1060.000000	0.000183003	1060.000000	0.000183  	1060.000000	0.000182871	1060.000000	2.86101e-08	
1080.000000	0.000154355	1080.000000	0.000182253	1080.000000	0.000182539	1080.000000	0.000182357	1080.000000	0.000182354	1080.000000	0.000182225	1080.000000	2.81146e-08	
1100.000000	0.000153809	1100.000000	0.00018164	1100.000000	0.000181923	1100.000000	0.000181742	1100.000000	0.00018174	1100.000000	0.000181613	1100.000000	2.76366e-08	
1120.000000	0.000153294	1120.000000	0.00018106	1120.000000	0.000181337	1120.000000	0.000181157	1120.000000	0.000181156	1120.000000	0.000181033	1120.000000	2.7175e-08	
1140.000000	0.000152807	1140.000000	0.000180511	1140.000000	0.00018078	1140.000000	0.0001806 	1140.000000	0.000180599	1140.000000	0.000180484	1140.000000	2.67291e-08	
1160.000000	0.000152348	1160.000000	0.000179991	1160.000000	0.000180249	1160.000000	0.000180071	1160.000000	0.00018007	1160.000000	0.000179965	1160.000000	2.6298e-08	
1180.000000	0.000151915	1180.000000	0.000179499	1180.000000	0.000179744	1180.000000	0.000179566	1180.000000	0.000179566	1180.000000	0.000179473	1180.000000	2.5881e-08	
1200.000000	0.000151507	1200.000000	0.000179033	1200.000000	0.000179263	1200.000000	0.000179086	1200.000000	0.000179086	1200.000000	0.000179008	1200.000000	2.54775e-08	
1220.000000	0.000151122	1220.000000	0.000178593	1220.000000	0.000178804	1220.000000	0.000178628	1220.000000	0.000178629	1220.000000	0.000178568	1220.000000	2.50867e-08	
1240.000000	0.000150759	1240.000000	0.000178177	1240.000000	0.000178366	1240.000000	0.000178192	1240.000000	0.000178193	1240.000000	0.000178152	1240.000000	2.47081e-08	
1260.000000	0.000150419	1260.000000	0.000177783	1260.000000	0.000177949	1260.000000	0.000177777	1260.000000	0.000177778	1260.000000	0.000177759	1260.000000	2.43411e-08	
1280.000000	0.000150099	1280.000000	0.000177411	1280.000000	0.000177553	1280.000000	0.000177381	1280.000000	0.000177382	1280.000000	0.000177387	1280.000000	2.39852e-08	
1300.000000	0.000149799	1300.000000	0.00017706	1300.000000	0.000177175	1300.000000	0.000177003	1300.000000	0.000177005	1300.000000	0.000177036	1300.000000	2.36399e-08	
1320.000000	0.000149517	1320.000000	0.000176729	1320.000000	0.000176816	1320.000000	0.000176643	1320.000000	0.000176646	1320.000000	0.000176706	1320.000000	2.33047e-08	
1340.000000	0.000149254	1340.000000	0.000176417	1340.000000	0.000176475	1340.000000	0.0001763 	1340.000000	0.000176303	1340.000000	0.000176394	1340.000000	2.29791e-08	
1360.000000	0.000149008	1360.000000	0.000176123	1360.000000	0.00017615	1360.000000	0.000175973	1360.000000	0.000175976	1360.000000	0.0001761 	1360.000000	2.26628e-08	
1380.000000	0.000148779	1380.000000	0.000175846	1380.000000	0.00017584	1380.000000	0.00017566	1380.000000	0.000175664	1380.000000	0.000175824	1380.000000	2.23554e-08	
1400.000000	0.000148566	1400.000000	0.000175587	1400.000000	0.000175545	1400.000000	0.000175363	1400.000000	0.000175366	1400.000000	0.000175565	1400.000000	2.20564e-08	
1420.000000	0.000148368	1420.000000	0.000175343	1420.000000	0.000175263	1420.000000	0.000175079	1420.000000	0.000175083	1420.000000	0.000175321	1420.000000	2.17656e-08	
1440.000000	0.000148185	1440.000000	0.000175114	1440.000000	0.000174994	1440.000000	0.000174808	1440.000000	0.000174813	1440.000000	0.000175093	1440.000000	2.14826e-08	
1460.000000	0.000148016	1460.000000	0.0001749 	1460.000000	0.000174737	1460.000000	0.00017455	1460.000000	0.000174555	1460.000000	0.000174879	1460.000000	2.12071e-08	
1480.000000	0.000147861	1480.000000	0.000174701	1480.000000	0.000174491	1480.000000	0.000174304	1480.000000	0.000174309	1480.000000	0.00017468	1480.000000	2.09387e-08	
1500.000000	0.000147719	1500.000000	0.000174514	1500.000000	0.000174256	1500.000000	0.00017407	1500.000000	0.000174075	1500.000000	0.000174494	1500.000000	2.06773e-08	
1520.000000	0.00014759	1520.000000	0.000174341	1520.000000	0.000174032	1520.000000	0.000173846	1520.000000	0.000173851	1520.000000	0.000174321	1520.000000	2.04225e-08	
1540.000000	0.000147473	1540.000000	0.000174181	1540.000000	0.000173818	1540.000000	0.000173633	1540.000000	0.000173639	1540.000000	0.000174161	1540.000000	2.01742e-08	
1560.000000	0.000147368	1560.000000	0.000174032	1560.000000	0.000173614	1560.000000	0.00017343	1560.000000	0.000173436	1560.000000	0.000174012	1560.000000	1.99319e-08	
1580.000000	0.000147274	1580.000000	0.000173895	1580.000000	0.00017342	1580.000000	0.000173237	1580.000000	0.000173243	1580.000000	0.000173876	1580.000000	1.96956e-08	
1600.000000	0.000147192	1600.000000	0.000173769	1600.000000	0.000173235	1600.000000	0.000173053	1600.000000	0.000173059	1600.000000	0.00017375	1600.000000	1.9465e-08	
1620.000000	0.000147119	1620.000000	0.000173654	1620.000000	0.000173059	1620.000000	0.000172877	1620.000000	0.000172884	1620.000000	0.000173635	1620.000000	1.924e-08 	
1640.000000	0.000147058	1640.000000	0.00017355	1640.000000	0.000172891	1640.000000	0.000172711	1640.000000	0.000172717	1640.000000	0.000173531	1640.000000	1.90202e-08	
1660.000000	0.000147006	1660.000000	0.000173455	1660.000000	0.000172732	1660.000000	0.000172552	1660.000000	0.000172559	1660.000000	0.000173436	1660.000000	1.88055e-08	
1680.000000	0.000146964	1680.000000	0.00017337	1680.000000	0.000172581	1680.000000	0.000172401	1680.000000	0.000172408	1680.000000	0.000173351	1680.000000	1.85958e-08	
1700.000000	0.000146931	1700.000000	0.000173294	1700.000000	0.000172437	1700.000000	0.000172258	1700.000000	0.000172265	1700.000000	0.000173276	1700.000000	1.83908e-08	
1750.000000	0.000146888	1750.000000	0.000173144	1750.000000	0.000172109	1750.000000	0.00017193	1750.000000	0.000171938	1750.000000	0.000173126	1750.000000	1.78983e-08	
1800.000000	0.000146897	1800.000000	0.000173045	1800.000000	0.000171821	1800.000000	0.000171643	1800.000000	0.000171651	1800.000000	0.000173027	1800.000000	1.74322e-08	
1850.000000	0.000146954	1850.000000	0.000172993	1850.000000	0.00017157	1850.000000	0.000171393	1850.000000	0.000171401	1850.000000	0.000172976	1850.000000	1.69904e-08	
1900.000000	0.000147056	1900.000000	0.000172985	1900.000000	0.000171353	1900.000000	0.000171177	1900.000000	0.000171185	1900.000000	0.000172969	1900.000000	1.65712e-08	
1950.000000	0.000147199	1950.000000	0.000173018	1950.000000	0.000171166	1950.000000	0.00017099	1950.000000	0.000170999	1950.000000	0.000173002	1950.000000	1.61727e-08	
2000.000000	0.000147382	2000.000000	0.000173088	2000.000000	0.000171007	2000.000000	0.000170832	2000.000000	0.000170841	2000.000000	0.000173072	2000.000000	1.57935e-08	
2100.000000	0.000147854	2100.000000	0.000173329	2100.000000	0.000170762	2100.000000	0.000170589	2100.000000	0.000170598	2100.000000	0.000173314	2100.000000	1.50876e-08	
2200.000000	0.000148454	2200.000000	0.00017369	2200.000000	0.000170603	2200.000000	0.00017043	2200.000000	0.000170441	2200.000000	0.000173675	2200.000000	1.44438e-08	
2300.000000	0.000149167	2300.000000	0.000174155	2300.000000	0.000170515	2300.000000	0.000170343	2300.000000	0.000170354	2300.000000	0.000174141	2300.000000	1.38541e-08	
2400.000000	0.000149981	2400.000000	0.000174712	2400.000000	0.000170487	2400.000000	0.000170316	2400.000000	0.000170327	2400.000000	0.000174698	2400.000000	1.33121e-08	
2500.000000	0.000150885	2500.000000	0.000175348	2500.000000	0.000170509	2500.000000	0.00017034	2500.000000	0.000170351	2500.000000	0.000175336	2500.000000	1.2812e-08	
2600.000000	0.000151871	2600.000000	0.000176056	2600.000000	0.000170575	2600.000000	0.000170406	2600.000000	0.000170418	2600.000000	0.000176043	2600.000000	1.23492e-08	
2700.000000	0.000152931	2700.000000	0.000176826	2700.000000	0.000170678	2700.000000	0.00017051	2700.000000	0.000170522	2700.000000	0.000176814	2700.000000	1.19196e-08	
2800.000000	0.000154058	2800.000000	0.000177653	2800.000000	0.000170812	2800.000000	0.000170645	2800.000000	0.000170657	2800.000000	0.000177641	2800.000000	1.15196e-08	
2900.000000	0.000155247	2900.000000	0.00017853	2900.000000	0.000170973	2900.000000	0.000170806	2900.000000	0.000170818	2900.000000	0.000178518	2900.000000	1.11464e-08	
3000.000000	0.000156492	3000.000000	0.000179451	3000.000000	0.000171157	3000.000000	0.00017099	3000.000000	0.000171003	3000.000000	0.00017944	3000.000000	1.07973e-08	
3200.000000	0.000159135	3200.000000	0.000181413	3200.000000	0.00017158	3200.000000	0.000171415	3200.000000	0.000171427	3200.000000	0.000181403	3200.000000	1.01625e-08	
3400.000000	0.000161959	3400.000000	0.000183508	3400.000000	0.000172061	3400.000000	0.000171896	3400.000000	0.000171909	3400.000000	0.000183498	3400.000000	9.60013e-09	
3600.000000	0.00016494	3600.000000	0.000185714	3600.000000	0.000172584	3600.000000	0.000172419	3600.000000	0.000172433	3600.000000	0.000185704	3600.000000	9.09831e-09	
3800.000000	0.000168061	3800.000000	0.000188012	3800.000000	0.000173136	3800.000000	0.000172972	3800.000000	0.000172986	3800.000000	0.000188003	3800.000000	8.6477e-09	
4000.000000	0.000171306	4000.000000	0.000190388	4000.000000	0.000173709	4000.000000	0.000173546	4000.000000	0.000173559	4000.000000	0.000190379	4000.000000	8.24077e-09	
4200.000000	0.000174664	4200.000000	0.00019283	4200.000000	0.000174296	4200.000000	0.000174133	4200.000000	0.000174147	4200.000000	0.000192822	4200.000000	7.87142e-09	
4400.000000	0.000178126	4400.000000	0.000195329	4400.000000	0.000174892	4400.000000	0.000174729	4400.000000	0.000174743	4400.000000	0.000195321	4400.000000	7.53461e-09	
4600.000000	0.000181682	4600.000000	0.000197876	4600.000000	0.000175492	4600.000000	0.00017533	4600.000000	0.000175344	4600.000000	0.000197869	4600.000000	7.2262e-09	
4800.000000	0.000185326	4800.000000	0.000200466	4800.000000	0.000176094	4800.000000	0.000175932	4800.000000	0.000175946	4800.000000	0.000200459	4800.000000	6.94271e-09	
5000.000000	0.000189052	5000.000000	0.000203092	5000.000000	0.000176695	5000.000000	0.000176534	5000.000000	0.000176547	5000.000000	0.000203085	5000.000000	6.68121e-09	
5250.000000	0.000193818	5250.000000	0.000206419	5250.000000	0.000177442	5250.000000	0.000177281	5250.000000	0.000177295	5250.000000	0.000206412	5250.000000	6.38151e-09	
5500.000000	0.000198696	5500.000000	0.000209788	5500.000000	0.000178182	5500.000000	0.000178022	5500.000000	0.000178035	5500.000000	0.000209782	5500.000000	6.10823e-09	
6000.000000	0.000208765	6000.000000	0.000216629	6000.000000	0.000179634	6000.000000	0.000179474	6000.000000	0.000179488	6000.000000	0.000216624	6000.000000	5.628e-09 	
6500.000000	0.000219216	6500.000000	0.000223577	6500.000000	0.000181041	6500.000000	0.000180881	6500.000000	0.000180895	6500.000000	0.000223572	6500.000000	5.21952e-09	
7000.000000	0.00023002	7000.000000	0.000230605	7000.000000	0.000182398	7000.000000	0.000182239	7000.000000	0.000182252	7000.000000	0.0002306 	7000.000000	4.86772e-09	
7500.000000	0.000241153	7500.000000	0.000237692	7500.000000	0.000183705	7500.000000	0.000183546	7500.000000	0.000183558	7500.000000	0.000237688	7500.000000	4.56147e-09	
8000.000000	0.000252599	8000.000000	0.000244825	8000.000000	0.000184962	8000.000000	0.000184803	8000.000000	0.000184815	8000.000000	0.00024482	8000.000000	4.29239e-09	
8500.000000	0.000264345	8500.000000	0.000251992	8500.000000	0.00018617	8500.000000	0.000186011	8500.000000	0.000186023	8500.000000	0.000251988	8500.000000	4.05405e-09	
9000.000000	0.00027638	9000.000000	0.000259184	9000.000000	0.000187331	9000.000000	0.000187173	9000.000000	0.000187184	9000.000000	0.000259181	9000.000000	3.84144e-09	
9500.000000	0.000288697	9500.000000	0.000266397	9500.000000	0.000188449	9500.000000	0.00018829	9500.000000	0.000188301	9500.000000	0.000266393	9500.000000	3.65055e-09	
10000.000000	0.00030129	10000.000000	0.000273624	10000.000000	0.000189526	10000.000000	0.000189366	10000.000000	0.000189377	10000.000000	0.00027362	10000.000000	3.47821e-09	
11000.000000	0.000327281	11000.000000	0.000288106	11000.000000	0.000191561	11000.000000	0.000191402	11000.000000	0.000191412	11000.000000	0.000288102	11000.000000	3.17921e-09	
12000.000000	0.000354324	12000.000000	0.000302607	12000.000000	0.000193452	12000.000000	0.000193298	12000.000000	0.000193307	12000.000000	0.000302604	12000.000000	2.92867e-09	
13000.000000	0.000382398	13000.000000	0.000317114	13000.000000	0.000195221	13000.000000	0.00019507	13000.000000	0.000195077	13000.000000	0.000317111	13000.000000	2.71561e-09	
14000.000000	0.00041149	14000.000000	0.000331615	14000.000000	0.000196886	14000.000000	0.000196732	14000.000000	0.000196737	14000.000000	0.000331612	14000.000000	2.53215e-09	
15000.000000	0.000441591	15000.000000	0.000346104	15000.000000	0.000198455	15000.000000	0.000198295	15000.000000	0.000198299	15000.000000	0.000346102	15000.000000	2.37247e-09	
16000.000000	0.000472694	16000.000000	0.000360577	16000.000000	0.000199934	16000.000000	0.00019977	16000.000000	0.000199772	16000.000000	0.000360575	16000.000000	2.2322e-09	
17000.000000	0.000504797	17000.000000	0.000375031	17000.000000	0.000201331	17000.000000	0.000201166	17000.000000	0.000201166	17000.000000	0.000375029	17000.000000	2.10797e-09	
18000.000000	0.000537897	18000.000000	0.000389464	18000.000000	0.000202652	18000.000000	0.00020249	18000.000000	0.000202489	18000.000000	0.000389462	18000.000000	1.99716e-09	
19000.000000	0.000571995	19000.000000	0.000403874	19000.000000	0.000203905	19000.000000	0.00020375	19000.000000	0.000203746	19000.000000	0.000403872	19000.000000	1.8977e-09	
20000.000000	0.00060709	20000.000000	0.000418261	20000.000000	0.000205097	20000.000000	0.00020495	20000.000000	0.000204944	20000.000000	0.000418259	20000.000000	1.80791e-09	
21000.000000	0.000643185	21000.000000	0.000432624	21000.000000	0.000206235	21000.000000	0.000206096	21000.000000	0.000206088	21000.000000	0.000432623	21000.000000	1.72643e-09	
22000.000000	0.00068028	22000.000000	0.000446964	22000.000000	0.000207327	22000.000000	0.000207193	22000.000000	0.000207183	22000.000000	0.000446963	22000.000000	1.65215e-09	
23000.000000	0.00071838	23000.000000	0.00046128	23000.000000	0.000208379	23000.000000	0.000208245	23000.000000	0.000208232	23000.000000	0.000461279	23000.000000	1.58416e-09	
24000.000000	0.000757487	24000.000000	0.000475573	24000.000000	0.000209388	24000.000000	0.000209254	24000.000000	0.000209239	24000.000000	0.000475571	24000.000000	1.52167e-09	
25000.000000	0.000797604	25000.000000	0.000489842	25000.000000	0.000210356	25000.000000	0.000210225	25000.000000	0.000210207	25000.000000	0.000489841	25000.000000	1.46404e-09	
26000.000000	0.000838736	26000.000000	0.000504089	26000.000000	0.000211288	26000.000000	0.00021116	26000.000000	0.000211139	26000.000000	0.000504088	26000.000000	1.41073e-09	
27000.000000	0.000880885	27000.000000	0.000518313	27000.000000	0.000212191	27000.000000	0.000212061	27000.000000	0.000212037	27000.000000	0.000518312	27000.000000	1.36125e-09	
28000.000000	0.000924057	28000.000000	0.000532515	28000.000000	0.000213061	28000.000000	0.000212931	28000.000000	0.000212904	28000.000000	0.000532514	28000.000000	1.31522e-09	
29000.000000	0.000968255	29000.000000	0.000546696	29000.000000	0.000213899	29000.000000	0.000213772	29000.000000	0.000213742	29000.000000	0.000546695	29000.000000	1.27227e-09	
30000.000000	0.00101348	30000.000000	0.000560855	30000.000000	0.000214707	30000.000000	0.000214585	30000.000000	0.000214552	30000.000000	0.000560854	30000.000000	1.2321e-09	
32000.000000	0.00110706	32000.000000	0.000589112	32000.000000	0.000216247	32000.000000	0.000216137	32000.000000	0.000216098	32000.000000	0.000589111	32000.000000	1.1591e-09	
34000.000000	0.00120481	34000.000000	0.00061729	34000.000000	0.000217699	34000.000000	0.000217598	34000.000000	0.000217551	34000.000000	0.000617289	34000.000000	1.09446e-09	
36000.000000	0.00130679	36000.000000	0.000645393	36000.000000	0.000219072	36000.000000	0.000218978	36000.000000	0.000218924	36000.000000	0.000645392	36000.000000	1.03681e-09	
38000.000000	0.00141303	38000.000000	0.000673423	38000.000000	0.000220373	38000.000000	0.000220286	38000.000000	0.000220224	38000.000000	0.000673422	38000.000000	9.85061e-10	
40000.000000	0.00152359	40000.000000	0.000701383	40000.000000	0.00022161	40000.000000	0.000221528	40000.000000	0.000221457	40000.000000	0.000701382	40000.000000	9.38354e-10	
42000.000000	0.00163849	42000.000000	0.000729277	42000.000000	0.000222787	42000.000000	0.000222711	42000.000000	0.000222632	42000.000000	0.000729276	42000.000000	8.95976e-10	
44000.000000	0.0017578 	44000.000000	0.000757108	44000.000000	0.000223911	44000.000000	0.00022384	44000.000000	0.000223752	44000.000000	0.000757107	44000.000000	8.57349e-10	
46000.000000	0.00188155	46000.000000	0.000784878	46000.000000	0.000224985	46000.000000	0.00022492	46000.000000	0.000224822	46000.000000	0.000784877	46000.000000	8.21991e-10	
48000.000000	0.00200979	48000.000000	0.000812589	48000.000000	0.000226014	48000.000000	0.000225955	48000.000000	0.000225847	48000.000000	0.000812588	48000.000000	7.89502e-10	
50000.000000	0.00214258	50000.000000	0.000840243	50000.000000	0.000227  	50000.000000	0.000226948	50000.000000	0.00022683	50000.000000	0.000840243	50000.000000	7.59543e-10	
