*Energy (MeV/u)1	0 - [He-base] F.Hubert et al, AD&ND Tables 46(1990)1	Energy (MeV/u)2	1 - [H -base] J.F.Ziegler et al, Pergamon Press, NY (low energy)	Energy (MeV/u)3	2 - ATIMA 1.2  LS-theory (recommended for high energy)	Energy (MeV/u)4	3 - ATIMA 1.2  without LS-correction	Energy (MeV/u)5	4 - electrical component of [1] - J.F.Ziegler et al	Energy (MeV/u)6	5 - nuclear component of [1] - J.F.Ziegler et al	
0.001000	2.44205e-05	0.001000	2.55087e-05	0.001000	2.59361e-05	0.001000	2.59361e-05	0.001000	7.35139e-06	0.001000	1.81573e-05	
0.002000	2.48005e-05	0.002000	2.32672e-05	0.002000	2.47342e-05	0.002000	2.47342e-05	0.002000	9.53358e-06	0.002000	1.37336e-05	
0.005000	2.70813e-05	0.005000	2.18585e-05	0.005000	2.5809e-05	0.005000	2.5809e-05	0.005000	1.34426e-05	0.005000	8.41584e-06	
0.008000	2.95333e-05	0.008000	2.23102e-05	0.008000	2.82774e-05	0.008000	2.82774e-05	0.008000	1.60335e-05	0.008000	6.27666e-06	
0.010000	3.10668e-05	0.010000	2.285e-05 	0.010000	3.00146e-05	0.010000	3.00146e-05	0.010000	1.74329e-05	0.010000	5.41705e-06	
0.015000	3.66013e-05	0.015000	2.43938e-05	0.015000	3.42238e-05	0.015000	3.42238e-05	0.015000	2.02957e-05	0.015000	4.09811e-06	
0.020000	4.19586e-05	0.020000	2.59135e-05	0.020000	3.80919e-05	0.020000	3.80919e-05	0.020000	2.26077e-05	0.020000	3.30577e-06	
0.025000	4.80864e-05	0.025000	2.76286e-05	0.025000	4.17172e-05	0.025000	4.17172e-05	0.025000	2.48215e-05	0.025000	2.8071e-06	
0.030000	5.37066e-05	0.030000	3.4426e-05	0.030000	4.62958e-05	0.030000	4.62958e-05	0.030000	3.19761e-05	0.030000	2.44988e-06	
0.035000	5.87018e-05	0.035000	4.13685e-05	0.035000	5.08538e-05	0.035000	5.08538e-05	0.035000	3.91884e-05	0.035000	2.18007e-06	
0.040000	6.29952e-05	0.040000	4.81038e-05	0.040000	5.53691e-05	0.040000	5.53691e-05	0.040000	4.61355e-05	0.040000	1.96833e-06	
0.045000	6.65071e-05	0.045000	5.45329e-05	0.045000	5.98252e-05	0.045000	5.98252e-05	0.045000	5.27357e-05	0.045000	1.79728e-06	
0.050000	6.86771e-05	0.050000	6.06494e-05	0.050000	6.42085e-05	0.050000	6.42085e-05	0.050000	5.89935e-05	0.050000	1.65591e-06	
0.055000	7.23534e-05	0.055000	6.64854e-05	0.055000	6.85075e-05	0.055000	6.85075e-05	0.055000	6.49484e-05	0.055000	1.53692e-06	
0.060000	7.56065e-05	0.060000	7.15159e-05	0.060000	7.27127e-05	0.060000	7.27127e-05	0.060000	7.00806e-05	0.060000	1.43524e-06	
0.070000	8.09178e-05	0.070000	8.03708e-05	0.070000	8.08099e-05	0.070000	8.08099e-05	0.070000	7.91005e-05	0.070000	1.27029e-06	
0.080000	8.6543e-05	0.080000	8.85878e-05	0.080000	8.84499e-05	0.080000	8.84499e-05	0.080000	8.74459e-05	0.080000	1.14189e-06	
0.090000	9.1161e-05	0.090000	9.62082e-05	0.090000	9.55999e-05	0.090000	9.55999e-05	0.090000	9.51694e-05	0.090000	1.03884e-06	
0.100000	9.47619e-05	0.100000	0.000103239	0.100000	0.000102242	0.100000	0.000102242	0.100000	0.000102285	0.100000	9.54133e-07	
0.120000	9.7202e-05	0.120000	0.000114432	0.120000	0.000113989	0.120000	0.000113989	0.120000	0.00011361	0.120000	8.22769e-07	
0.140000	9.88465e-05	0.140000	0.000123028	0.140000	0.000123754	0.140000	0.000123754	0.140000	0.000122303	0.140000	7.25274e-07	
0.160000	0.00010033	0.160000	0.000130221	0.160000	0.000131701	0.160000	0.000131701	0.160000	0.000129571	0.160000	6.49807e-07	
0.180000	0.000101914	0.180000	0.000136225	0.180000	0.000138041	0.180000	0.000138041	0.180000	0.000135636	0.180000	5.89518e-07	
0.200000	0.000104416	0.200000	0.00014171	0.200000	0.000143004	0.200000	0.000143004	0.200000	0.00014117	0.200000	5.40156e-07	
0.250000	0.000107207	0.250000	0.000153126	0.250000	0.000150794	0.250000	0.000150794	0.250000	0.000152678	0.250000	4.48373e-07	
0.300000	0.000109693	0.300000	0.000159968	0.300000	0.000154163	0.300000	0.000154163	0.300000	0.000159584	0.300000	3.84707e-07	
0.350000	0.000112378	0.350000	0.000164594	0.350000	0.000155021	0.350000	0.000155021	0.350000	0.000164256	0.350000	3.37767e-07	
0.400000	0.000114639	0.400000	0.000167833	0.400000	0.000155153	0.400000	0.000155153	0.400000	0.000167531	0.400000	3.01623e-07	
0.450000	0.00011621	0.450000	0.000169404	0.450000	0.000156148	0.450000	0.000156148	0.450000	0.000169131	0.450000	2.72874e-07	
0.500000	0.000117213	0.500000	0.000169832	0.500000	0.000156203	0.500000	0.000156203	0.500000	0.000169583	0.500000	2.49422e-07	
0.600000	0.000114467	0.600000	0.000169178	0.600000	0.000154762	0.600000	0.000154762	0.600000	0.000168965	0.600000	2.13384e-07	
0.700000	0.000110608	0.700000	0.000167284	0.700000	0.000152304	0.700000	0.000152304	0.700000	0.000167097	0.700000	1.86909e-07	
0.800000	0.000110155	0.800000	0.000164281	0.800000	0.000148577	0.800000	0.000148577	0.800000	0.000164114	0.800000	1.66584e-07	
0.900000	0.000109106	0.900000	0.000160697	0.900000	0.000144756	0.900000	0.000144756	0.900000	0.000160546	0.900000	1.50457e-07	
1.000000	0.000107858	1.000000	0.000157091	1.000000	0.000141086	1.000000	0.000141086	1.000000	0.000156954	1.000000	1.37329e-07	
1.250000	0.000103562	1.250000	0.000147968	1.250000	0.000132562	1.250000	0.000132562	1.250000	0.000147855	1.250000	1.13113e-07	
1.500000	9.81293e-05	1.500000	0.000138028	1.500000	0.000123884	1.500000	0.000123884	1.500000	0.000137931	1.500000	9.64734e-08	
1.750000	9.28524e-05	1.750000	0.000129044	1.750000	0.000116566	1.750000	0.000116566	1.750000	0.00012896	1.750000	8.4295e-08	
2.000000	8.78342e-05	2.000000	0.000120879	2.000000	0.000110195	2.000000	0.000110195	2.000000	0.000120804	2.000000	7.49735e-08	
2.250000	8.33947e-05	2.250000	0.00011369	2.250000	0.000104547	2.250000	0.000104547	2.250000	0.000113623	2.250000	6.7596e-08	
2.500000	8.25058e-05	2.500000	0.000107216	2.500000	9.94809e-05	2.500000	9.94809e-05	2.500000	0.000107155	2.500000	6.16036e-08	
3.000000	7.47991e-05	3.000000	9.61909e-05	3.000000	9.07322e-05	3.000000	9.07322e-05	3.000000	9.61385e-05	3.000000	5.24427e-08	
3.500000	6.84377e-05	3.500000	8.73406e-05	3.500000	8.34217e-05	3.500000	8.34217e-05	3.500000	8.72949e-05	3.500000	4.57526e-08	
4.000000	6.31109e-05	4.000000	7.99619e-05	4.000000	7.72134e-05	4.000000	7.72134e-05	4.000000	7.99212e-05	4.000000	4.06412e-08	
4.500000	5.85893e-05	4.500000	7.37894e-05	4.500000	7.18731e-05	4.500000	7.18731e-05	4.500000	7.37528e-05	4.500000	3.6602e-08	
5.000000	5.47044e-05	5.000000	6.85435e-05	5.000000	6.723e-05 	5.000000	6.723e-05 	5.000000	6.85101e-05	5.000000	3.33254e-08	
5.500000	5.13303e-05	5.500000	6.40181e-05	5.500000	6.31555e-05	5.500000	6.31555e-05	5.500000	6.39875e-05	5.500000	3.06113e-08	
6.000000	4.83722e-05	6.000000	6.00678e-05	6.000000	5.95511e-05	6.000000	5.95511e-05	6.000000	6.00395e-05	6.000000	2.83243e-08	
6.500000	4.5757e-05	6.500000	5.65838e-05	6.500000	5.63395e-05	6.500000	5.63395e-05	6.500000	5.65574e-05	6.500000	2.63697e-08	
7.000000	4.34278e-05	7.000000	5.34866e-05	7.000000	5.34599e-05	7.000000	5.34599e-05	7.000000	5.34619e-05	7.000000	2.46789e-08	
7.500000	4.13396e-05	7.500000	5.07155e-05	7.500000	5.08632e-05	7.500000	5.08632e-05	7.500000	5.06923e-05	7.500000	2.32011e-08	
8.000000	3.94566e-05	8.000000	4.82204e-05	8.000000	4.85096e-05	8.000000	4.85096e-05	8.000000	4.81985e-05	8.000000	2.18978e-08	
8.500000	3.77494e-05	8.500000	4.59614e-05	8.500000	4.63663e-05	8.500000	4.63663e-05	8.500000	4.59407e-05	8.500000	2.07396e-08	
9.000000	3.61943e-05	9.000000	4.3906e-05	9.000000	4.44064e-05	9.000000	4.44064e-05	9.000000	4.38863e-05	9.000000	1.9703e-08	
9.500000	3.47715e-05	9.500000	4.20275e-05	9.500000	4.26073e-05	9.500000	4.26073e-05	9.500000	4.20087e-05	9.500000	1.87696e-08	
10.000000	3.34647e-05	10.000000	3.86273e-05	10.000000	4.09499e-05	10.000000	4.09499e-05	10.000000	3.86093e-05	10.000000	1.79245e-08	
11.000000	3.11456e-05	11.000000	3.61882e-05	11.000000	3.79371e-05	11.000000	3.79989e-05	11.000000	3.61717e-05	11.000000	1.64527e-08	
12.000000	2.91499e-05	12.000000	3.40443e-05	12.000000	3.53521e-05	12.000000	3.54568e-05	12.000000	3.40291e-05	12.000000	1.52136e-08	
13.000000	2.74134e-05	13.000000	3.21468e-05	13.000000	3.31122e-05	13.000000	3.32461e-05	13.000000	3.21326e-05	13.000000	1.41554e-08	
14.000000	2.58882e-05	14.000000	3.04566e-05	14.000000	3.11538e-05	14.000000	3.13078e-05	14.000000	3.04433e-05	14.000000	1.32407e-08	
15.000000	2.45373e-05	15.000000	2.89421e-05	15.000000	2.94282e-05	15.000000	2.9596e-05	15.000000	2.89297e-05	15.000000	1.24417e-08	
16.000000	2.33321e-05	16.000000	2.75778e-05	16.000000	2.78983e-05	16.000000	2.80747e-05	16.000000	2.75661e-05	16.000000	1.17375e-08	
17.000000	2.22499e-05	17.000000	2.63427e-05	17.000000	2.65343e-05	17.000000	2.67148e-05	17.000000	2.63316e-05	17.000000	1.1112e-08	
18.000000	2.12725e-05	18.000000	2.52194e-05	18.000000	2.53108e-05	18.000000	2.54932e-05	18.000000	2.52088e-05	18.000000	1.05525e-08	
19.000000	2.03853e-05	19.000000	2.41935e-05	19.000000	2.42077e-05	19.000000	2.43906e-05	19.000000	2.41835e-05	19.000000	1.00489e-08	
20.000000	1.9576e-05	20.000000	2.32531e-05	20.000000	2.32094e-05	20.000000	2.33914e-05	20.000000	2.32435e-05	20.000000	9.59314e-09	
21.000000	1.88347e-05	21.000000	2.23878e-05	21.000000	2.23025e-05	21.000000	2.24824e-05	21.000000	2.23787e-05	21.000000	9.17861e-09	
22.000000	1.81531e-05	22.000000	2.15892e-05	22.000000	2.14759e-05	22.000000	2.16528e-05	22.000000	2.15804e-05	22.000000	8.7999e-09	
23.000000	1.75241e-05	23.000000	2.08497e-05	23.000000	2.07203e-05	23.000000	2.08932e-05	23.000000	2.08412e-05	23.000000	8.45247e-09	
24.000000	1.69418e-05	24.000000	2.01631e-05	24.000000	2.00273e-05	24.000000	2.01958e-05	24.000000	2.01549e-05	24.000000	8.13257e-09	
25.000000	1.6401e-05	25.000000	1.95238e-05	25.000000	1.93901e-05	25.000000	1.95537e-05	25.000000	1.9516e-05	25.000000	7.83699e-09	
27.000000	1.54274e-05	27.000000	1.83693e-05	27.000000	1.82602e-05	27.000000	1.84132e-05	27.000000	1.8362e-05	27.000000	7.30836e-09	
29.000000	1.45748e-05	29.000000	1.73547e-05	29.000000	1.72918e-05	29.000000	1.74339e-05	29.000000	1.73479e-05	29.000000	6.84919e-09	
31.000000	1.38217e-05	31.000000	1.64562e-05	31.000000	1.64214e-05	31.000000	1.65464e-05	31.000000	1.64498e-05	31.000000	6.44647e-09	
33.000000	1.31513e-05	33.000000	1.56548e-05	33.000000	1.56183e-05	33.000000	1.57232e-05	33.000000	1.56487e-05	33.000000	6.09026e-09	
35.000000	1.25506e-05	35.000000	1.49355e-05	35.000000	1.48977e-05	35.000000	1.49866e-05	35.000000	1.49297e-05	35.000000	5.77285e-09	
38.000000	1.17577e-05	38.000000	1.39848e-05	38.000000	1.39476e-05	38.000000	1.4016e-05	38.000000	1.39794e-05	38.000000	5.3565e-09	
41.000000	1.1071e-05	41.000000	1.31605e-05	41.000000	1.31242e-05	41.000000	1.31771e-05	41.000000	1.31555e-05	41.000000	4.9983e-09	
44.000000	1.04702e-05	44.000000	1.24389e-05	44.000000	1.24044e-05	44.000000	1.24445e-05	44.000000	1.24342e-05	44.000000	4.68672e-09	
47.000000	9.9399e-06	47.000000	1.18017e-05	47.000000	1.17687e-05	47.000000	1.17989e-05	47.000000	1.17973e-05	47.000000	4.41311e-09	
50.000000	9.4681e-06	50.000000	1.12349e-05	50.000000	1.12035e-05	50.000000	1.12256e-05	50.000000	1.12307e-05	50.000000	4.17085e-09	
55.000000	8.78737e-06	55.000000	1.04173e-05	55.000000	1.03879e-05	55.000000	1.04002e-05	55.000000	1.04135e-05	55.000000	3.82323e-09	
60.000000	8.21159e-06	60.000000	9.72634e-06	60.000000	9.70039e-06	60.000000	9.70389e-06	60.000000	9.72281e-06	60.000000	3.53103e-09	
65.000000	7.71784e-06	65.000000	9.13448e-06	65.000000	9.11072e-06	65.000000	9.10825e-06	65.000000	9.1312e-06	65.000000	3.28183e-09	
70.000000	7.28945e-06	70.000000	8.62166e-06	70.000000	8.59923e-06	70.000000	8.59273e-06	70.000000	8.61859e-06	70.000000	3.06668e-09	
75.000000	6.91402e-06	75.000000	8.17289e-06	75.000000	8.1525e-06	75.000000	8.142e-06 	75.000000	8.17001e-06	75.000000	2.87898e-09	
80.000000	6.58212e-06	80.000000	7.77678e-06	80.000000	7.75757e-06	80.000000	7.74447e-06	80.000000	7.77407e-06	80.000000	2.71373e-09	
85.000000	6.28645e-06	85.000000	7.4245e-06	85.000000	7.40638e-06	85.000000	7.39114e-06	85.000000	7.42193e-06	85.000000	2.56708e-09	
90.000000	6.02126e-06	90.000000	7.10908e-06	90.000000	7.09204e-06	90.000000	7.07497e-06	90.000000	7.10665e-06	90.000000	2.43603e-09	
95.000000	5.78197e-06	95.000000	6.82499e-06	95.000000	6.80899e-06	95.000000	6.79034e-06	95.000000	6.82267e-06	95.000000	2.31818e-09	
100.000000	5.56489e-06	100.000000	6.56772e-06	100.000000	6.55273e-06	100.000000	6.53271e-06	100.000000	6.56551e-06	100.000000	2.21161e-09	
105.000000	5.36699e-06	105.000000	6.33363e-06	105.000000	6.31966e-06	105.000000	6.29839e-06	105.000000	6.33152e-06	105.000000	2.11475e-09	
110.000000	5.18579e-06	110.000000	6.11969e-06	110.000000	6.10603e-06	110.000000	6.08432e-06	110.000000	6.11766e-06	110.000000	2.02632e-09	
115.000000	5.0192e-06	115.000000	5.92338e-06	115.000000	5.91047e-06	115.000000	5.88798e-06	115.000000	5.92144e-06	115.000000	1.94526e-09	
120.000000	4.86549e-06	120.000000	5.7426e-06	120.000000	5.73041e-06	120.000000	5.70723e-06	120.000000	5.74073e-06	120.000000	1.87066e-09	
125.000000	4.72318e-06	125.000000	5.57556e-06	125.000000	5.56358e-06	125.000000	5.54028e-06	125.000000	5.57376e-06	125.000000	1.80178e-09	
130.000000	4.59103e-06	130.000000	5.42074e-06	130.000000	5.40913e-06	130.000000	5.3856e-06	130.000000	5.419e-06 	130.000000	1.73797e-09	
135.000000	4.46794e-06	135.000000	5.27683e-06	135.000000	5.26605e-06	135.000000	5.24188e-06	135.000000	5.27515e-06	135.000000	1.67869e-09	
140.000000	4.35301e-06	140.000000	5.14272e-06	140.000000	5.13253e-06	140.000000	5.108e-06 	140.000000	5.1411e-06	140.000000	1.62347e-09	
145.000000	4.24542e-06	145.000000	5.01743e-06	145.000000	5.00754e-06	145.000000	4.98296e-06	145.000000	5.01586e-06	145.000000	1.57189e-09	
150.000000	4.14448e-06	150.000000	4.90012e-06	150.000000	4.89061e-06	150.000000	4.86593e-06	150.000000	4.89859e-06	150.000000	1.52361e-09	
155.000000	4.00228e-06	155.000000	4.79003e-06	155.000000	4.78092e-06	155.000000	4.75615e-06	155.000000	4.78856e-06	155.000000	1.47831e-09	
160.000000	3.91896e-06	160.000000	4.68653e-06	160.000000	4.67781e-06	160.000000	4.65297e-06	160.000000	4.6851e-06	160.000000	1.43573e-09	
165.000000	3.84039e-06	165.000000	4.58904e-06	165.000000	4.58072e-06	165.000000	4.55582e-06	165.000000	4.58764e-06	165.000000	1.39562e-09	
170.000000	3.76615e-06	170.000000	4.49704e-06	170.000000	4.48912e-06	170.000000	4.46418e-06	170.000000	4.49568e-06	170.000000	1.35776e-09	
175.000000	3.69591e-06	175.000000	4.41008e-06	175.000000	4.40258e-06	175.000000	4.37759e-06	175.000000	4.40876e-06	175.000000	1.32199e-09	
180.000000	3.62933e-06	180.000000	4.32776e-06	180.000000	4.32067e-06	180.000000	4.29566e-06	180.000000	4.32647e-06	180.000000	1.28811e-09	
185.000000	3.56614e-06	185.000000	4.24972e-06	185.000000	4.24304e-06	185.000000	4.21802e-06	185.000000	4.24846e-06	185.000000	1.256e-09 	
190.000000	3.50608e-06	190.000000	4.17563e-06	190.000000	4.16936e-06	190.000000	4.14433e-06	190.000000	4.1744e-06	190.000000	1.2255e-09	
195.000000	3.44893e-06	195.000000	4.10519e-06	195.000000	4.09939e-06	195.000000	4.07431e-06	195.000000	4.104e-06 	195.000000	1.1965e-09	
200.000000	3.39447e-06	200.000000	4.03815e-06	200.000000	4.0328e-06	200.000000	4.00769e-06	200.000000	4.03698e-06	200.000000	1.16889e-09	
210.000000	3.29289e-06	210.000000	3.91332e-06	210.000000	3.90842e-06	210.000000	3.88373e-06	210.000000	3.9122e-06	210.000000	1.11746e-09	
220.000000	3.20005e-06	220.000000	3.79947e-06	220.000000	3.79537e-06	220.000000	3.77076e-06	220.000000	3.7984e-06	220.000000	1.07052e-09	
230.000000	3.11485e-06	230.000000	3.69521e-06	230.000000	3.692e-06 	230.000000	3.6674e-06	230.000000	3.69418e-06	230.000000	1.02749e-09	
240.000000	3.03639e-06	240.000000	3.59939e-06	240.000000	3.5971e-06	240.000000	3.57248e-06	240.000000	3.5984e-06	240.000000	9.87906e-10	
250.000000	2.96388e-06	250.000000	3.51102e-06	250.000000	3.50939e-06	250.000000	3.48504e-06	250.000000	3.51007e-06	250.000000	9.51362e-10	
260.000000	2.89668e-06	260.000000	3.42929e-06	260.000000	3.42831e-06	260.000000	3.40422e-06	260.000000	3.42837e-06	260.000000	9.17517e-10	
270.000000	2.83422e-06	270.000000	3.35347e-06	270.000000	3.35345e-06	270.000000	3.32932e-06	270.000000	3.35258e-06	270.000000	8.8608e-10	
280.000000	2.77602e-06	280.000000	3.28295e-06	280.000000	3.2838e-06	280.000000	3.25972e-06	280.000000	3.28209e-06	280.000000	8.56798e-10	
290.000000	2.72166e-06	290.000000	3.2172e-06	290.000000	3.21866e-06	290.000000	3.19489e-06	290.000000	3.21637e-06	290.000000	8.29456e-10	
300.000000	2.67076e-06	300.000000	3.15576e-06	300.000000	3.15801e-06	300.000000	3.13437e-06	300.000000	3.15496e-06	300.000000	8.03865e-10	
310.000000	2.62302e-06	310.000000	3.09823e-06	310.000000	3.10134e-06	310.000000	3.07775e-06	310.000000	3.09746e-06	310.000000	7.79859e-10	
320.000000	2.57815e-06	320.000000	3.04426e-06	320.000000	3.04798e-06	320.000000	3.02468e-06	320.000000	3.0435e-06	320.000000	7.57295e-10	
330.000000	2.5359e-06	330.000000	2.99352e-06	330.000000	2.99799e-06	330.000000	2.97483e-06	330.000000	2.99278e-06	330.000000	7.36044e-10	
340.000000	2.49604e-06	340.000000	2.94574e-06	340.000000	2.95112e-06	340.000000	2.92795e-06	340.000000	2.94503e-06	340.000000	7.15994e-10	
350.000000	2.4584e-06	350.000000	2.90069e-06	350.000000	2.90693e-06	350.000000	2.88376e-06	350.000000	2.89999e-06	350.000000	6.97044e-10	
360.000000	2.42278e-06	360.000000	2.85812e-06	360.000000	2.86508e-06	360.000000	2.84207e-06	360.000000	2.85745e-06	360.000000	6.79107e-10	
370.000000	2.38903e-06	370.000000	2.81787e-06	370.000000	2.82545e-06	370.000000	2.80267e-06	370.000000	2.8172e-06	370.000000	6.621e-10 	
380.000000	2.35702e-06	380.000000	2.77973e-06	380.000000	2.78808e-06	380.000000	2.76538e-06	380.000000	2.77909e-06	380.000000	6.45954e-10	
390.000000	2.32661e-06	390.000000	2.74357e-06	390.000000	2.75273e-06	390.000000	2.73005e-06	390.000000	2.74293e-06	390.000000	6.30604e-10	
400.000000	2.29769e-06	400.000000	2.70922e-06	400.000000	2.71905e-06	400.000000	2.69653e-06	400.000000	2.70861e-06	400.000000	6.15991e-10	
410.000000	2.27016e-06	410.000000	2.67657e-06	410.000000	2.68702e-06	410.000000	2.66469e-06	410.000000	2.67597e-06	410.000000	6.02063e-10	
420.000000	2.24392e-06	420.000000	2.6455e-06	420.000000	2.65664e-06	420.000000	2.63442e-06	420.000000	2.64491e-06	420.000000	5.88773e-10	
430.000000	2.21889e-06	430.000000	2.6159e-06	430.000000	2.62776e-06	430.000000	2.6056e-06	430.000000	2.61533e-06	430.000000	5.76076e-10	
440.000000	2.19498e-06	440.000000	2.58767e-06	440.000000	2.60022e-06	440.000000	2.57815e-06	440.000000	2.58711e-06	440.000000	5.63935e-10	
450.000000	2.17213e-06	450.000000	2.56073e-06	450.000000	2.57392e-06	450.000000	2.55196e-06	450.000000	2.56018e-06	450.000000	5.52312e-10	
460.000000	2.15028e-06	460.000000	2.53499e-06	460.000000	2.54877e-06	460.000000	2.52697e-06	460.000000	2.53445e-06	460.000000	5.41175e-10	
470.000000	2.12936e-06	470.000000	2.51038e-06	470.000000	2.52474e-06	470.000000	2.50309e-06	470.000000	2.50985e-06	470.000000	5.30494e-10	
480.000000	2.10931e-06	480.000000	2.48683e-06	480.000000	2.50183e-06	480.000000	2.48026e-06	480.000000	2.48631e-06	480.000000	5.2024e-10	
490.000000	2.09009e-06	490.000000	2.46427e-06	490.000000	2.47997e-06	490.000000	2.45841e-06	490.000000	2.46376e-06	490.000000	5.10389e-10	
500.000000	2.07164e-06	500.000000	2.44266e-06	500.000000	2.45902e-06	500.000000	2.43749e-06	500.000000	2.44216e-06	500.000000	5.00917e-10	
520.000000	2.03692e-06	520.000000	2.40204e-06	520.000000	2.4195e-06	520.000000	2.39821e-06	520.000000	2.40155e-06	520.000000	4.83024e-10	
540.000000	2.00483e-06	540.000000	2.36457e-06	540.000000	2.38321e-06	540.000000	2.36205e-06	540.000000	2.36411e-06	540.000000	4.66406e-10	
560.000000	1.9751e-06	560.000000	2.32995e-06	560.000000	2.34977e-06	560.000000	2.32866e-06	560.000000	2.3295e-06	560.000000	4.50931e-10	
580.000000	1.9475e-06	580.000000	2.29787e-06	580.000000	2.31868e-06	580.000000	2.29776e-06	580.000000	2.29743e-06	580.000000	4.36483e-10	
600.000000	1.92183e-06	600.000000	2.26809e-06	600.000000	2.28981e-06	600.000000	2.26912e-06	600.000000	2.26766e-06	600.000000	4.22962e-10	
620.000000	1.89791e-06	620.000000	2.24039e-06	620.000000	2.26304e-06	620.000000	2.2425e-06	620.000000	2.23998e-06	620.000000	4.10281e-10	
640.000000	1.87559e-06	640.000000	2.21459e-06	640.000000	2.23823e-06	640.000000	2.21773e-06	640.000000	2.21419e-06	640.000000	3.98363e-10	
660.000000	1.85473e-06	660.000000	2.19051e-06	660.000000	2.21508e-06	660.000000	2.19463e-06	660.000000	2.19012e-06	660.000000	3.8714e-10	
680.000000	1.8352e-06	680.000000	2.16801e-06	680.000000	2.19334e-06	680.000000	2.17306e-06	680.000000	2.16764e-06	680.000000	3.76553e-10	
700.000000	1.8169e-06	700.000000	2.14696e-06	700.000000	2.17305e-06	700.000000	2.15288e-06	700.000000	2.14659e-06	700.000000	3.66548e-10	
720.000000	1.79973e-06	720.000000	2.12723e-06	720.000000	2.15412e-06	720.000000	2.13398e-06	720.000000	2.12688e-06	720.000000	3.57078e-10	
740.000000	1.78361e-06	740.000000	2.10873e-06	740.000000	2.13637e-06	740.000000	2.11626e-06	740.000000	2.10838e-06	740.000000	3.48101e-10	
760.000000	1.76845e-06	760.000000	2.09136e-06	760.000000	2.11963e-06	760.000000	2.09962e-06	760.000000	2.09102e-06	760.000000	3.3958e-10	
780.000000	1.75419e-06	780.000000	2.07503e-06	780.000000	2.10385e-06	780.000000	2.08398e-06	780.000000	2.0747e-06	780.000000	3.31479e-10	
800.000000	1.74076e-06	800.000000	2.05967e-06	800.000000	2.089e-06 	800.000000	2.06926e-06	800.000000	2.05935e-06	800.000000	3.23768e-10	
820.000000	1.72811e-06	820.000000	2.04521e-06	820.000000	2.07502e-06	820.000000	2.05539e-06	820.000000	2.04489e-06	820.000000	3.16419e-10	
840.000000	1.71618e-06	840.000000	2.03158e-06	840.000000	2.06188e-06	840.000000	2.04231e-06	840.000000	2.03127e-06	840.000000	3.09408e-10	
860.000000	1.70492e-06	860.000000	2.01874e-06	860.000000	2.04952e-06	860.000000	2.02997e-06	860.000000	2.01844e-06	860.000000	3.0271e-10	
880.000000	1.6943e-06	880.000000	2.00662e-06	880.000000	2.03785e-06	880.000000	2.01832e-06	880.000000	2.00632e-06	880.000000	2.96306e-10	
900.000000	1.68427e-06	900.000000	1.99518e-06	900.000000	2.02679e-06	900.000000	2.0073e-06	900.000000	1.99489e-06	900.000000	2.90176e-10	
920.000000	1.67479e-06	920.000000	1.98438e-06	920.000000	2.0163e-06	920.000000	1.99688e-06	920.000000	1.9841e-06	920.000000	2.84303e-10	
940.000000	1.66583e-06	940.000000	1.97418e-06	940.000000	2.00635e-06	940.000000	1.98701e-06	940.000000	1.9739e-06	940.000000	2.7867e-10	
960.000000	1.65737e-06	960.000000	1.96453e-06	960.000000	1.99691e-06	960.000000	1.97767e-06	960.000000	1.96426e-06	960.000000	2.73264e-10	
980.000000	1.64937e-06	980.000000	1.95542e-06	980.000000	1.98796e-06	980.000000	1.96881e-06	980.000000	1.95515e-06	980.000000	2.6807e-10	
1000.000000	1.64181e-06	1000.000000	1.9468e-06	1000.000000	1.97948e-06	1000.000000	1.96041e-06	1000.000000	1.94653e-06	1000.000000	2.63076e-10	
1020.000000	1.63466e-06	1020.000000	1.93864e-06	1020.000000	1.97146e-06	1020.000000	1.95244e-06	1020.000000	1.93839e-06	1020.000000	2.58271e-10	
1040.000000	1.6279e-06	1040.000000	1.93093e-06	1040.000000	1.96386e-06	1040.000000	1.94487e-06	1040.000000	1.93068e-06	1040.000000	2.53644e-10	
1060.000000	1.6215e-06	1060.000000	1.92364e-06	1060.000000	1.95666e-06	1060.000000	1.93768e-06	1060.000000	1.92339e-06	1060.000000	2.49186e-10	
1080.000000	1.61546e-06	1080.000000	1.91673e-06	1080.000000	1.94982e-06	1080.000000	1.93086e-06	1080.000000	1.91649e-06	1080.000000	2.44886e-10	
1100.000000	1.60976e-06	1100.000000	1.91021e-06	1100.000000	1.94331e-06	1100.000000	1.92436e-06	1100.000000	1.90997e-06	1100.000000	2.40738e-10	
1120.000000	1.60436e-06	1120.000000	1.90403e-06	1120.000000	1.93711e-06	1120.000000	1.91819e-06	1120.000000	1.90379e-06	1120.000000	2.36732e-10	
1140.000000	1.59927e-06	1140.000000	1.89819e-06	1140.000000	1.9312e-06	1140.000000	1.91232e-06	1140.000000	1.89796e-06	1140.000000	2.32861e-10	
1160.000000	1.59447e-06	1160.000000	1.89267e-06	1160.000000	1.92556e-06	1160.000000	1.90673e-06	1160.000000	1.89244e-06	1160.000000	2.29119e-10	
1180.000000	1.58993e-06	1180.000000	1.88745e-06	1180.000000	1.92018e-06	1180.000000	1.90141e-06	1180.000000	1.88722e-06	1180.000000	2.25499e-10	
1200.000000	1.58566e-06	1200.000000	1.88252e-06	1200.000000	1.91506e-06	1200.000000	1.89635e-06	1200.000000	1.8823e-06	1200.000000	2.21996e-10	
1220.000000	1.58163e-06	1220.000000	1.87786e-06	1220.000000	1.91018e-06	1220.000000	1.89153e-06	1220.000000	1.87764e-06	1220.000000	2.18603e-10	
1240.000000	1.57784e-06	1240.000000	1.87346e-06	1240.000000	1.90554e-06	1240.000000	1.88693e-06	1240.000000	1.87324e-06	1240.000000	2.15316e-10	
1260.000000	1.57427e-06	1260.000000	1.86931e-06	1260.000000	1.90111e-06	1260.000000	1.88256e-06	1260.000000	1.8691e-06	1260.000000	2.1213e-10	
1280.000000	1.57092e-06	1280.000000	1.8654e-06	1280.000000	1.89691e-06	1280.000000	1.87839e-06	1280.000000	1.86519e-06	1280.000000	2.09039e-10	
1300.000000	1.56778e-06	1300.000000	1.86171e-06	1300.000000	1.8929e-06	1300.000000	1.87442e-06	1300.000000	1.8615e-06	1300.000000	2.0604e-10	
1320.000000	1.56484e-06	1320.000000	1.85824e-06	1320.000000	1.88908e-06	1320.000000	1.87063e-06	1320.000000	1.85804e-06	1320.000000	2.03129e-10	
1340.000000	1.56208e-06	1340.000000	1.85498e-06	1340.000000	1.88545e-06	1340.000000	1.86702e-06	1340.000000	1.85478e-06	1340.000000	2.00301e-10	
1360.000000	1.55951e-06	1360.000000	1.85191e-06	1360.000000	1.88199e-06	1360.000000	1.86358e-06	1360.000000	1.85171e-06	1360.000000	1.97554e-10	
1380.000000	1.55711e-06	1380.000000	1.84903e-06	1380.000000	1.87869e-06	1380.000000	1.86031e-06	1380.000000	1.84884e-06	1380.000000	1.94884e-10	
1400.000000	1.55488e-06	1400.000000	1.84634e-06	1400.000000	1.87555e-06	1400.000000	1.85718e-06	1400.000000	1.84614e-06	1400.000000	1.92287e-10	
1420.000000	1.55281e-06	1420.000000	1.84381e-06	1420.000000	1.87256e-06	1420.000000	1.85421e-06	1420.000000	1.84362e-06	1420.000000	1.8976e-10	
1440.000000	1.55089e-06	1440.000000	1.84146e-06	1440.000000	1.8697e-06	1440.000000	1.85137e-06	1440.000000	1.84127e-06	1440.000000	1.87302e-10	
1460.000000	1.54913e-06	1460.000000	1.83926e-06	1460.000000	1.86698e-06	1460.000000	1.84867e-06	1460.000000	1.83907e-06	1460.000000	1.84908e-10	
1480.000000	1.5475e-06	1480.000000	1.83722e-06	1480.000000	1.86439e-06	1480.000000	1.84609e-06	1480.000000	1.83703e-06	1480.000000	1.82576e-10	
1500.000000	1.54602e-06	1500.000000	1.83532e-06	1500.000000	1.86191e-06	1500.000000	1.84364e-06	1500.000000	1.83514e-06	1500.000000	1.80305e-10	
1520.000000	1.54467e-06	1520.000000	1.83357e-06	1520.000000	1.85956e-06	1520.000000	1.8413e-06	1520.000000	1.83339e-06	1520.000000	1.78091e-10	
1540.000000	1.54344e-06	1540.000000	1.83195e-06	1540.000000	1.85731e-06	1540.000000	1.83907e-06	1540.000000	1.83177e-06	1540.000000	1.75933e-10	
1560.000000	1.54234e-06	1560.000000	1.83046e-06	1560.000000	1.85517e-06	1560.000000	1.83695e-06	1560.000000	1.83029e-06	1560.000000	1.73828e-10	
1580.000000	1.54136e-06	1580.000000	1.8291e-06	1580.000000	1.85313e-06	1580.000000	1.83494e-06	1580.000000	1.82893e-06	1580.000000	1.71774e-10	
1600.000000	1.5405e-06	1600.000000	1.82786e-06	1600.000000	1.85119e-06	1600.000000	1.83302e-06	1600.000000	1.82769e-06	1600.000000	1.6977e-10	
1620.000000	1.53974e-06	1620.000000	1.82674e-06	1620.000000	1.84934e-06	1620.000000	1.83119e-06	1620.000000	1.82657e-06	1620.000000	1.67814e-10	
1640.000000	1.5391e-06	1640.000000	1.82573e-06	1640.000000	1.84758e-06	1640.000000	1.82946e-06	1640.000000	1.82556e-06	1640.000000	1.65903e-10	
1660.000000	1.53856e-06	1660.000000	1.82482e-06	1660.000000	1.84591e-06	1660.000000	1.82781e-06	1660.000000	1.82466e-06	1660.000000	1.64038e-10	
1680.000000	1.53811e-06	1680.000000	1.82403e-06	1680.000000	1.84432e-06	1680.000000	1.82624e-06	1680.000000	1.82387e-06	1680.000000	1.62214e-10	
1700.000000	1.53777e-06	1700.000000	1.82333e-06	1700.000000	1.84281e-06	1700.000000	1.82476e-06	1700.000000	1.82317e-06	1700.000000	1.60433e-10	
1750.000000	1.53732e-06	1750.000000	1.82201e-06	1750.000000	1.83936e-06	1750.000000	1.82137e-06	1750.000000	1.82186e-06	1750.000000	1.56151e-10	
1800.000000	1.53741e-06	1800.000000	1.82125e-06	1800.000000	1.83635e-06	1800.000000	1.81841e-06	1800.000000	1.8211e-06	1800.000000	1.52098e-10	
1850.000000	1.53801e-06	1850.000000	1.82101e-06	1850.000000	1.83373e-06	1850.000000	1.81584e-06	1850.000000	1.82086e-06	1850.000000	1.48257e-10	
1900.000000	1.53907e-06	1900.000000	1.82124e-06	1900.000000	1.83147e-06	1900.000000	1.81363e-06	1900.000000	1.8211e-06	1900.000000	1.44611e-10	
1950.000000	1.54058e-06	1950.000000	1.82191e-06	1950.000000	1.82954e-06	1950.000000	1.81174e-06	1950.000000	1.82177e-06	1950.000000	1.41145e-10	
2000.000000	1.54249e-06	2000.000000	1.82299e-06	2000.000000	1.82791e-06	2000.000000	1.81015e-06	2000.000000	1.82285e-06	2000.000000	1.37847e-10	
2100.000000	1.54743e-06	2100.000000	1.82624e-06	2100.000000	1.82544e-06	2100.000000	1.80774e-06	2100.000000	1.82611e-06	2100.000000	1.31706e-10	
2200.000000	1.55371e-06	2200.000000	1.83079e-06	2200.000000	1.8239e-06	2200.000000	1.80623e-06	2200.000000	1.83067e-06	2200.000000	1.26104e-10	
2300.000000	1.56117e-06	2300.000000	1.83648e-06	2300.000000	1.82312e-06	2300.000000	1.80548e-06	2300.000000	1.83636e-06	2300.000000	1.20973e-10	
2400.000000	1.56969e-06	2400.000000	1.84315e-06	2400.000000	1.82297e-06	2400.000000	1.80537e-06	2400.000000	1.84304e-06	2400.000000	1.16255e-10	
2500.000000	1.57916e-06	2500.000000	1.8507e-06	2500.000000	1.82337e-06	2500.000000	1.80579e-06	2500.000000	1.85059e-06	2500.000000	1.11903e-10	
2600.000000	1.58948e-06	2600.000000	1.85902e-06	2600.000000	1.82422e-06	2600.000000	1.80667e-06	2600.000000	1.85891e-06	2600.000000	1.07873e-10	
2700.000000	1.60057e-06	2700.000000	1.86802e-06	2700.000000	1.82546e-06	2700.000000	1.80794e-06	2700.000000	1.86791e-06	2700.000000	1.04132e-10	
2800.000000	1.61236e-06	2800.000000	1.87762e-06	2800.000000	1.82703e-06	2800.000000	1.80954e-06	2800.000000	1.87752e-06	2800.000000	1.0065e-10	
2900.000000	1.6248e-06	2900.000000	1.88778e-06	2900.000000	1.82888e-06	2900.000000	1.81143e-06	2900.000000	1.88768e-06	2900.000000	9.73993e-11	
3000.000000	1.63784e-06	3000.000000	1.89842e-06	3000.000000	1.83098e-06	3000.000000	1.81355e-06	3000.000000	1.89832e-06	3000.000000	9.43584e-11	
3200.000000	1.6655e-06	3200.000000	1.92098e-06	3200.000000	1.83577e-06	3200.000000	1.81839e-06	3200.000000	1.92089e-06	3200.000000	8.88281e-11	
3400.000000	1.69505e-06	3400.000000	1.94499e-06	3400.000000	1.84117e-06	3400.000000	1.82384e-06	3400.000000	1.9449e-06	3400.000000	8.39275e-11	
3600.000000	1.72625e-06	3600.000000	1.9702e-06	3600.000000	1.84701e-06	3600.000000	1.82973e-06	3600.000000	1.97012e-06	3600.000000	7.95539e-11	
3800.000000	1.75891e-06	3800.000000	1.99641e-06	3800.000000	1.85317e-06	3800.000000	1.83593e-06	3800.000000	1.99633e-06	3800.000000	7.56259e-11	
4000.000000	1.79288e-06	4000.000000	2.02346e-06	4000.000000	1.85955e-06	4000.000000	1.84234e-06	4000.000000	2.02339e-06	4000.000000	7.2078e-11	
4200.000000	1.82803e-06	4200.000000	2.05123e-06	4200.000000	1.86608e-06	4200.000000	1.8489e-06	4200.000000	2.05116e-06	4200.000000	6.88572e-11	
4400.000000	1.86425e-06	4400.000000	2.07961e-06	4400.000000	1.8727e-06	4400.000000	1.85555e-06	4400.000000	2.07954e-06	4400.000000	6.59198e-11	
4600.000000	1.90147e-06	4600.000000	2.10852e-06	4600.000000	1.87937e-06	4600.000000	1.86225e-06	4600.000000	2.10846e-06	4600.000000	6.32296e-11	
4800.000000	1.93961e-06	4800.000000	2.13788e-06	4800.000000	1.88605e-06	4800.000000	1.86896e-06	4800.000000	2.13782e-06	4800.000000	6.07565e-11	
5000.000000	1.9786e-06	5000.000000	2.16764e-06	5000.000000	1.89272e-06	5000.000000	1.87565e-06	5000.000000	2.16758e-06	5000.000000	5.84748e-11	
5250.000000	2.02848e-06	5250.000000	2.20531e-06	5250.000000	1.90101e-06	5250.000000	1.88397e-06	5250.000000	2.20526e-06	5250.000000	5.58595e-11	
5500.000000	2.07954e-06	5500.000000	2.24344e-06	5500.000000	1.90923e-06	5500.000000	1.89221e-06	5500.000000	2.24339e-06	5500.000000	5.34744e-11	
6000.000000	2.18492e-06	6000.000000	2.32081e-06	6000.000000	1.92534e-06	6000.000000	1.90838e-06	6000.000000	2.32076e-06	6000.000000	4.92822e-11	
6500.000000	2.2943e-06	6500.000000	2.39933e-06	6500.000000	1.94097e-06	6500.000000	1.92405e-06	6500.000000	2.39928e-06	6500.000000	4.57154e-11	
7000.000000	2.40737e-06	7000.000000	2.4787e-06	7000.000000	1.95606e-06	7000.000000	1.93917e-06	7000.000000	2.47865e-06	7000.000000	4.26427e-11	
7500.000000	2.52389e-06	7500.000000	2.5587e-06	7500.000000	1.97059e-06	7500.000000	1.95373e-06	7500.000000	2.55866e-06	7500.000000	3.99674e-11	
8000.000000	2.64368e-06	8000.000000	2.63919e-06	8000.000000	1.9846e-06	8000.000000	1.96775e-06	8000.000000	2.63915e-06	8000.000000	3.76162e-11	
8500.000000	2.76661e-06	8500.000000	2.72004e-06	8500.000000	1.99805e-06	8500.000000	1.98123e-06	8500.000000	2.72e-06  	8500.000000	3.55334e-11	
9000.000000	2.89258e-06	9000.000000	2.80116e-06	9000.000000	2.01096e-06	9000.000000	1.99421e-06	9000.000000	2.80112e-06	9000.000000	3.36749e-11	
9500.000000	3.02149e-06	9500.000000	2.88248e-06	9500.000000	2.0234e-06	9500.000000	2.0067e-06	9500.000000	2.88245e-06	9500.000000	3.20061e-11	
10000.000000	3.15328e-06	10000.000000	2.96396e-06	10000.000000	2.0354e-06	10000.000000	2.01873e-06	10000.000000	2.96393e-06	10000.000000	3.04992e-11	
11000.000000	3.4253e-06	11000.000000	3.12719e-06	11000.000000	2.05814e-06	11000.000000	2.04152e-06	11000.000000	3.12716e-06	11000.000000	2.78843e-11	
12000.000000	3.70834e-06	12000.000000	3.29061e-06	12000.000000	2.07932e-06	12000.000000	2.06277e-06	12000.000000	3.29058e-06	12000.000000	2.56926e-11	
13000.000000	4.00216e-06	13000.000000	3.45405e-06	13000.000000	2.09912e-06	13000.000000	2.08266e-06	13000.000000	3.45402e-06	13000.000000	2.38283e-11	
14000.000000	4.30663e-06	14000.000000	3.61741e-06	14000.000000	2.11769e-06	14000.000000	2.10133e-06	14000.000000	3.61738e-06	14000.000000	2.22227e-11	
15000.000000	4.62166e-06	15000.000000	3.78061e-06	15000.000000	2.13517e-06	15000.000000	2.11891e-06	15000.000000	3.78059e-06	15000.000000	2.08249e-11	
16000.000000	4.94719e-06	16000.000000	3.94362e-06	16000.000000	2.15168e-06	16000.000000	2.13552e-06	16000.000000	3.94361e-06	16000.000000	1.95967e-11	
17000.000000	5.28317e-06	17000.000000	4.10641e-06	17000.000000	2.1673e-06	17000.000000	2.15126e-06	17000.000000	4.10639e-06	17000.000000	1.85089e-11	
18000.000000	5.6296e-06	18000.000000	4.26894e-06	18000.000000	2.18213e-06	18000.000000	2.1662e-06	18000.000000	4.26892e-06	18000.000000	1.75384e-11	
19000.000000	5.98646e-06	19000.000000	4.43121e-06	19000.000000	2.19624e-06	19000.000000	2.18042e-06	19000.000000	4.43119e-06	19000.000000	1.66672e-11	
20000.000000	6.35377e-06	20000.000000	4.59321e-06	20000.000000	2.2097e-06	20000.000000	2.19399e-06	20000.000000	4.5932e-06	20000.000000	1.58805e-11	
21000.000000	6.73153e-06	21000.000000	4.75494e-06	21000.000000	2.22257e-06	21000.000000	2.20696e-06	21000.000000	4.75493e-06	21000.000000	1.51666e-11	
22000.000000	7.11977e-06	22000.000000	4.9164e-06	22000.000000	2.23489e-06	22000.000000	2.21938e-06	22000.000000	4.91639e-06	22000.000000	1.45157e-11	
23000.000000	7.51852e-06	23000.000000	5.07759e-06	23000.000000	2.24664e-06	23000.000000	2.23129e-06	23000.000000	5.07758e-06	23000.000000	1.39197e-11	
24000.000000	7.92781e-06	24000.000000	5.23851e-06	24000.000000	2.2579e-06	24000.000000	2.24273e-06	24000.000000	5.2385e-06	24000.000000	1.3372e-11	
25000.000000	8.34768e-06	25000.000000	5.39917e-06	25000.000000	2.26879e-06	25000.000000	2.25374e-06	25000.000000	5.39915e-06	25000.000000	1.28669e-11	
26000.000000	8.77816e-06	26000.000000	5.55956e-06	26000.000000	2.27927e-06	26000.000000	2.26435e-06	26000.000000	5.55955e-06	26000.000000	1.23995e-11	
27000.000000	9.21929e-06	27000.000000	5.7197e-06	27000.000000	2.28935e-06	27000.000000	2.27459e-06	27000.000000	5.71969e-06	27000.000000	1.19657e-11	
28000.000000	9.67112e-06	28000.000000	5.87959e-06	28000.000000	2.29906e-06	28000.000000	2.28448e-06	28000.000000	5.87958e-06	28000.000000	1.1562e-11	
29000.000000	1.01337e-05	29000.000000	6.03924e-06	29000.000000	2.30844e-06	29000.000000	2.29404e-06	29000.000000	6.03922e-06	29000.000000	1.11853e-11	
30000.000000	1.06071e-05	30000.000000	6.19864e-06	30000.000000	2.31752e-06	30000.000000	2.30329e-06	30000.000000	6.19863e-06	30000.000000	1.0833e-11	
32000.000000	1.15864e-05	32000.000000	6.51675e-06	32000.000000	2.33485e-06	32000.000000	2.32096e-06	32000.000000	6.51674e-06	32000.000000	1.01927e-11	
34000.000000	1.26095e-05	34000.000000	6.83396e-06	34000.000000	2.35116e-06	34000.000000	2.33761e-06	34000.000000	6.83395e-06	34000.000000	9.62557e-12	
36000.000000	1.36768e-05	36000.000000	7.15031e-06	36000.000000	2.36651e-06	36000.000000	2.35335e-06	36000.000000	7.1503e-06	36000.000000	9.11972e-12	
38000.000000	1.47887e-05	38000.000000	7.46584e-06	38000.000000	2.38099e-06	38000.000000	2.36828e-06	38000.000000	7.46583e-06	38000.000000	8.66563e-12	
40000.000000	1.59458e-05	40000.000000	7.78059e-06	40000.000000	2.39469e-06	40000.000000	2.38247e-06	40000.000000	7.78058e-06	40000.000000	8.2557e-12	
42000.000000	1.71484e-05	42000.000000	8.09459e-06	42000.000000	2.40772e-06	42000.000000	2.39599e-06	42000.000000	8.09458e-06	42000.000000	7.88371e-12	
44000.000000	1.8397e-05	44000.000000	8.40787e-06	44000.000000	2.42016e-06	44000.000000	2.4089e-06	44000.000000	8.40786e-06	44000.000000	7.54461e-12	
46000.000000	1.96922e-05	46000.000000	8.72046e-06	46000.000000	2.43206e-06	46000.000000	2.42126e-06	46000.000000	8.72045e-06	46000.000000	7.23417e-12	
48000.000000	2.10344e-05	48000.000000	9.03239e-06	48000.000000	2.44346e-06	48000.000000	2.43311e-06	48000.000000	9.03238e-06	48000.000000	6.94889e-12	
50000.000000	2.24241e-05	50000.000000	9.34368e-06	50000.000000	2.45436e-06	50000.000000	2.44449e-06	50000.000000	9.34368e-06	50000.000000	6.6858e-12	
