* 27Al energy loss (dE/dX) in B
* apply ZOOM for details
*Energy (MeV/u)1	0 - [He-base] F.Hubert et al, AD&ND Tables 46(1990)1	Energy (MeV/u)2	1 - [H -base] J.F.Ziegler et al,Pergamon Press,NY(low energy)	Energy (MeV/u)3	2 - ATIMA 1.2 LS-theory (recommended for high energy)	Energy (MeV/u)4	3 - ATIMA 1.2 without LS-correction	Energy (MeV/u)5	4 - ATIMA 1.4 H.Weick, improved mean charge formula for HI	Energy (MeV/u)6	5 - electrical component of [1] - J.F.Ziegler et al	Energy (MeV/u)7	6 - nuclear component of [1] - J.F.Ziegler et al	
0.001000	0.768879  	0.001000	0.73737   	0.001000	0.664269  	0.001000	0.664269  	0.001000	0.664373  	0.001000	0.259639  	0.001000	0.477731  	
0.002000	0.755667  	0.002000	0.720961  	0.002000	0.64805   	0.002000	0.64805   	0.002000	0.648119  	0.002000	0.33671   	0.002000	0.384251  	
0.005000	0.775193  	0.005000	0.726413  	0.005000	0.668737  	0.005000	0.668737  	0.005000	0.668772  	0.005000	0.47477   	0.005000	0.251644  	
0.008000	0.819178  	0.008000	0.759001  	0.008000	0.720308  	0.008000	0.720308  	0.008000	0.720332  	0.008000	0.566276  	0.008000	0.192725  	
0.010000	0.850368  	0.010000	0.783862  	0.010000	0.758017  	0.010000	0.758017  	0.010000	0.758037  	0.010000	0.6157    	0.010000	0.168162  	
0.015000	0.985203  	0.015000	0.8858    	0.015000	0.85251   	0.015000	0.85251   	0.015000	0.852524  	0.015000	0.756337  	0.015000	0.129463  	
0.020000	1.11999   	0.020000	1.01754   	0.020000	0.964553  	0.020000	0.964553  	0.020000	0.964564  	0.020000	0.911023  	0.020000	0.106517  	
0.025000	1.27735   	0.025000	1.15456   	0.025000	1.08447   	0.025000	1.08447   	0.025000	1.08448   	0.025000	1.06344   	0.025000	0.0911214 	
0.030000	1.42559   	0.030000	1.29272   	0.030000	1.22149   	0.030000	1.22149   	0.030000	1.2215    	0.030000	1.21346   	0.030000	0.0792583 	
0.035000	1.55989   	0.035000	1.43122   	0.035000	1.35985   	0.035000	1.35985   	0.035000	1.35986   	0.035000	1.36036   	0.035000	0.0708664 	
0.040000	1.67764   	0.040000	1.56766   	0.040000	1.49697   	0.040000	1.49697   	0.040000	1.49697   	0.040000	1.50343   	0.040000	0.0642295 	
0.045000	1.7773    	0.045000	1.70094   	0.045000	1.6316    	0.045000	1.6316    	0.045000	1.6316    	0.045000	1.64211   	0.045000	0.0588346 	
0.050000	1.85825   	0.050000	1.83027   	0.050000	1.76283   	0.050000	1.76283   	0.050000	1.76284   	0.050000	1.77591   	0.050000	0.0543533 	
0.055000	1.97972   	0.055000	1.95506   	0.055000	1.88997   	0.055000	1.88997   	0.055000	1.88997   	0.055000	1.90449   	0.055000	0.0505652 	
0.060000	2.09015   	0.060000	2.07489   	0.060000	2.0125    	0.060000	2.0125    	0.060000	2.0125    	0.060000	2.02757   	0.060000	0.0473165 	
0.070000	2.27913   	0.070000	2.29896   	0.070000	2.24235   	0.070000	2.24235   	0.070000	2.24236   	0.070000	2.25694   	0.070000	0.0420223 	
0.080000	2.48289   	0.080000	2.50782   	0.080000	2.45068   	0.080000	2.45068   	0.080000	2.45068   	0.080000	2.46994   	0.080000	0.0378802 	
0.090000	2.65693   	0.090000	2.69403   	0.090000	2.63712   	0.090000	2.63712   	0.090000	2.63712   	0.090000	2.65949   	0.090000	0.0345422 	
0.100000	2.80657   	0.100000	2.85839   	0.100000	2.80225   	0.100000	2.80225   	0.100000	2.80225   	0.100000	2.8266    	0.100000	0.031789  	
0.120000	2.9812    	0.120000	3.1273    	0.120000	3.07375   	0.120000	3.07375   	0.120000	3.07375   	0.120000	3.0998    	0.120000	0.0275019 	
0.140000	3.11085   	0.140000	3.32849   	0.140000	3.27822   	0.140000	3.27822   	0.140000	3.27823   	0.140000	3.30418   	0.140000	0.0243057 	
0.160000	3.21369   	0.160000	3.47033   	0.160000	3.4299    	0.160000	3.4299    	0.160000	3.4299    	0.160000	3.44851   	0.160000	0.0218229 	
0.180000	3.3085    	0.180000	3.57243   	0.180000	3.5416    	0.180000	3.5416    	0.180000	3.5416    	0.180000	3.55259   	0.180000	0.0198335 	
0.200000	3.40147   	0.200000	3.64647   	0.200000	3.62379   	0.200000	3.62379   	0.200000	3.6238    	0.200000	3.62827   	0.200000	0.0182007 	
0.250000	3.51825   	0.250000	3.75542   	0.250000	3.74817   	0.250000	3.74817   	0.250000	3.74818   	0.250000	3.74026   	0.250000	0.0151545 	
0.300000	3.68259   	0.300000	3.86706   	0.300000	3.81086   	0.300000	3.81086   	0.300000	3.81086   	0.300000	3.85403   	0.300000	0.0130332 	
0.350000	3.83006   	0.350000	3.95061   	0.350000	3.86705   	0.350000	3.86705   	0.350000	3.86705   	0.350000	3.93915   	0.350000	0.0114644 	
0.400000	3.94472   	0.400000	4.00407   	0.400000	3.97235   	0.400000	3.97235   	0.400000	3.97235   	0.400000	3.99382   	0.400000	0.0102534 	
0.450000	4.03177   	0.450000	4.03856   	0.450000	4.0499    	0.450000	4.0499    	0.450000	4.0499    	0.450000	4.02927   	0.450000	0.00928834	
0.500000	4.12229   	0.500000	4.08591   	0.500000	4.10695   	0.500000	4.10695   	0.500000	4.10695   	0.500000	4.07741   	0.500000	0.00849973	
0.600000	4.10123   	0.600000	4.14595   	0.600000	4.17649   	0.600000	4.17649   	0.600000	4.17649   	0.600000	4.13866   	0.600000	0.00728531	
0.700000	4.01082   	0.700000	4.1671    	0.700000	4.19167   	0.700000	4.19167   	0.700000	4.19167   	0.700000	4.16071   	0.700000	0.00639109	
0.800000	4.02803   	0.800000	4.15549   	0.800000	4.14598   	0.800000	4.14598   	0.800000	4.14599   	0.800000	4.14979   	0.800000	0.00570327	
0.900000	4.00505   	0.900000	4.11259   	0.900000	4.09194   	0.900000	4.09194   	0.900000	4.09195   	0.900000	4.10743   	0.900000	0.00515666	
1.000000	3.96717   	1.000000	4.06129   	1.000000	4.03238   	1.000000	4.03238   	1.000000	4.03239   	1.000000	4.05658   	1.000000	0.0047111 	
1.250000	3.79481   	1.250000	3.87978   	1.250000	3.8529    	1.250000	3.8529    	1.250000	3.85291   	1.250000	3.87589   	1.250000	0.00388767	
1.500000	3.58737   	1.500000	3.67286   	1.500000	3.65922   	1.500000	3.65922   	1.500000	3.65922   	1.500000	3.66954   	1.500000	0.00332061	
1.750000	3.39529   	1.750000	3.48516   	1.750000	3.48684   	1.750000	3.48684   	1.750000	3.48684   	1.750000	3.48226   	1.750000	0.00290485	
2.000000	3.22229   	2.000000	3.31796   	2.000000	3.33123   	2.000000	3.33123   	2.000000	3.33123   	2.000000	3.31537   	2.000000	0.00258617	
2.250000	3.07565   	2.250000	3.17247   	2.250000	3.18958   	2.250000	3.18958   	2.250000	3.18959   	2.250000	3.17013   	2.250000	0.00233365	
2.500000	3.21646   	2.500000	3.04419   	2.500000	3.05991   	2.500000	3.05991   	2.500000	3.05991   	2.500000	3.04207   	2.500000	0.00212833	
3.000000	2.9471    	3.000000	2.82223   	3.000000	2.83062   	3.000000	2.83062   	3.000000	2.83063   	3.000000	2.82041   	3.000000	0.00181405	
3.500000	2.71892   	3.500000	2.63186   	3.500000	2.63408   	3.500000	2.63408   	3.500000	2.63409   	3.500000	2.63027   	3.500000	0.00158421	
4.000000	2.52416   	4.000000	2.46624   	4.000000	2.46368   	4.000000	2.46368   	4.000000	2.46368   	4.000000	2.46483   	4.000000	0.00140839	
4.500000	2.35637   	4.500000	2.32065   	4.500000	2.31449   	4.500000	2.31449   	4.500000	2.3145    	4.500000	2.31939   	4.500000	0.00126932	
5.000000	2.21048   	5.000000	2.19159   	5.000000	2.18276   	5.000000	2.18276   	5.000000	2.18276   	5.000000	2.19043   	5.000000	0.00115641	
5.500000	2.08252   	5.500000	2.0763    	5.500000	2.06557   	5.500000	2.06557   	5.500000	2.06557   	5.500000	2.07524   	5.500000	0.00106282	
6.000000	1.96939   	6.000000	1.97265   	6.000000	1.96062   	6.000000	1.96062   	6.000000	1.96062   	6.000000	1.97167   	6.000000	0.000983898	
6.500000	1.86865   	6.500000	1.87899   	6.500000	1.86606   	6.500000	1.86606   	6.500000	1.86606   	6.500000	1.87807   	6.500000	0.000916407	
7.000000	1.77837   	7.000000	1.79396   	7.000000	1.78041   	7.000000	1.78041   	7.000000	1.78041   	7.000000	1.7931    	7.000000	0.000857994	
7.500000	1.69698   	7.500000	1.71642   	7.500000	1.70246   	7.500000	1.70246   	7.500000	1.70246   	7.500000	1.71561   	7.500000	0.000806916	
8.000000	1.62322   	8.000000	1.64543   	8.000000	1.6312    	8.000000	1.6312    	8.000000	1.6312    	8.000000	1.64467   	8.000000	0.000761852	
8.500000	1.55605   	8.500000	1.58019   	8.500000	1.5658    	8.500000	1.5658    	8.500000	1.5658    	8.500000	1.57947   	8.500000	0.000721783	
9.000000	1.49462   	9.000000	1.52004   	9.000000	1.50556   	9.000000	1.50556   	9.000000	1.50556   	9.000000	1.51935   	9.000000	0.00068591	
9.500000	1.43822   	9.500000	1.4644    	9.500000	1.44988   	9.500000	1.44988   	9.500000	1.44988   	9.500000	1.46374   	9.500000	0.000653597	
10.000000	1.38624   	10.000000	1.39437   	10.000000	1.39827   	10.000000	1.39827   	10.000000	1.39827   	10.000000	1.39375   	10.000000	0.00062433	
11.000000	1.2936    	11.000000	1.30784   	11.000000	1.30324   	11.000000	1.30692   	11.000000	1.30603   	11.000000	1.30727   	11.000000	0.000573339	
12.000000	1.21345   	12.000000	1.23168   	12.000000	1.22094   	12.000000	1.22724   	12.000000	1.22562   	12.000000	1.23115   	12.000000	0.000530385	
13.000000	1.14341   	13.000000	1.16418   	13.000000	1.14899   	13.000000	1.15717   	13.000000	1.15492   	13.000000	1.16369   	13.000000	0.000493684	
14.000000	1.08164   	14.000000	1.10397   	14.000000	1.08562   	14.000000	1.09512   	14.000000	1.0923    	14.000000	1.10351   	14.000000	0.000461943	
15.000000	1.02675   	15.000000	1.04993   	15.000000	1.0294    	15.000000	1.03981   	15.000000	1.03648   	15.000000	1.0495    	15.000000	0.000434207	
16.000000	0.977629  	16.000000	1.00118   	16.000000	0.979215  	16.000000	0.990235  	16.000000	0.986445  	16.000000	1.00077   	16.000000	0.000409753	
17.000000	0.933399  	17.000000	0.956982  	17.000000	0.934148  	17.000000	0.945573  	17.000000	0.941376  	17.000000	0.956594  	17.000000	0.000388023	
18.000000	0.893356  	18.000000	0.91673   	18.000000	0.893486  	18.000000	0.905156  	18.000000	0.900574  	18.000000	0.916361  	18.000000	0.000368579	
19.000000	0.856923  	19.000000	0.879922  	19.000000	0.856645  	19.000000	0.86843   	19.000000	0.86352   	19.000000	0.879571  	19.000000	0.000351074	
20.000000	0.823625  	20.000000	0.846136  	20.000000	0.823139  	20.000000	0.834933  	20.000000	0.829755  	20.000000	0.845801  	20.000000	0.000335227	
21.000000	0.793069  	21.000000	0.815016  	21.000000	0.792556  	21.000000	0.80428   	21.000000	0.798844  	21.000000	0.814695  	21.000000	0.00032081	
22.000000	0.764925  	22.000000	0.786259  	22.000000	0.76455   	22.000000	0.776142  	22.000000	0.770513  	22.000000	0.785952  	22.000000	0.000307635	
23.000000	0.738912  	23.000000	0.759607  	23.000000	0.73882   	23.000000	0.75024   	23.000000	0.744444  	23.000000	0.759312  	23.000000	0.000295545	
24.000000	0.714795  	24.000000	0.734837  	24.000000	0.715112  	24.000000	0.726335  	24.000000	0.720415  	24.000000	0.734553  	24.000000	0.000284411	
25.000000	0.692371  	25.000000	0.711757  	25.000000	0.693217  	25.000000	0.70422   	25.000000	0.698207  	25.000000	0.711483  	25.000000	0.000274121	
27.000000	0.651921  	27.000000	0.67002   	27.000000	0.654197  	27.000000	0.664668  	27.000000	0.65856   	27.000000	0.669764  	27.000000	0.000255712	
29.000000	0.616425  	29.000000	0.633294  	29.000000	0.620487  	29.000000	0.630409  	29.000000	0.624308  	29.000000	0.633055  	29.000000	0.000239717	
31.000000	0.585011  	31.000000	0.600729  	31.000000	0.590158  	31.000000	0.599073  	31.000000	0.593349  	31.000000	0.600503  	31.000000	0.000225683	
33.000000	0.557004  	33.000000	0.571654  	33.000000	0.562286  	33.000000	0.569867  	33.000000	0.564784  	33.000000	0.571441  	33.000000	0.000213266	
35.000000	0.531868  	35.000000	0.545536  	35.000000	0.537157  	35.000000	0.543671  	35.000000	0.539162  	35.000000	0.545333  	35.000000	0.000202198	
38.000000	0.49864   	38.000000	0.510984  	38.000000	0.503813  	38.000000	0.509067  	38.000000	0.505313  	38.000000	0.510796  	38.000000	0.000187675	
41.000000	0.469813  	41.000000	0.481001  	41.000000	0.474887  	41.000000	0.479081  	41.000000	0.475967  	41.000000	0.480826  	41.000000	0.000175176	
44.000000	0.444555  	44.000000	0.454734  	44.000000	0.449423  	44.000000	0.452837  	44.000000	0.45027   	44.000000	0.45457   	44.000000	0.0001643 	
47.000000	0.422231  	47.000000	0.43153   	47.000000	0.426946  	47.000000	0.42967   	47.000000	0.427573  	47.000000	0.431375  	47.000000	0.000154747	
50.000000	0.40235   	50.000000	0.41088   	50.000000	0.406895  	50.000000	0.409065  	50.000000	0.407372  	50.000000	0.410734  	50.000000	0.000146285	
55.000000	0.373629  	55.000000	0.381086  	55.000000	0.377862  	55.000000	0.379347  	55.000000	0.378205  	55.000000	0.380952  	55.000000	0.00013414	
60.000000	0.349303  	60.000000	0.3559    	60.000000	0.353301  	60.000000	0.354231  	60.000000	0.353524  	60.000000	0.355776  	60.000000	0.000123926	
65.000000	0.32842   	65.000000	0.334325  	65.000000	0.332185  	65.000000	0.332716  	65.000000	0.332353  	65.000000	0.33421   	65.000000	0.000115213	
70.000000	0.310285  	70.000000	0.31563   	70.000000	0.313881  	70.000000	0.314071  	70.000000	0.313984  	70.000000	0.315523  	70.000000	0.000107688	
75.000000	0.29438   	75.000000	0.299273  	75.000000	0.297809  	75.000000	0.297753  	75.000000	0.297889  	75.000000	0.299172  	75.000000	0.000101121	
80.000000	0.280309  	80.000000	0.284836  	80.000000	0.283604  	80.000000	0.283348  	80.000000	0.283667  	80.000000	0.284741  	80.000000	9.53377e-05	
85.000000	0.267766  	85.000000	0.271999  	85.000000	0.270961  	85.000000	0.270534  	85.000000	0.271001  	85.000000	0.271909  	85.000000	9.02042e-05	
90.000000	0.256511  	90.000000	0.260508  	90.000000	0.259602  	90.000000	0.25906   	90.000000	0.259648  	90.000000	0.260422  	90.000000	8.56155e-05	
95.000000	0.246351  	95.000000	0.25016   	95.000000	0.249397  	95.000000	0.248724  	95.000000	0.249415  	95.000000	0.250078  	95.000000	8.14881e-05	
100.000000	0.23713   	100.000000	0.240791  	100.000000	0.240122  	100.000000	0.239363  	100.000000	0.240139  	100.000000	0.240713  	100.000000	7.7755e-05	
105.000000	0.228721  	105.000000	0.232267  	105.000000	0.231677  	105.000000	0.230844  	105.000000	0.23169   	105.000000	0.232193  	105.000000	7.43616e-05	
110.000000	0.221019  	110.000000	0.224479  	110.000000	0.223961  	110.000000	0.223058  	110.000000	0.223965  	110.000000	0.224408  	110.000000	7.12629e-05	
115.000000	0.213936  	115.000000	0.217334  	115.000000	0.216855  	115.000000	0.215913  	115.000000	0.216869  	115.000000	0.217266  	115.000000	6.84218e-05	
120.000000	0.207399  	120.000000	0.210756  	120.000000	0.210317  	120.000000	0.209333  	120.000000	0.210333  	120.000000	0.21069   	120.000000	6.58069e-05	
125.000000	0.201346  	125.000000	0.204678  	125.000000	0.204281  	125.000000	0.203253  	125.000000	0.204288  	125.000000	0.204615  	125.000000	6.33919e-05	
130.000000	0.195724  	130.000000	0.199046  	130.000000	0.198668  	130.000000	0.197617  	130.000000	0.198684  	130.000000	0.198985  	130.000000	6.11545e-05	
135.000000	0.190486  	135.000000	0.193812  	135.000000	0.193468  	135.000000	0.192379  	135.000000	0.193471  	135.000000	0.193753  	135.000000	5.90755e-05	
140.000000	0.185595  	140.000000	0.188935  	140.000000	0.188615  	140.000000	0.187497  	140.000000	0.188613  	140.000000	0.188878  	140.000000	5.71386e-05	
145.000000	0.181015  	145.000000	0.184379  	145.000000	0.184068  	145.000000	0.182937  	145.000000	0.18407   	145.000000	0.184324  	145.000000	5.53293e-05	
150.000000	0.176717  	150.000000	0.180114  	150.000000	0.179813  	150.000000	0.178667  	150.000000	0.179817  	150.000000	0.180061  	150.000000	5.36354e-05	
155.000000	0.17066   	155.000000	0.176113  	155.000000	0.17582   	155.000000	0.174661  	155.000000	0.175824  	155.000000	0.176061  	155.000000	5.2046e-05	
160.000000	0.167113  	160.000000	0.172351  	160.000000	0.172065  	160.000000	0.170895  	160.000000	0.172069  	160.000000	0.1723    	160.000000	5.05516e-05	
165.000000	0.163767  	165.000000	0.168808  	165.000000	0.168528  	165.000000	0.167347  	165.000000	0.168532  	165.000000	0.168758  	165.000000	4.91438e-05	
170.000000	0.160605  	170.000000	0.165464  	170.000000	0.16519   	170.000000	0.164     	170.000000	0.165192  	170.000000	0.165417  	170.000000	4.78153e-05	
175.000000	0.157613  	175.000000	0.162305  	175.000000	0.162035  	175.000000	0.160836  	175.000000	0.162035  	175.000000	0.162258  	175.000000	4.65593e-05	
180.000000	0.154777  	180.000000	0.159314  	180.000000	0.159048  	180.000000	0.157842  	180.000000	0.159047  	180.000000	0.159269  	180.000000	4.53702e-05	
185.000000	0.152086  	185.000000	0.156479  	185.000000	0.156218  	185.000000	0.155004  	185.000000	0.156212  	185.000000	0.156435  	185.000000	4.42425e-05	
190.000000	0.149527  	190.000000	0.153788  	190.000000	0.153532  	190.000000	0.15231   	190.000000	0.153522  	190.000000	0.153745  	190.000000	4.31716e-05	
195.000000	0.147092  	195.000000	0.151229  	195.000000	0.150971  	195.000000	0.149749  	195.000000	0.150965  	195.000000	0.151187  	195.000000	4.21533e-05	
200.000000	0.144771  	200.000000	0.148795  	200.000000	0.148528  	200.000000	0.147312  	200.000000	0.148529  	200.000000	0.148753  	200.000000	4.11837e-05	
210.000000	0.140443  	210.000000	0.144261  	210.000000	0.143999  	210.000000	0.142776  	210.000000	0.143996  	210.000000	0.144222  	210.000000	3.93772e-05	
220.000000	0.136487  	220.000000	0.140127  	220.000000	0.139856  	220.000000	0.13864   	220.000000	0.13986   	220.000000	0.140089  	220.000000	3.7728e-05	
230.000000	0.132856  	230.000000	0.136342  	230.000000	0.136075  	230.000000	0.134854  	230.000000	0.136074  	230.000000	0.136305  	230.000000	3.62163e-05	
240.000000	0.129511  	240.000000	0.132863  	240.000000	0.132592  	240.000000	0.131376  	240.000000	0.132594  	240.000000	0.132828  	240.000000	3.48253e-05	
250.000000	0.126421  	250.000000	0.129655  	250.000000	0.129386  	250.000000	0.128171  	250.000000	0.129386  	250.000000	0.129622  	250.000000	3.35409e-05	
260.000000	0.123556  	260.000000	0.126688  	260.000000	0.126424  	260.000000	0.125207  	260.000000	0.126418  	260.000000	0.126656  	260.000000	3.23512e-05	
270.000000	0.120893  	270.000000	0.123936  	270.000000	0.123665  	270.000000	0.122459  	270.000000	0.123667  	270.000000	0.123905  	270.000000	3.12461e-05	
280.000000	0.118412  	280.000000	0.121376  	280.000000	0.121103  	280.000000	0.119905  	280.000000	0.121107  	280.000000	0.121346  	280.000000	3.02166e-05	
290.000000	0.116094  	290.000000	0.11899   	290.000000	0.118725  	290.000000	0.117524  	290.000000	0.118723  	290.000000	0.118961  	290.000000	2.92551e-05	
300.000000	0.113924  	300.000000	0.11676   	300.000000	0.1165    	300.000000	0.115301  	300.000000	0.116495  	300.000000	0.116732  	300.000000	2.83552e-05	
310.000000	0.111889  	310.000000	0.114672  	310.000000	0.11441   	310.000000	0.11322   	310.000000	0.114409  	310.000000	0.114644  	310.000000	2.75109e-05	
320.000000	0.109975  	320.000000	0.112713  	320.000000	0.112452  	320.000000	0.111269  	320.000000	0.112453  	320.000000	0.112686  	320.000000	2.67172e-05	
330.000000	0.108174  	330.000000	0.110871  	330.000000	0.110613  	330.000000	0.109436  	330.000000	0.110614  	330.000000	0.110845  	330.000000	2.59696e-05	
340.000000	0.106474  	340.000000	0.109137  	340.000000	0.10888   	340.000000	0.10771   	340.000000	0.108884  	340.000000	0.109112  	340.000000	2.52642e-05	
350.000000	0.104869  	350.000000	0.107502  	350.000000	0.107247  	350.000000	0.106084  	350.000000	0.107252  	350.000000	0.107477  	350.000000	2.45975e-05	
360.000000	0.10335   	360.000000	0.105957  	360.000000	0.105709  	360.000000	0.104548  	360.000000	0.105712  	360.000000	0.105933  	360.000000	2.39663e-05	
370.000000	0.101911  	370.000000	0.104495  	370.000000	0.104259  	370.000000	0.103096  	370.000000	0.104256  	370.000000	0.104472  	370.000000	2.33678e-05	
380.000000	0.100545  	380.000000	0.103111  	380.000000	0.102882  	380.000000	0.101722  	380.000000	0.102876  	380.000000	0.103088  	380.000000	2.27996e-05	
390.000000	0.0992484 	390.000000	0.101798  	390.000000	0.101572  	390.000000	0.100419  	390.000000	0.101568  	390.000000	0.101776  	390.000000	2.22593e-05	
400.000000	0.0980151 	400.000000	0.100551  	400.000000	0.100329  	400.000000	0.0991818 	400.000000	0.100327  	400.000000	0.10053   	400.000000	2.17449e-05	
410.000000	0.0968409 	410.000000	0.099366  	410.000000	0.0991493 	410.000000	0.0980065 	410.000000	0.0991462 	410.000000	0.0993447 	410.000000	2.12547e-05	
420.000000	0.0957218 	420.000000	0.0982378 	420.000000	0.0980264 	420.000000	0.0968883 	420.000000	0.0980233 	420.000000	0.098217  	420.000000	2.07868e-05	
430.000000	0.0946542 	430.000000	0.097163  	430.000000	0.0969567 	430.000000	0.0958234 	430.000000	0.0969543 	430.000000	0.0971426 	430.000000	2.03398e-05	
440.000000	0.0936347 	440.000000	0.0961379 	440.000000	0.0959301 	440.000000	0.0948015 	440.000000	0.0959279 	440.000000	0.096118  	440.000000	1.99123e-05	
450.000000	0.0926603 	450.000000	0.0951594 	450.000000	0.0949464 	450.000000	0.0938221 	450.000000	0.094944  	450.000000	0.0951399 	450.000000	1.9503e-05	
460.000000	0.0917281 	460.000000	0.0942245 	460.000000	0.0940068 	460.000000	0.0928868 	460.000000	0.0940046 	460.000000	0.0942054 	460.000000	1.91108e-05	
470.000000	0.0908357 	470.000000	0.0933305 	470.000000	0.0931086 	470.000000	0.0919927 	470.000000	0.0931068 	470.000000	0.0933118 	470.000000	1.87347e-05	
480.000000	0.0899806 	480.000000	0.092475  	480.000000	0.0922493 	480.000000	0.0911374 	480.000000	0.0922472 	480.000000	0.0924566 	480.000000	1.83735e-05	
490.000000	0.0891608 	490.000000	0.0916555 	490.000000	0.0914265 	490.000000	0.0903185 	490.000000	0.0914242 	490.000000	0.0916375 	490.000000	1.80266e-05	
500.000000	0.0883741 	500.000000	0.0908702 	500.000000	0.0906381 	500.000000	0.0895339 	500.000000	0.0906359 	500.000000	0.0908525 	500.000000	1.76929e-05	
520.000000	0.086893  	520.000000	0.0893939 	520.000000	0.0891567 	520.000000	0.0880597 	520.000000	0.0891544 	520.000000	0.0893768 	520.000000	1.70626e-05	
540.000000	0.0855241 	540.000000	0.0880322 	540.000000	0.087791  	540.000000	0.0867007 	540.000000	0.0877882 	540.000000	0.0880157 	540.000000	1.64772e-05	
560.000000	0.084256  	560.000000	0.0867731 	560.000000	0.0865285 	560.000000	0.0854447 	560.000000	0.0865256 	560.000000	0.0867572 	560.000000	1.59319e-05	
580.000000	0.0830788 	580.000000	0.0856064 	580.000000	0.0853587 	580.000000	0.0842811 	580.000000	0.0853554 	580.000000	0.085591  	580.000000	1.54228e-05	
600.000000	0.0819838 	600.000000	0.084523  	600.000000	0.0842737 	600.000000	0.0832009 	600.000000	0.0842695 	600.000000	0.0845081 	600.000000	1.49463e-05	
620.000000	0.0809636 	620.000000	0.0835152 	620.000000	0.0832628 	620.000000	0.082196  	620.000000	0.0832584 	620.000000	0.0835007 	620.000000	1.44994e-05	
640.000000	0.0800115 	640.000000	0.0825758 	640.000000	0.0823162 	640.000000	0.0812594 	640.000000	0.0823163 	640.000000	0.0825618 	640.000000	1.40793e-05	
660.000000	0.0791215 	660.000000	0.0816991 	660.000000	0.0814327 	660.000000	0.0803849 	660.000000	0.0814366 	660.000000	0.0816854 	660.000000	1.36836e-05	
680.000000	0.0782886 	680.000000	0.0808794 	680.000000	0.0806101 	680.000000	0.0795671 	680.000000	0.0806136 	680.000000	0.0808661 	680.000000	1.33104e-05	
700.000000	0.077508  	700.000000	0.0801121 	700.000000	0.0798407 	700.000000	0.0788012 	700.000000	0.079843  	700.000000	0.0800992 	700.000000	1.29577e-05	
720.000000	0.0767757 	720.000000	0.0793929 	720.000000	0.0791182 	720.000000	0.0780827 	720.000000	0.0791198 	720.000000	0.0793803 	720.000000	1.26238e-05	
740.000000	0.076088  	740.000000	0.0787181 	740.000000	0.0784393 	740.000000	0.0774079 	740.000000	0.0784405 	740.000000	0.0787058 	740.000000	1.23072e-05	
760.000000	0.0754414 	760.000000	0.0780841 	760.000000	0.077801  	760.000000	0.0767733 	760.000000	0.0778018 	760.000000	0.0780721 	760.000000	1.20067e-05	
780.000000	0.0748331 	780.000000	0.077488  	780.000000	0.0771999 	780.000000	0.0761758 	780.000000	0.0772001 	780.000000	0.0774762 	780.000000	1.1721e-05	
800.000000	0.0742602 	800.000000	0.0769269 	800.000000	0.0766333 	800.000000	0.0756125 	800.000000	0.0766328 	800.000000	0.0769154 	800.000000	1.1449e-05	
820.000000	0.0737205 	820.000000	0.0763983 	820.000000	0.0760985 	820.000000	0.075081  	820.000000	0.0760977 	820.000000	0.0763871 	820.000000	1.11898e-05	
840.000000	0.0732115 	840.000000	0.0759001 	840.000000	0.0755934 	840.000000	0.0745789 	840.000000	0.0755921 	840.000000	0.0758891 	840.000000	1.09425e-05	
860.000000	0.0727314 	860.000000	0.07543   	860.000000	0.0751159 	860.000000	0.0741041 	860.000000	0.0751137 	860.000000	0.0754193 	860.000000	1.07062e-05	
880.000000	0.0722782 	880.000000	0.0749863 	880.000000	0.0746638 	880.000000	0.0736549 	880.000000	0.0746612 	880.000000	0.0749759 	880.000000	1.04803e-05	
900.000000	0.0718502 	900.000000	0.0745673 	900.000000	0.0742351 	900.000000	0.0732293 	900.000000	0.0742327 	900.000000	0.074557  	900.000000	1.0264e-05	
920.000000	0.0714459 	920.000000	0.0741713 	920.000000	0.0738282 	920.000000	0.072826  	920.000000	0.0738261 	920.000000	0.0741612 	920.000000	1.00568e-05	
940.000000	0.0710639 	940.000000	0.0737969 	940.000000	0.0734418 	940.000000	0.0724433 	940.000000	0.0734404 	940.000000	0.073787  	940.000000	9.85801e-06	
960.000000	0.0707029 	960.000000	0.0734428 	960.000000	0.0730747 	960.000000	0.07208   	960.000000	0.0730743 	960.000000	0.0734331 	960.000000	9.66722e-06	
980.000000	0.0703616 	980.000000	0.0731077 	980.000000	0.0727259 	980.000000	0.0717349 	980.000000	0.0727266 	980.000000	0.0730983 	980.000000	9.48394e-06	
1000.000000	0.070039  	1000.000000	0.0727907 	1000.000000	0.0723944 	1000.000000	0.0714068 	1000.000000	0.0723957 	1000.000000	0.0727814 	1000.000000	9.3077e-06	
1020.000000	0.0697339 	1020.000000	0.0724905 	1020.000000	0.0720793 	1020.000000	0.0710947 	1020.000000	0.072081  	1020.000000	0.0724814 	1020.000000	9.13811e-06	
1040.000000	0.0694455 	1040.000000	0.0722064 	1040.000000	0.0717798 	1040.000000	0.0707976 	1040.000000	0.0717816 	1040.000000	0.0721974 	1040.000000	8.97481e-06	
1060.000000	0.0691729 	1060.000000	0.0719373 	1060.000000	0.0714948 	1060.000000	0.0705148 	1060.000000	0.0714966 	1060.000000	0.0719285 	1060.000000	8.81743e-06	
1080.000000	0.0689153 	1080.000000	0.0716824 	1080.000000	0.0712235 	1080.000000	0.0702452 	1080.000000	0.0712246 	1080.000000	0.0716738 	1080.000000	8.66566e-06	
1100.000000	0.0686718 	1100.000000	0.0714411 	1100.000000	0.0709649 	1100.000000	0.0699883 	1100.000000	0.0709654 	1100.000000	0.0714326 	1100.000000	8.5192e-06	
1120.000000	0.0684418 	1120.000000	0.0712126 	1120.000000	0.0707181 	1120.000000	0.0697432 	1120.000000	0.0707182 	1120.000000	0.0712042 	1120.000000	8.37778e-06	
1140.000000	0.0682245 	1140.000000	0.0709962 	1140.000000	0.0704825 	1140.000000	0.0695094 	1140.000000	0.0704824 	1140.000000	0.0709879 	1140.000000	8.24113e-06	
1160.000000	0.0680195 	1160.000000	0.0707913 	1160.000000	0.0702576 	1160.000000	0.0692862 	1160.000000	0.0702572 	1160.000000	0.0707832 	1160.000000	8.10902e-06	
1180.000000	0.0678261 	1180.000000	0.0705974 	1180.000000	0.0700428 	1180.000000	0.069073  	1180.000000	0.070042  	1180.000000	0.0705894 	1180.000000	7.98122e-06	
1200.000000	0.0676437 	1200.000000	0.0704138 	1200.000000	0.0698377 	1200.000000	0.0688694 	1200.000000	0.0698365 	1200.000000	0.070406  	1200.000000	7.85752e-06	
1220.000000	0.0674719 	1220.000000	0.0702402 	1220.000000	0.0696419 	1220.000000	0.0686748 	1220.000000	0.0696402 	1220.000000	0.0702325 	1220.000000	7.73772e-06	
1240.000000	0.0673102 	1240.000000	0.070076  	1240.000000	0.0694547 	1240.000000	0.0684887 	1240.000000	0.0694525 	1240.000000	0.0700684 	1240.000000	7.62165e-06	
1260.000000	0.0671581 	1260.000000	0.0699208 	1260.000000	0.0692756 	1260.000000	0.0683108 	1260.000000	0.0692728 	1260.000000	0.0699133 	1260.000000	7.50912e-06	
1280.000000	0.0670152 	1280.000000	0.0697741 	1280.000000	0.0691041 	1280.000000	0.0681406 	1280.000000	0.0691009 	1280.000000	0.0697667 	1280.000000	7.39997e-06	
1300.000000	0.0668812 	1300.000000	0.0696357 	1300.000000	0.0689397 	1300.000000	0.0679778 	1300.000000	0.0689364 	1300.000000	0.0696284 	1300.000000	7.29406e-06	
1320.000000	0.0667556 	1320.000000	0.0695051 	1320.000000	0.0687819 	1320.000000	0.0678219 	1320.000000	0.0687791 	1320.000000	0.0694979 	1320.000000	7.19124e-06	
1340.000000	0.066638  	1340.000000	0.0693819 	1340.000000	0.0686305 	1340.000000	0.0676727 	1340.000000	0.0686285 	1340.000000	0.0693748 	1340.000000	7.09138e-06	
1360.000000	0.0665282 	1360.000000	0.0692659 	1360.000000	0.0684853 	1360.000000	0.0675299 	1360.000000	0.0684842 	1360.000000	0.0692589 	1360.000000	6.99434e-06	
1380.000000	0.0664259 	1380.000000	0.0691568 	1380.000000	0.0683461 	1380.000000	0.067393  	1380.000000	0.0683458 	1380.000000	0.0691499 	1380.000000	6.90002e-06	
1400.000000	0.0663307 	1400.000000	0.0690542 	1400.000000	0.0682127 	1400.000000	0.067262  	1400.000000	0.0682133 	1400.000000	0.0690474 	1400.000000	6.80828e-06	
1420.000000	0.0662424 	1420.000000	0.0689579 	1420.000000	0.068085  	1420.000000	0.0671364 	1420.000000	0.0680864 	1420.000000	0.0689511 	1420.000000	6.71904e-06	
1440.000000	0.0661607 	1440.000000	0.0688676 	1440.000000	0.0679629 	1440.000000	0.0670161 	1440.000000	0.0679649 	1440.000000	0.068861  	1440.000000	6.63218e-06	
1460.000000	0.0660854 	1460.000000	0.0687831 	1460.000000	0.067846  	1460.000000	0.0669007 	1460.000000	0.0678484 	1460.000000	0.0687765 	1460.000000	6.54762e-06	
1480.000000	0.0660161 	1480.000000	0.0687041 	1480.000000	0.0677342 	1480.000000	0.0667902 	1480.000000	0.0677366 	1480.000000	0.0686977 	1480.000000	6.46525e-06	
1500.000000	0.0659528 	1500.000000	0.0686305 	1500.000000	0.0676272 	1500.000000	0.0666843 	1500.000000	0.0676294 	1500.000000	0.0686241 	1500.000000	6.385e-06 	
1520.000000	0.0658951 	1520.000000	0.068562  	1520.000000	0.0675247 	1520.000000	0.0665827 	1520.000000	0.0675266 	1520.000000	0.0685557 	1520.000000	6.30679e-06	
1540.000000	0.0658429 	1540.000000	0.0684985 	1540.000000	0.0674266 	1540.000000	0.0664853 	1540.000000	0.0674281 	1540.000000	0.0684923 	1540.000000	6.23053e-06	
1560.000000	0.065796  	1560.000000	0.0684397 	1560.000000	0.0673325 	1560.000000	0.066392  	1560.000000	0.0673337 	1560.000000	0.0684335 	1560.000000	6.15616e-06	
1580.000000	0.0657542 	1580.000000	0.0683854 	1580.000000	0.0672423 	1580.000000	0.0663024 	1580.000000	0.0672432 	1580.000000	0.0683793 	1580.000000	6.0836e-06	
1600.000000	0.0657173 	1600.000000	0.0683355 	1600.000000	0.0671558 	1600.000000	0.0662166 	1600.000000	0.0671563 	1600.000000	0.0683295 	1600.000000	6.01278e-06	
1620.000000	0.0656851 	1620.000000	0.0682899 	1620.000000	0.0670729 	1620.000000	0.0661343 	1620.000000	0.0670729 	1620.000000	0.068284  	1620.000000	5.94365e-06	
1640.000000	0.0656575 	1640.000000	0.0682484 	1640.000000	0.0669933 	1640.000000	0.0660554 	1640.000000	0.0669929 	1640.000000	0.0682425 	1640.000000	5.87615e-06	
1660.000000	0.0656344 	1660.000000	0.0682107 	1660.000000	0.0669169 	1660.000000	0.0659797 	1660.000000	0.0669163 	1660.000000	0.0682049 	1660.000000	5.81021e-06	
1680.000000	0.0656156 	1680.000000	0.0681769 	1680.000000	0.0668437 	1680.000000	0.0659072 	1680.000000	0.0668428 	1680.000000	0.0681712 	1680.000000	5.74578e-06	
1700.000000	0.0656009 	1700.000000	0.0681468 	1700.000000	0.0667734 	1700.000000	0.0658376 	1700.000000	0.0667724 	1700.000000	0.0681411 	1700.000000	5.68282e-06	
1750.000000	0.0655816 	1750.000000	0.0680866 	1750.000000	0.06661   	1750.000000	0.0656761 	1750.000000	0.0666087 	1750.000000	0.068081  	1750.000000	5.53148e-06	
1800.000000	0.0655855 	1800.000000	0.0680467 	1800.000000	0.0664629 	1800.000000	0.0655309 	1800.000000	0.0664613 	1800.000000	0.0680413 	1800.000000	5.38824e-06	
1850.000000	0.065611  	1850.000000	0.0680254 	1850.000000	0.0663305 	1850.000000	0.0654005 	1850.000000	0.0663291 	1850.000000	0.0680202 	1850.000000	5.25246e-06	
1900.000000	0.0656566 	1900.000000	0.0680214 	1900.000000	0.0662116 	1900.000000	0.0652836 	1900.000000	0.0662102 	1900.000000	0.0680163 	1900.000000	5.12358e-06	
1950.000000	0.0657207 	1950.000000	0.0680332 	1950.000000	0.0661049 	1950.000000	0.0651789 	1950.000000	0.0661037 	1950.000000	0.0680282 	1950.000000	5.00107e-06	
2000.000000	0.0658022 	2000.000000	0.0680597 	2000.000000	0.0660095 	2000.000000	0.0650854 	2000.000000	0.0660086 	2000.000000	0.0680548 	2000.000000	4.88447e-06	
2100.000000	0.0660129 	2100.000000	0.0681527 	2100.000000	0.0658485 	2100.000000	0.0649282 	2100.000000	0.0658483 	2100.000000	0.068148  	2100.000000	4.66734e-06	
2200.000000	0.0662808 	2200.000000	0.0682928 	2200.000000	0.0657222 	2200.000000	0.0648053 	2200.000000	0.0657228 	2200.000000	0.0682883 	2200.000000	4.46925e-06	
2300.000000	0.0665992 	2300.000000	0.0684739 	2300.000000	0.0656255 	2300.000000	0.0647115 	2300.000000	0.0656264 	2300.000000	0.0684696 	2300.000000	4.2878e-06	
2400.000000	0.0669627 	2400.000000	0.0686908 	2400.000000	0.0655542 	2400.000000	0.0646423 	2400.000000	0.065555  	2400.000000	0.0686867 	2400.000000	4.12094e-06	
2500.000000	0.0673665 	2500.000000	0.0689394 	2500.000000	0.0655044 	2500.000000	0.064594  	2500.000000	0.0655045 	2500.000000	0.0689354 	2500.000000	3.96697e-06	
2600.000000	0.0678067 	2600.000000	0.0692158 	2600.000000	0.0654728 	2600.000000	0.0645635 	2600.000000	0.0654722 	2600.000000	0.0692119 	2600.000000	3.82443e-06	
2700.000000	0.0682799 	2700.000000	0.0695169 	2700.000000	0.0654564 	2700.000000	0.0645484 	2700.000000	0.0654552 	2700.000000	0.0695132 	2700.000000	3.69209e-06	
2800.000000	0.0687831 	2800.000000	0.0698401 	2800.000000	0.0654531 	2800.000000	0.0645464 	2800.000000	0.0654516 	2800.000000	0.0698365 	2800.000000	3.56887e-06	
2900.000000	0.0693138 	2900.000000	0.0701831 	2900.000000	0.0654609 	2900.000000	0.0645557 	2900.000000	0.0654593 	2900.000000	0.0701796 	2900.000000	3.45386e-06	
3000.000000	0.0698697 	3000.000000	0.0705437 	3000.000000	0.0654782 	3000.000000	0.0645747 	3000.000000	0.065477  	3000.000000	0.0705404 	3000.000000	3.34625e-06	
3200.000000	0.0710499 	3200.000000	0.0713115 	3200.000000	0.0655369 	3200.000000	0.064637  	3200.000000	0.0655367 	3200.000000	0.0713084 	3200.000000	3.15053e-06	
3400.000000	0.0723105 	3400.000000	0.0721318 	3400.000000	0.0656214 	3400.000000	0.0647247 	3400.000000	0.0656222 	3400.000000	0.0721288 	3400.000000	2.97707e-06	
3600.000000	0.0736416 	3600.000000	0.0729956 	3600.000000	0.0657255 	3600.000000	0.0648314 	3600.000000	0.065727  	3600.000000	0.0729928 	3600.000000	2.82224e-06	
3800.000000	0.0750348 	3800.000000	0.0738958 	3800.000000	0.0658447 	3800.000000	0.0649523 	3800.000000	0.0658461 	3800.000000	0.0738931 	3800.000000	2.68317e-06	
4000.000000	0.0764838 	4000.000000	0.0748267 	4000.000000	0.065975  	4000.000000	0.0650838 	4000.000000	0.0659759 	4000.000000	0.0748241 	4000.000000	2.55754e-06	
4200.000000	0.0779832 	4200.000000	0.0757836 	4200.000000	0.0661133 	4200.000000	0.065223  	4200.000000	0.0661137 	4200.000000	0.0757811 	4200.000000	2.44349e-06	
4400.000000	0.0795285 	4400.000000	0.0767627 	4400.000000	0.0662573 	4400.000000	0.0653678 	4400.000000	0.0662571 	4400.000000	0.0767604 	4400.000000	2.33945e-06	
4600.000000	0.0811162 	4600.000000	0.077761  	4600.000000	0.0664051 	4600.000000	0.0655165 	4600.000000	0.0664046 	4600.000000	0.0777588 	4600.000000	2.24417e-06	
4800.000000	0.0827432 	4800.000000	0.0787759 	4800.000000	0.0665555 	4800.000000	0.0656677 	4800.000000	0.0665546 	4800.000000	0.0787737 	4800.000000	2.15656e-06	
5000.000000	0.0844068 	5000.000000	0.0798051 	5000.000000	0.0667073 	5000.000000	0.0658204 	5000.000000	0.0667063 	5000.000000	0.079803  	5000.000000	2.07573e-06	
5250.000000	0.0865346 	5250.000000	0.0811091 	5250.000000	0.0668979 	5250.000000	0.0660122 	5250.000000	0.0668967 	5250.000000	0.0811071 	5250.000000	1.98307e-06	
5500.000000	0.0887128 	5500.000000	0.0824298 	5500.000000	0.0670883 	5500.000000	0.0662038 	5500.000000	0.0670871 	5500.000000	0.0824279 	5500.000000	1.89856e-06	
6000.000000	0.0932082 	6000.000000	0.0851116 	6000.000000	0.0674651 	6000.000000	0.0665831 	6000.000000	0.0674642 	6000.000000	0.0851098 	6000.000000	1.75e-06  	
6500.000000	0.0978745 	6500.000000	0.0878354 	6500.000000	0.0678334 	6500.000000	0.0669536 	6500.000000	0.0678326 	6500.000000	0.0878337 	6500.000000	1.62358e-06	
7000.000000	0.102698  	7000.000000	0.0905904 	7000.000000	0.0681909 	7000.000000	0.0673127 	7000.000000	0.0681897 	7000.000000	0.0905889 	7000.000000	1.51465e-06	
7500.000000	0.107669  	7500.000000	0.0933691 	7500.000000	0.0685362 	7500.000000	0.0676592 	7500.000000	0.0685343 	7500.000000	0.0933677 	7500.000000	1.4198e-06	
8000.000000	0.112779  	8000.000000	0.0961655 	8000.000000	0.0688669 	8000.000000	0.0679929 	8000.000000	0.0688661 	8000.000000	0.0961642 	8000.000000	1.33643e-06	
8500.000000	0.118023  	8500.000000	0.0989755 	8500.000000	0.0691848 	8500.000000	0.0683136 	8500.000000	0.0691849 	8500.000000	0.0989743 	8500.000000	1.26256e-06	
9000.000000	0.123397  	9000.000000	0.101796  	9000.000000	0.0694911 	9000.000000	0.0686218 	9000.000000	0.0694912 	9000.000000	0.101795  	9000.000000	1.19664e-06	
9500.000000	0.128896  	9500.000000	0.104624  	9500.000000	0.0697852 	9500.000000	0.0689179 	9500.000000	0.0697853 	9500.000000	0.104623  	9500.000000	1.13745e-06	
10000.000000	0.134518  	10000.000000	0.107457  	10000.000000	0.0700672 	10000.000000	0.0692024 	10000.000000	0.0700679 	10000.000000	0.107456  	10000.000000	1.08399e-06	
11000.000000	0.146123  	11000.000000	0.113136  	11000.000000	0.0705996 	11000.000000	0.0697393 	11000.000000	0.0706008 	11000.000000	0.113135  	11000.000000	9.91211e-07	
12000.000000	0.158197  	12000.000000	0.118822  	12000.000000	0.0710943 	12000.000000	0.0702371 	12000.000000	0.0710944 	12000.000000	0.118821  	12000.000000	9.13435e-07	
13000.000000	0.170731  	13000.000000	0.124511  	13000.000000	0.0715537 	13000.000000	0.0707001 	13000.000000	0.071553  	13000.000000	0.12451   	13000.000000	8.47268e-07	
14000.000000	0.18372   	14000.000000	0.130197  	14000.000000	0.071981  	14000.000000	0.0711321 	14000.000000	0.0719803 	14000.000000	0.130196  	14000.000000	7.90271e-07	
15000.000000	0.197159  	15000.000000	0.135879  	15000.000000	0.0723798 	15000.000000	0.0715365 	15000.000000	0.0723798 	15000.000000	0.135878  	15000.000000	7.40647e-07	
16000.000000	0.211046  	16000.000000	0.141554  	16000.000000	0.0727535 	16000.000000	0.0719163 	16000.000000	0.0727544 	16000.000000	0.141553  	16000.000000	6.97041e-07	
17000.000000	0.225379  	17000.000000	0.147222  	17000.000000	0.0731051 	17000.000000	0.072274  	17000.000000	0.0731066 	17000.000000	0.147221  	17000.000000	6.58411e-07	
18000.000000	0.240157  	18000.000000	0.152882  	18000.000000	0.073437  	18000.000000	0.0726118 	18000.000000	0.0734387 	18000.000000	0.152881  	18000.000000	6.23946e-07	
19000.000000	0.255381  	19000.000000	0.158533  	19000.000000	0.0737511 	19000.000000	0.0729316 	19000.000000	0.0737524 	19000.000000	0.158532  	19000.000000	5.93e-07  	
20000.000000	0.27105   	20000.000000	0.164174  	20000.000000	0.0740492 	20000.000000	0.073235  	20000.000000	0.0740496 	20000.000000	0.164174  	20000.000000	5.65057e-07	
21000.000000	0.287166  	21000.000000	0.169807  	21000.000000	0.0743327 	21000.000000	0.0735236 	21000.000000	0.0743317 	21000.000000	0.169806  	21000.000000	5.39695e-07	
22000.000000	0.303728  	22000.000000	0.17543   	22000.000000	0.0746018 	22000.000000	0.0737987 	22000.000000	0.0745999 	22000.000000	0.17543   	22000.000000	5.16571e-07	
23000.000000	0.320739  	23000.000000	0.181044  	23000.000000	0.0748562 	23000.000000	0.0740613 	23000.000000	0.0748555 	23000.000000	0.181044  	23000.000000	4.95397e-07	
24000.000000	0.338199  	24000.000000	0.186649  	24000.000000	0.0750986 	24000.000000	0.0743125 	24000.000000	0.0750992 	24000.000000	0.186649  	24000.000000	4.75936e-07	
25000.000000	0.35611   	25000.000000	0.192245  	25000.000000	0.0753319 	25000.000000	0.0745531 	25000.000000	0.0753323 	25000.000000	0.192244  	25000.000000	4.57985e-07	
26000.000000	0.374474  	26000.000000	0.197832  	26000.000000	0.0755561 	26000.000000	0.074784  	26000.000000	0.0755552 	26000.000000	0.197831  	26000.000000	4.41374e-07	
27000.000000	0.393293  	27000.000000	0.20341   	27000.000000	0.075771  	27000.000000	0.0750059 	27000.000000	0.0757691 	27000.000000	0.203409  	27000.000000	4.25957e-07	
28000.000000	0.412568  	28000.000000	0.208979  	28000.000000	0.0759766 	28000.000000	0.0752195 	28000.000000	0.075974  	28000.000000	0.208979  	28000.000000	4.11608e-07	
29000.000000	0.432301  	29000.000000	0.21454   	29000.000000	0.0761733 	29000.000000	0.0754252 	29000.000000	0.0761711 	29000.000000	0.21454   	29000.000000	3.9822e-07	
30000.000000	0.452495  	30000.000000	0.220093  	30000.000000	0.0763619 	30000.000000	0.0756236 	30000.000000	0.0763604 	30000.000000	0.220092  	30000.000000	3.85698e-07	
32000.000000	0.494272  	32000.000000	0.231174  	32000.000000	0.0767194 	32000.000000	0.0760005 	32000.000000	0.0767187 	32000.000000	0.231173  	32000.000000	3.62934e-07	
34000.000000	0.537917  	34000.000000	0.242224  	34000.000000	0.0770542 	34000.000000	0.0763533 	34000.000000	0.0770517 	34000.000000	0.242223  	34000.000000	3.42771e-07	
36000.000000	0.583448  	36000.000000	0.253244  	36000.000000	0.077366  	36000.000000	0.076685  	36000.000000	0.0773624 	36000.000000	0.253244  	36000.000000	3.24785e-07	
38000.000000	0.630883  	38000.000000	0.264236  	38000.000000	0.0776559 	38000.000000	0.0769978 	38000.000000	0.0776534 	38000.000000	0.264236  	38000.000000	3.08638e-07	
40000.000000	0.680243  	40000.000000	0.275201  	40000.000000	0.0779271 	40000.000000	0.0772936 	40000.000000	0.0779264 	40000.000000	0.275201  	40000.000000	2.94059e-07	
42000.000000	0.731546  	42000.000000	0.28614   	42000.000000	0.0781833 	42000.000000	0.0775741 	42000.000000	0.0781831 	42000.000000	0.28614   	42000.000000	2.8083e-07	
44000.000000	0.784813  	44000.000000	0.297054  	44000.000000	0.0784269 	44000.000000	0.0778409 	44000.000000	0.0784254 	44000.000000	0.297054  	44000.000000	2.68768e-07	
46000.000000	0.840065  	46000.000000	0.307944  	46000.000000	0.0786597 	46000.000000	0.0780951 	46000.000000	0.0786536 	46000.000000	0.307944  	46000.000000	2.57726e-07	
48000.000000	0.897322  	48000.000000	0.318811  	48000.000000	0.0788819 	48000.000000	0.0783379 	48000.000000	0.07887   	48000.000000	0.318811  	48000.000000	2.47577e-07	
50000.000000	0.956606  	50000.000000	0.329656  	50000.000000	0.0790919 	50000.000000	0.0785702 	50000.000000	0.0790745 	50000.000000	0.329656  	50000.000000	2.38217e-07	
