*Energy (MeV/u)1	0 - [He-base] F.Hubert et al, AD&ND Tables 46(1990)1	Energy (MeV/u)2	1 - [H -base] J.F.Ziegler et al, Pergamon Press, NY (low energy)	Energy (MeV/u)3	2 - ATIMA 1.2  LS-theory (recommended for high energy)	Energy (MeV/u)4	3 - ATIMA 1.2  without LS-correction	Energy (MeV/u)5	4 - electrical component of [1] - J.F.Ziegler et al	Energy (MeV/u)6	5 - nuclear component of [1] - J.F.Ziegler et al	
0.001000	0.197961  	0.001000	0.197961  	0.001000	0.17509   	0.001000	0.17509   	0.001000	0.131798  	0.001000	0.0661631 	
0.002000	0.217467  	0.002000	0.217467  	0.002000	0.200591  	0.002000	0.200591  	0.002000	0.170921  	0.002000	0.0465467 	
0.005000	0.267513  	0.005000	0.267513  	0.005000	0.270075  	0.005000	0.270075  	0.005000	0.241003  	0.005000	0.0265102 	
0.008000	0.306671  	0.008000	0.306671  	0.008000	0.327305  	0.008000	0.327305  	0.008000	0.287453  	0.008000	0.0192179 	
0.010000	0.328786  	0.010000	0.328786  	0.010000	0.360696  	0.010000	0.360696  	0.010000	0.312542  	0.010000	0.0162445 	
0.015000	0.385017  	0.015000	0.385017  	0.015000	0.408478  	0.015000	0.408478  	0.015000	0.372953  	0.015000	0.0120643 	
0.020000	0.430071  	0.020000	0.430071  	0.020000	0.454753  	0.020000	0.454753  	0.020000	0.420366  	0.020000	0.00970514	
0.025000	0.480759  	0.025000	0.480759  	0.025000	0.498771  	0.025000	0.498771  	0.025000	0.472587  	0.025000	0.00817177	
0.030000	0.523816  	0.030000	0.523816  	0.030000	0.52597   	0.030000	0.52597   	0.030000	0.516729  	0.030000	0.00708737	
0.035000	0.559259  	0.035000	0.559259  	0.035000	0.550382  	0.035000	0.550382  	0.035000	0.552983  	0.035000	0.00627604	
0.040000	0.587205  	0.040000	0.587205  	0.040000	0.572258  	0.040000	0.572258  	0.040000	0.581561  	0.040000	0.005644  	
0.045000	0.607799  	0.045000	0.607799  	0.045000	0.591817  	0.045000	0.591817  	0.045000	0.602663  	0.045000	0.00513643	
0.050000	0.620524  	0.050000	0.620524  	0.050000	0.609258  	0.050000	0.609258  	0.050000	0.615805  	0.050000	0.00471903	
0.055000	0.646802  	0.055000	0.646802  	0.055000	0.624766  	0.055000	0.624766  	0.055000	0.642432  	0.055000	0.00436917	
0.060000	0.668954  	0.060000	0.668954  	0.060000	0.638509  	0.060000	0.638509  	0.060000	0.664883  	0.060000	0.00407131	
0.070000	0.702112  	0.070000	0.702112  	0.070000	0.661332  	0.070000	0.661332  	0.070000	0.698522  	0.070000	0.00359027	
0.080000	0.737501  	0.080000	0.737501  	0.080000	0.678876  	0.080000	0.678876  	0.080000	0.734283  	0.080000	0.00321772	
0.090000	0.76387   	0.090000	0.76387   	0.090000	0.692134  	0.090000	0.692134  	0.090000	0.76095   	0.090000	0.00291997	
0.100000	0.783492  	0.100000	0.783492  	0.100000	0.701949  	0.100000	0.701949  	0.100000	0.780815  	0.100000	0.00267609	
0.120000	0.790519  	0.120000	0.790519  	0.120000	0.713946  	0.120000	0.713946  	0.120000	0.788219  	0.120000	0.00229947	
0.140000	0.789639  	0.140000	0.789639  	0.140000	0.719097  	0.140000	0.719097  	0.140000	0.787618  	0.140000	0.00202126	
0.160000	0.790755  	0.160000	0.790755  	0.160000	0.720122  	0.160000	0.720122  	0.160000	0.788948  	0.160000	0.00180672	
0.180000	0.795407  	0.180000	0.795407  	0.180000	0.7187    	0.180000	0.7187    	0.180000	0.793771  	0.180000	0.00163586	
0.200000	0.799531  	0.200000	0.799531  	0.200000	0.715841  	0.200000	0.715841  	0.200000	0.798035  	0.200000	0.00149633	
0.250000	0.789757  	0.250000	0.789757  	0.250000	0.705711  	0.250000	0.705711  	0.250000	0.788519  	0.250000	0.00123783	
0.300000	0.786503  	0.300000	0.786503  	0.300000	0.693928  	0.300000	0.693928  	0.300000	0.785444  	0.300000	0.00105928	
0.350000	0.781981  	0.350000	0.781981  	0.350000	0.686166  	0.350000	0.686166  	0.350000	0.781053  	0.350000	0.000928072	
0.400000	0.780939  	0.400000	0.780939  	0.400000	0.677745  	0.400000	0.677745  	0.400000	0.780111  	0.400000	0.000827309	
0.450000	0.775449  	0.450000	0.775449  	0.450000	0.667616  	0.450000	0.667616  	0.450000	0.774702  	0.450000	0.00074734	
0.500000	0.765616  	0.500000	0.765616  	0.500000	0.656189  	0.500000	0.656189  	0.500000	0.764933  	0.500000	0.00068223	
0.600000	0.713154  	0.600000	0.713154  	0.600000	0.630799  	0.600000	0.630799  	0.600000	0.712572  	0.600000	0.000582404	
0.700000	0.658211  	0.700000	0.658211  	0.700000	0.605848  	0.700000	0.605848  	0.700000	0.657702  	0.700000	0.000509261	
0.800000	0.627268  	0.800000	0.627268  	0.800000	0.581899  	0.800000	0.581899  	0.800000	0.626815  	0.800000	0.000453226	
0.900000	0.597973  	0.900000	0.597973  	0.900000	0.559179  	0.900000	0.559179  	0.900000	0.597565  	0.900000	0.000408845	
1.000000	0.570603  	1.000000	0.570603  	1.000000	0.537752  	1.000000	0.537752  	1.000000	0.57023   	1.000000	0.000372773	
1.250000	0.507059  	1.250000	0.507059  	1.250000	0.487482  	1.250000	0.487482  	1.250000	0.506753  	1.250000	0.000306371	
1.500000	0.455765  	1.500000	0.455765  	1.500000	0.445726  	1.500000	0.445726  	1.500000	0.455504  	1.500000	0.000260861	
1.750000	0.413875  	1.750000	0.413875  	1.750000	0.410521  	1.750000	0.410521  	1.750000	0.413647  	1.750000	0.000227618	
2.000000	0.377034  	2.000000	0.377034  	2.000000	0.380312  	2.000000	0.380312  	2.000000	0.376832  	2.000000	0.000202215	
2.250000	0.346656  	2.250000	0.346656  	2.250000	0.354097  	2.250000	0.354097  	2.250000	0.346474  	2.250000	0.000182137	
2.500000	0.3147    	2.500000	0.321438  	2.500000	0.331156  	2.500000	0.331156  	2.500000	0.321272  	2.500000	0.000165849	
3.000000	0.277781  	3.000000	0.281526  	3.000000	0.293038  	3.000000	0.293038  	3.000000	0.281385  	3.000000	0.000140983	
3.500000	0.249045  	3.500000	0.250982  	3.500000	0.262725  	3.500000	0.262725  	3.500000	0.250859  	3.500000	0.000122854	
4.000000	0.226013  	4.000000	0.22665   	4.000000	0.238131  	4.000000	0.238131  	4.000000	0.226541  	4.000000	0.000109022	
4.500000	0.207122  	4.500000	0.206732  	4.500000	0.217828  	4.500000	0.217828  	4.500000	0.206634  	4.500000	9.81037e-05	
5.000000	0.191332  	5.000000	0.190097  	5.000000	0.200806  	5.000000	0.200806  	5.000000	0.190008  	5.000000	8.92558e-05	
5.500000	0.177927  	5.500000	0.176277  	5.500000	0.186341  	5.500000	0.186341  	5.500000	0.176195  	5.500000	8.19331e-05	
6.000000	0.166398  	6.000000	0.164398  	6.000000	0.173901  	6.000000	0.173901  	6.000000	0.164322  	6.000000	7.57676e-05	
6.500000	0.15637   	6.500000	0.154076  	6.500000	0.163089  	6.500000	0.163089  	6.500000	0.154006  	6.500000	7.05018e-05	
7.000000	0.147565  	7.000000	0.145022  	7.000000	0.153605  	7.000000	0.153605  	7.000000	0.144956  	7.000000	6.59494e-05	
7.500000	0.139768  	7.500000	0.137013  	7.500000	0.145217  	7.500000	0.145217  	7.500000	0.136951  	7.500000	6.1973e-05	
8.000000	0.132813  	8.000000	0.129877  	8.000000	0.137743  	8.000000	0.137743  	8.000000	0.129818  	8.000000	5.84681e-05	
8.500000	0.126568  	8.500000	0.123477  	8.500000	0.131041  	8.500000	0.131041  	8.500000	0.123421  	8.500000	5.53545e-05	
9.000000	0.120928  	9.000000	0.117704  	9.000000	0.124995  	9.000000	0.124995  	9.000000	0.117651  	9.000000	5.25694e-05	
9.500000	0.115808  	9.500000	0.112468  	9.500000	0.119512  	9.500000	0.119512  	9.500000	0.112418  	9.500000	5.00625e-05	
10.000000	0.111138  	10.000000	0.111235  	10.000000	0.114516  	10.000000	0.114516  	10.000000	0.111187  	10.000000	4.77936e-05	
11.000000	0.102926  	11.000000	0.103157  	11.000000	0.105556  	11.000000	0.105587  	11.000000	0.103113  	11.000000	4.38445e-05	
12.000000	0.0959351 	12.000000	0.0962425 	12.000000	0.0979673 	12.000000	0.0980162 	12.000000	0.096202  	12.000000	4.05219e-05	
13.000000	0.0899069 	13.000000	0.0902562 	13.000000	0.091457  	13.000000	0.0915171 	13.000000	0.0902185 	13.000000	3.76861e-05	
14.000000	0.0846527 	14.000000	0.0850215 	14.000000	0.0858106 	14.000000	0.0858775 	14.000000	0.0849863 	14.000000	3.5236e-05	
15.000000	0.0800303 	15.000000	0.0804042 	15.000000	0.0808676 	15.000000	0.0809383 	15.000000	0.0803711 	15.000000	3.3097e-05	
16.000000	0.0759305 	16.000000	0.0762999 	16.000000	0.076506  	16.000000	0.0765775 	16.000000	0.0762687 	16.000000	3.12126e-05	
17.000000	0.072268  	17.000000	0.0726269 	17.000000	0.0726302 	17.000000	0.0727    	17.000000	0.0725974 	17.000000	2.95395e-05	
18.000000	0.0689753 	18.000000	0.0693198 	18.000000	0.0691635 	18.000000	0.0692308 	18.000000	0.0692918 	18.000000	2.80434e-05	
19.000000	0.0659981 	19.000000	0.066326  	19.000000	0.0660444 	19.000000	0.0661097 	19.000000	0.0662993 	19.000000	2.66974e-05	
20.000000	0.0632926 	20.000000	0.0636023 	20.000000	0.0632235 	20.000000	0.0632877 	20.000000	0.0635769 	20.000000	2.54797e-05	
21.000000	0.0608225 	21.000000	0.0611134 	21.000000	0.0606623 	21.000000	0.0607248 	21.000000	0.0610891 	21.000000	2.43725e-05	
22.000000	0.0585578 	22.000000	0.0588298 	22.000000	0.0583297 	22.000000	0.0583879 	22.000000	0.0588065 	22.000000	2.33612e-05	
23.000000	0.0564735 	23.000000	0.0567268 	23.000000	0.0561969 	23.000000	0.0562493 	23.000000	0.0567043 	23.000000	2.24338e-05	
24.000000	0.0545486 	24.000000	0.0547834 	24.000000	0.0542381 	24.000000	0.0542857 	24.000000	0.0547618 	24.000000	2.158e-05 	
25.000000	0.0527651 	25.000000	0.0529819 	25.000000	0.0524332 	25.000000	0.0524773 	25.000000	0.0529611 	25.000000	2.07914e-05	
27.000000	0.0495631 	27.000000	0.049746  	27.000000	0.0492248 	27.000000	0.0492611 	27.000000	0.0497266 	27.000000	1.93815e-05	
29.000000	0.046769  	29.000000	0.0469207 	29.000000	0.0464646 	29.000000	0.0464919 	29.000000	0.0469025 	29.000000	1.81574e-05	
31.000000	0.0443082 	31.000000	0.0444315 	31.000000	0.0440405 	31.000000	0.0440571 	31.000000	0.0444144 	31.000000	1.70842e-05	
33.000000	0.0421234 	33.000000	0.042221  	33.000000	0.0418676 	33.000000	0.0418742 	33.000000	0.0422049 	33.000000	1.61353e-05	
35.000000	0.0401698 	35.000000	0.0402444 	35.000000	0.0399197 	35.000000	0.0399218 	35.000000	0.0402291 	35.000000	1.52901e-05	
38.000000	0.0375974 	38.000000	0.0376417 	38.000000	0.037358  	38.000000	0.0373503 	38.000000	0.0376275 	38.000000	1.41818e-05	
41.000000	0.035375  	41.000000	0.0353935 	41.000000	0.0351418 	41.000000	0.0351282 	41.000000	0.0353803 	41.000000	1.32287e-05	
44.000000	0.0334343 	44.000000	0.0334312 	44.000000	0.0332044 	44.000000	0.0331876 	44.000000	0.0334188 	44.000000	1.24001e-05	
47.000000	0.0317242 	47.000000	0.0317029 	47.000000	0.0314975 	47.000000	0.0314775 	47.000000	0.0316912 	47.000000	1.16727e-05	
50.000000	0.0302051 	50.000000	0.0301685 	50.000000	0.0299805 	50.000000	0.0299585 	50.000000	0.0301574 	50.000000	1.10288e-05	
55.000000	0.0280167 	55.000000	0.0279601 	55.000000	0.0277999 	55.000000	0.0277707 	55.000000	0.02795   	55.000000	1.01054e-05	
60.000000	0.0261688 	60.000000	0.0260977 	60.000000	0.025955  	60.000000	0.0259241 	60.000000	0.0260884 	60.000000	9.32949e-06	
65.000000	0.0245863 	65.000000	0.0245052 	65.000000	0.0243738 	65.000000	0.0243437 	65.000000	0.0244965 	65.000000	8.66808e-06	
70.000000	0.0232148 	70.000000	0.0231271 	70.000000	0.0230072 	70.000000	0.0229751 	70.000000	0.023119  	70.000000	8.09728e-06	
75.000000	0.0220138 	75.000000	0.0219225 	75.000000	0.0218113 	75.000000	0.0217779 	75.000000	0.0219149 	75.000000	7.59948e-06	
80.000000	0.0209529 	80.000000	0.0208602 	80.000000	0.0207559 	80.000000	0.0207215 	80.000000	0.0208531 	80.000000	7.16135e-06	
85.000000	0.0200084 	85.000000	0.0199162 	85.000000	0.0198173 	85.000000	0.019782  	85.000000	0.0199094 	85.000000	6.77267e-06	
90.000000	0.0191617 	90.000000	0.0190714 	90.000000	0.0189746 	90.000000	0.018941  	90.000000	0.019065  	90.000000	6.42542e-06	
95.000000	0.0183981 	95.000000	0.018311  	95.000000	0.0182179 	95.000000	0.0181836 	95.000000	0.0183049 	95.000000	6.11323e-06	
100.000000	0.0177056 	100.000000	0.0176227 	100.000000	0.0175326 	100.000000	0.0174977 	100.000000	0.0176169 	100.000000	5.831e-06 	
105.000000	0.0170745 	105.000000	0.0169967 	105.000000	0.0169091 	105.000000	0.0168736 	105.000000	0.0169911 	105.000000	5.57455e-06	
110.000000	0.0164968 	110.000000	0.0164248 	110.000000	0.0163375 	110.000000	0.0163033 	110.000000	0.0164195 	110.000000	5.34048e-06	
115.000000	0.0159659 	115.000000	0.0159002 	115.000000	0.0158139 	115.000000	0.01578   	115.000000	0.0158951 	115.000000	5.12594e-06	
120.000000	0.0154761 	120.000000	0.0154172 	120.000000	0.0153328 	120.000000	0.0152981 	120.000000	0.0154123 	120.000000	4.92856e-06	
125.000000	0.0150227 	125.000000	0.0149711 	125.000000	0.0148874 	125.000000	0.0148529 	125.000000	0.0149664 	125.000000	4.74633e-06	
130.000000	0.0146017 	130.000000	0.0145577 	130.000000	0.0144736 	130.000000	0.0144403 	130.000000	0.0145531 	130.000000	4.57756e-06	
135.000000	0.0142097 	135.000000	0.0141735 	135.000000	0.0140901 	135.000000	0.0140567 	135.000000	0.0141691 	135.000000	4.42079e-06	
140.000000	0.0138437 	140.000000	0.0138156 	140.000000	0.0137333 	140.000000	0.0136994 	140.000000	0.0138113 	140.000000	4.27477e-06	
145.000000	0.0135012 	145.000000	0.0134813 	145.000000	0.0133993 	145.000000	0.0133655 	145.000000	0.0134771 	145.000000	4.13841e-06	
150.000000	0.0131798 	150.000000	0.0131682 	150.000000	0.0130857 	150.000000	0.013053  	150.000000	0.0131642 	150.000000	4.01079e-06	
155.000000	0.0127273 	155.000000	0.0128746 	155.000000	0.0127924 	155.000000	0.0127597 	155.000000	0.0128707 	155.000000	3.89107e-06	
160.000000	0.0124621 	160.000000	0.0125985 	160.000000	0.0125168 	160.000000	0.012484  	160.000000	0.0125947 	160.000000	3.77854e-06	
165.000000	0.012212  	165.000000	0.0123385 	165.000000	0.0122563 	165.000000	0.0122244 	165.000000	0.0123348 	165.000000	3.67255e-06	
170.000000	0.0119758 	170.000000	0.0120932 	170.000000	0.0120109 	170.000000	0.0119794 	170.000000	0.0120896 	170.000000	3.57256e-06	
175.000000	0.0117522 	175.000000	0.0118613 	175.000000	0.0117797 	175.000000	0.0117479 	175.000000	0.0118579 	175.000000	3.47805e-06	
180.000000	0.0115404 	180.000000	0.0116419 	180.000000	0.0115609 	180.000000	0.0115288 	180.000000	0.0116385 	180.000000	3.38858e-06	
185.000000	0.0113393 	185.000000	0.0114338 	185.000000	0.011353  	185.000000	0.0113211 	185.000000	0.0114305 	185.000000	3.30376e-06	
190.000000	0.0111482 	190.000000	0.0112363 	190.000000	0.0111551 	190.000000	0.0111239 	190.000000	0.0112331 	190.000000	3.22323e-06	
195.000000	0.0109663 	195.000000	0.0110486 	195.000000	0.0109674 	195.000000	0.0109366 	195.000000	0.0110455 	195.000000	3.14667e-06	
200.000000	0.0107931 	200.000000	0.01087   	200.000000	0.0107893 	200.000000	0.0107583 	200.000000	0.0108669 	200.000000	3.07379e-06	
210.000000	0.0104699 	210.000000	0.0105373 	210.000000	0.0104565 	210.000000	0.0104264 	210.000000	0.0105344 	210.000000	2.93803e-06	
220.000000	0.0101746 	220.000000	0.010234  	220.000000	0.0101539 	220.000000	0.0101238 	220.000000	0.0102312 	220.000000	2.81414e-06	
230.000000	0.00990358	230.000000	0.00995622	230.000000	0.00987623	230.000000	0.00984685	230.000000	0.00995352	230.000000	2.70061e-06	
240.000000	0.00965401	240.000000	0.00970097	240.000000	0.00962155	240.000000	0.00959245	240.000000	0.00969837	240.000000	2.59618e-06	
250.000000	0.0094234 	250.000000	0.0094656 	250.000000	0.00938745	250.000000	0.00935797	250.000000	0.0094631 	250.000000	2.49979e-06	
260.000000	0.00920968	260.000000	0.0092479 	260.000000	0.00917025	260.000000	0.0091412 	260.000000	0.00924549	260.000000	2.41054e-06	
270.000000	0.00901104	270.000000	0.00904597	270.000000	0.00896867	270.000000	0.00894023	270.000000	0.00904364	270.000000	2.32764e-06	
280.000000	0.00882595	280.000000	0.00885816	280.000000	0.008782  	280.000000	0.00875341	280.000000	0.00885591	280.000000	2.25044e-06	
290.000000	0.00865307	290.000000	0.00868307	290.000000	0.00860726	290.000000	0.00857934	290.000000	0.00868089	290.000000	2.17837e-06	
300.000000	0.00849122	300.000000	0.00851946	300.000000	0.00844449	300.000000	0.00841677	300.000000	0.00851735	300.000000	2.11092e-06	
310.000000	0.00833941	310.000000	0.00836626	310.000000	0.00829236	310.000000	0.00826463	310.000000	0.00836421	310.000000	2.04766e-06	
320.000000	0.00819671	320.000000	0.00822252	320.000000	0.00814905	320.000000	0.00812196	320.000000	0.00822053	320.000000	1.9882e-06	
330.000000	0.00806236	330.000000	0.00808741	330.000000	0.00801491	330.000000	0.00798793	330.000000	0.00808548	330.000000	1.93221e-06	
340.000000	0.00793563	340.000000	0.00796018	340.000000	0.00788881	340.000000	0.00786179	340.000000	0.0079583 	340.000000	1.87939e-06	
350.000000	0.00781592	350.000000	0.00784019	350.000000	0.00776938	350.000000	0.0077429 	350.000000	0.00783836	350.000000	1.82947e-06	
360.000000	0.00770266	360.000000	0.00772685	360.000000	0.00765691	360.000000	0.00763065	360.000000	0.00772507	360.000000	1.78223e-06	
370.000000	0.00759536	370.000000	0.00761963	370.000000	0.00755091	370.000000	0.00752453	370.000000	0.0076179 	370.000000	1.73744e-06	
380.000000	0.00749357	380.000000	0.00751808	380.000000	0.00745014	380.000000	0.00742407	380.000000	0.00751638	380.000000	1.69493e-06	
390.000000	0.00739688	390.000000	0.00742175	390.000000	0.00735447	390.000000	0.00732883	390.000000	0.0074201 	390.000000	1.65451e-06	
400.000000	0.00730493	400.000000	0.00733028	400.000000	0.00726408	400.000000	0.00723844	400.000000	0.00732867	400.000000	1.61604e-06	
410.000000	0.00721739	410.000000	0.00724332	410.000000	0.00717824	410.000000	0.00715255	410.000000	0.00724174	410.000000	1.57937e-06	
420.000000	0.00713396	420.000000	0.00716056	420.000000	0.00709621	420.000000	0.00707084	420.000000	0.00715901	420.000000	1.54439e-06	
430.000000	0.00705437	430.000000	0.0070817 	430.000000	0.00701804	430.000000	0.00699304	430.000000	0.00708019	430.000000	1.51097e-06	
440.000000	0.00697837	440.000000	0.00700651	440.000000	0.00694386	440.000000	0.00691887	440.000000	0.00700503	440.000000	1.47902e-06	
450.000000	0.00690573	450.000000	0.00693472	450.000000	0.00687317	450.000000	0.0068481 	450.000000	0.00693328	450.000000	1.44843e-06	
460.000000	0.00683624	460.000000	0.00686614	460.000000	0.0068054 	460.000000	0.00678051	460.000000	0.00686472	460.000000	1.41913e-06	
470.000000	0.00676972	470.000000	0.00680056	470.000000	0.00674045	470.000000	0.00671591	470.000000	0.00679917	470.000000	1.39102e-06	
480.000000	0.00670598	480.000000	0.0067378 	480.000000	0.00667847	480.000000	0.0066541 	480.000000	0.00673644	480.000000	1.36404e-06	
490.000000	0.00664486	490.000000	0.0066777 	490.000000	0.00661932	490.000000	0.00659489	490.000000	0.00667636	490.000000	1.33813e-06	
500.000000	0.00658622	500.000000	0.00662009	500.000000	0.00656264	500.000000	0.00653818	500.000000	0.00661877	500.000000	1.31321e-06	
520.000000	0.00647582	520.000000	0.0065118 	520.000000	0.00645558	520.000000	0.0064316 	520.000000	0.00651053	520.000000	1.26615e-06	
540.000000	0.00637378	540.000000	0.00641192	540.000000	0.00635716	540.000000	0.00633333	540.000000	0.0064107 	540.000000	1.22245e-06	
560.000000	0.00627926	560.000000	0.00631957	560.000000	0.00626633	560.000000	0.0062425 	560.000000	0.00631839	560.000000	1.18175e-06	
580.000000	0.00619152	580.000000	0.006234  	580.000000	0.00618172	580.000000	0.00615833	580.000000	0.00623286	580.000000	1.14377e-06	
600.000000	0.00610991	600.000000	0.00615454	600.000000	0.00610346	600.000000	0.00608018	600.000000	0.00615344	600.000000	1.10822e-06	
620.000000	0.00603386	620.000000	0.00608063	620.000000	0.00603081	620.000000	0.00600748	620.000000	0.00607955	620.000000	1.07489e-06	
640.000000	0.0059629 	640.000000	0.00601174	640.000000	0.00596271	640.000000	0.0059397 	640.000000	0.0060107 	640.000000	1.04356e-06	
660.000000	0.00589657	660.000000	0.00594745	660.000000	0.00589915	660.000000	0.00587641	660.000000	0.00594643	660.000000	1.01407e-06	
680.000000	0.00583449	680.000000	0.00588734	680.000000	0.00584002	680.000000	0.00581722	680.000000	0.00588636	680.000000	9.86249e-07	
700.000000	0.00577631	700.000000	0.00583108	700.000000	0.00578454	700.000000	0.00576177	700.000000	0.00583012	700.000000	9.59962e-07	
720.000000	0.00572173	720.000000	0.00577835	720.000000	0.00573223	720.000000	0.00570976	720.000000	0.00577741	720.000000	9.35083e-07	
740.000000	0.00567047	740.000000	0.00572887	740.000000	0.00568314	740.000000	0.0056609 	740.000000	0.00572796	740.000000	9.11502e-07	
760.000000	0.00562228	760.000000	0.00568239	760.000000	0.00563721	760.000000	0.00561494	760.000000	0.0056815 	760.000000	8.89118e-07	
780.000000	0.00557694	780.000000	0.00563869	780.000000	0.00559398	780.000000	0.00557166	780.000000	0.00563782	780.000000	8.67841e-07	
800.000000	0.00553425	800.000000	0.00559756	800.000000	0.00555303	800.000000	0.00553086	800.000000	0.00559671	800.000000	8.4759e-07	
820.000000	0.00549402	820.000000	0.00555881	820.000000	0.00551428	820.000000	0.00549236	820.000000	0.00555799	820.000000	8.28292e-07	
840.000000	0.00545609	840.000000	0.00552229	840.000000	0.00547775	840.000000	0.00545598	840.000000	0.00552148	840.000000	8.09881e-07	
860.000000	0.0054203 	860.000000	0.00548785	860.000000	0.00544337	860.000000	0.00542159	860.000000	0.00548705	860.000000	7.92297e-07	
880.000000	0.00538653	880.000000	0.00545533	880.000000	0.00541087	880.000000	0.00538903	880.000000	0.00545455	880.000000	7.75483e-07	
900.000000	0.00535463	900.000000	0.00542462	900.000000	0.00537998	900.000000	0.00535819	900.000000	0.00542386	900.000000	7.5939e-07	
920.000000	0.0053245 	920.000000	0.0053956 	920.000000	0.00535057	920.000000	0.00532896	920.000000	0.00539486	920.000000	7.43973e-07	
940.000000	0.00529603	940.000000	0.00536817	940.000000	0.00532265	940.000000	0.00530122	940.000000	0.00536744	940.000000	7.29189e-07	
960.000000	0.00526912	960.000000	0.00534223	960.000000	0.0052962 	960.000000	0.00527488	960.000000	0.00534151	960.000000	7.14999e-07	
980.000000	0.00524369	980.000000	0.00531769	980.000000	0.00527117	980.000000	0.00524986	980.000000	0.00531698	980.000000	7.01368e-07	
1000.000000	0.00521964	1000.000000	0.00529446	1000.000000	0.00524743	1000.000000	0.00522607	1000.000000	0.00529377	1000.000000	6.88263e-07	
1020.000000	0.00519691	1020.000000	0.00527248	1020.000000	0.00522482	1020.000000	0.00520344	1020.000000	0.0052718 	1020.000000	6.75655e-07	
1040.000000	0.00517542	1040.000000	0.00525167	1040.000000	0.00520321	1040.000000	0.0051819 	1040.000000	0.005251  	1040.000000	6.63514e-07	
1060.000000	0.0051551 	1060.000000	0.00523196	1060.000000	0.00518257	1060.000000	0.00516138	1060.000000	0.00523131	1060.000000	6.51816e-07	
1080.000000	0.0051359 	1080.000000	0.00521331	1080.000000	0.00516287	1080.000000	0.00514183	1080.000000	0.00521267	1080.000000	6.40536e-07	
1100.000000	0.00511775	1100.000000	0.00519564	1100.000000	0.00514411	1100.000000	0.00512319	1100.000000	0.00519501	1100.000000	6.29651e-07	
1120.000000	0.00510061	1120.000000	0.00517891	1120.000000	0.00512627	1120.000000	0.0051054 	1120.000000	0.00517829	1120.000000	6.19142e-07	
1140.000000	0.00508442	1140.000000	0.00516307	1140.000000	0.00510931	1140.000000	0.00508844	1140.000000	0.00516246	1140.000000	6.08989e-07	
1160.000000	0.00506914	1160.000000	0.00514808	1160.000000	0.00509314	1160.000000	0.00507224	1160.000000	0.00514748	1160.000000	5.99174e-07	
1180.000000	0.00505472	1180.000000	0.00513389	1180.000000	0.0050777 	1180.000000	0.00505676	1180.000000	0.0051333 	1180.000000	5.8968e-07	
1200.000000	0.00504113	1200.000000	0.00512046	1200.000000	0.00506291	1200.000000	0.00504198	1200.000000	0.00511988	1200.000000	5.80492e-07	
1220.000000	0.00502833	1220.000000	0.00510776	1220.000000	0.00504872	1220.000000	0.00502785	1220.000000	0.00510719	1220.000000	5.71595e-07	
1240.000000	0.00501628	1240.000000	0.00509576	1240.000000	0.00503512	1240.000000	0.00501434	1240.000000	0.00509519	1240.000000	5.62974e-07	
1260.000000	0.00500494	1260.000000	0.00508441	1260.000000	0.00502209	1260.000000	0.00500142	1260.000000	0.00508385	1260.000000	5.54618e-07	
1280.000000	0.00499429	1280.000000	0.00507369	1280.000000	0.00500963	1280.000000	0.00498905	1280.000000	0.00507314	1280.000000	5.46514e-07	
1300.000000	0.0049843 	1300.000000	0.00506357	1300.000000	0.00499772	1300.000000	0.00497722	1300.000000	0.00506303	1300.000000	5.38651e-07	
1320.000000	0.00497494	1320.000000	0.00505403	1320.000000	0.00498635	1320.000000	0.0049659 	1320.000000	0.0050535 	1320.000000	5.31018e-07	
1340.000000	0.00496618	1340.000000	0.00504503	1340.000000	0.0049755 	1340.000000	0.00495505	1340.000000	0.00504451	1340.000000	5.23605e-07	
1360.000000	0.004958  	1360.000000	0.00503656	1360.000000	0.00496513	1360.000000	0.00494467	1360.000000	0.00503604	1360.000000	5.16402e-07	
1380.000000	0.00495037	1380.000000	0.00502859	1380.000000	0.0049552 	1380.000000	0.00493472	1380.000000	0.00502808	1380.000000	5.09401e-07	
1400.000000	0.00494328	1400.000000	0.00502111	1400.000000	0.00494569	1400.000000	0.00492519	1400.000000	0.0050206 	1400.000000	5.02593e-07	
1420.000000	0.0049367 	1420.000000	0.00501408	1420.000000	0.00493657	1420.000000	0.00491605	1420.000000	0.00501358	1420.000000	4.95971e-07	
1440.000000	0.00493061	1440.000000	0.0050075 	1440.000000	0.0049278 	1440.000000	0.0049073 	1440.000000	0.00500701	1440.000000	4.89526e-07	
1460.000000	0.00492499	1460.000000	0.00500134	1460.000000	0.00491938	1460.000000	0.00489891	1460.000000	0.00500085	1460.000000	4.83252e-07	
1480.000000	0.00491983	1480.000000	0.00499558	1480.000000	0.00491128	1480.000000	0.00489086	1480.000000	0.00499511	1480.000000	4.77141e-07	
1500.000000	0.00491511	1500.000000	0.00499022	1500.000000	0.0049035 	1500.000000	0.00488315	1500.000000	0.00498975	1500.000000	4.71188e-07	
1520.000000	0.00491081	1520.000000	0.00498524	1520.000000	0.00489603	1520.000000	0.00487575	1520.000000	0.00498477	1520.000000	4.65386e-07	
1540.000000	0.00490692	1540.000000	0.00498062	1540.000000	0.00488887	1540.000000	0.00486866	1540.000000	0.00498016	1540.000000	4.5973e-07	
1560.000000	0.00490343	1560.000000	0.00497634	1560.000000	0.004882  	1560.000000	0.00486186	1560.000000	0.00497589	1560.000000	4.54214e-07	
1580.000000	0.00490031	1580.000000	0.0049724 	1580.000000	0.00487543	1580.000000	0.00485533	1580.000000	0.00497195	1580.000000	4.48832e-07	
1600.000000	0.00489756	1600.000000	0.00496878	1600.000000	0.00486913	1600.000000	0.00484907	1600.000000	0.00496834	1600.000000	4.43581e-07	
1620.000000	0.00489516	1620.000000	0.00496548	1620.000000	0.00486311	1620.000000	0.00484307	1620.000000	0.00496504	1620.000000	4.38455e-07	
1640.000000	0.00489311	1640.000000	0.00496247	1640.000000	0.00485735	1640.000000	0.00483732	1640.000000	0.00496203	1640.000000	4.33449e-07	
1660.000000	0.00489139	1660.000000	0.00495975	1660.000000	0.00485184	1660.000000	0.00483179	1660.000000	0.00495932	1660.000000	4.28561e-07	
1680.000000	0.00488998	1680.000000	0.00495731	1680.000000	0.00484655	1680.000000	0.0048265 	1680.000000	0.00495688	1680.000000	4.23784e-07	
1700.000000	0.00488889	1700.000000	0.00495513	1700.000000	0.00484149	1700.000000	0.00482142	1700.000000	0.00495472	1700.000000	4.19117e-07	
1750.000000	0.00488745	1750.000000	0.00495082	1750.000000	0.00482971	1750.000000	0.00480962	1750.000000	0.00495041	1750.000000	4.07898e-07	
1800.000000	0.00488774	1800.000000	0.00494799	1800.000000	0.00481908	1800.000000	0.00479899	1800.000000	0.0049476 	1800.000000	3.97283e-07	
1850.000000	0.00488964	1850.000000	0.00494654	1850.000000	0.00480947	1850.000000	0.00478944	1850.000000	0.00494615	1850.000000	3.87222e-07	
1900.000000	0.00489304	1900.000000	0.00494634	1900.000000	0.0048008 	1900.000000	0.00478086	1900.000000	0.00494596	1900.000000	3.77673e-07	
1950.000000	0.00489782	1950.000000	0.00494731	1950.000000	0.004793  	1950.000000	0.00477317	1950.000000	0.00494694	1950.000000	3.68597e-07	
2000.000000	0.00490389	2000.000000	0.00494936	2000.000000	0.00478603	2000.000000	0.00476628	2000.000000	0.004949  	2000.000000	3.5996e-07	
2100.000000	0.00491959	2100.000000	0.00495638	2100.000000	0.00477429	2100.000000	0.00475467	2100.000000	0.00495604	2100.000000	3.43881e-07	
2200.000000	0.00493955	2200.000000	0.00496686	2200.000000	0.00476511	2200.000000	0.00474555	2200.000000	0.00496653	2200.000000	3.29215e-07	
2300.000000	0.00496328	2300.000000	0.00498035	2300.000000	0.00475806	2300.000000	0.00473852	2300.000000	0.00498004	2300.000000	3.15784e-07	
2400.000000	0.00499037	2400.000000	0.00499648	2400.000000	0.00475279	2400.000000	0.00473327	2400.000000	0.00499617	2400.000000	3.03437e-07	
2500.000000	0.00502047	2500.000000	0.00501491	2500.000000	0.00474903	2500.000000	0.00472953	2500.000000	0.00501462	2500.000000	2.92045e-07	
2600.000000	0.00505327	2600.000000	0.00503539	2600.000000	0.00474654	2600.000000	0.00472709	2600.000000	0.00503511	2600.000000	2.81501e-07	
2700.000000	0.00508854	2700.000000	0.00505769	2700.000000	0.00474515	2700.000000	0.00472574	2700.000000	0.00505742	2700.000000	2.71714e-07	
2800.000000	0.00512604	2800.000000	0.00508161	2800.000000	0.00474471	2800.000000	0.00472535	2800.000000	0.00508134	2800.000000	2.62603e-07	
2900.000000	0.00516559	2900.000000	0.00510697	2900.000000	0.00474507	2900.000000	0.00472578	2900.000000	0.00510672	2900.000000	2.541e-07 	
3000.000000	0.00520702	3000.000000	0.00513364	3000.000000	0.00474614	3000.000000	0.00472691	3000.000000	0.00513339	3000.000000	2.46146e-07	
3200.000000	0.00529497	3200.000000	0.00519037	3200.000000	0.00475002	3200.000000	0.00473091	3200.000000	0.00519014	3200.000000	2.31683e-07	
3400.000000	0.00538892	3400.000000	0.00525096	3400.000000	0.00475576	3400.000000	0.00473675	3400.000000	0.00525074	3400.000000	2.18869e-07	
3600.000000	0.00548811	3600.000000	0.00531474	3600.000000	0.0047629 	3600.000000	0.00474397	3600.000000	0.00531453	3600.000000	2.07435e-07	
3800.000000	0.00559195	3800.000000	0.00538119	3800.000000	0.0047711 	3800.000000	0.0047522 	3800.000000	0.00538099	3800.000000	1.97167e-07	
4000.000000	0.00569993	4000.000000	0.00544988	4000.000000	0.00478008	4000.000000	0.0047612 	4000.000000	0.00544969	4000.000000	1.87895e-07	
4200.000000	0.00581167	4200.000000	0.00552049	4200.000000	0.00478963	4200.000000	0.00477077	4200.000000	0.00552031	4200.000000	1.79478e-07	
4400.000000	0.00592684	4400.000000	0.00559273	4400.000000	0.00479958	4400.000000	0.00478073	4400.000000	0.00559255	4400.000000	1.71803e-07	
4600.000000	0.00604516	4600.000000	0.00566637	4600.000000	0.00480982	4600.000000	0.00479097	4600.000000	0.0056662 	4600.000000	1.64774e-07	
4800.000000	0.00616641	4800.000000	0.00574123	4800.000000	0.00482024	4800.000000	0.0048014 	4800.000000	0.00574107	4800.000000	1.58314e-07	
5000.000000	0.00629039	5000.000000	0.00581714	5000.000000	0.00483077	5000.000000	0.00481194	5000.000000	0.00581698	5000.000000	1.52354e-07	
5250.000000	0.00644897	5250.000000	0.00591331	5250.000000	0.00484399	5250.000000	0.00482518	5250.000000	0.00591316	5250.000000	1.45523e-07	
5500.000000	0.00661129	5500.000000	0.00601069	5500.000000	0.00485719	5500.000000	0.00483841	5500.000000	0.00601055	5500.000000	1.39295e-07	
6000.000000	0.00694631	6000.000000	0.00620844	6000.000000	0.00488333	6000.000000	0.00486459	6000.000000	0.00620831	6000.000000	1.28349e-07	
6500.000000	0.00729407	6500.000000	0.00640926	6500.000000	0.00490885	6500.000000	0.00489016	6500.000000	0.00640914	6500.000000	1.19039e-07	
7000.000000	0.00765353	7000.000000	0.00661237	7000.000000	0.00493358	7000.000000	0.00491492	7000.000000	0.00661226	7000.000000	1.1102e-07	
7500.000000	0.00802397	7500.000000	0.00681721	7500.000000	0.00495742	7500.000000	0.0049388 	7500.000000	0.00681711	7500.000000	1.04038e-07	
8000.000000	0.00840482	8000.000000	0.00702335	8000.000000	0.00498039	8000.000000	0.00496177	8000.000000	0.00702326	8000.000000	9.79044e-08	
8500.000000	0.00879564	8500.000000	0.00723049	8500.000000	0.00500239	8500.000000	0.00498383	8500.000000	0.00723039	8500.000000	9.24711e-08	
9000.000000	0.0091961 	9000.000000	0.00743837	9000.000000	0.00502343	9000.000000	0.005005  	9000.000000	0.00743828	9000.000000	8.76239e-08	
9500.000000	0.00960593	9500.000000	0.00764681	9500.000000	0.00504362	9500.000000	0.00502532	9500.000000	0.00764673	9500.000000	8.3272e-08	
10000.000000	0.0100249 	10000.000000	0.00785567	10000.000000	0.00506304	10000.000000	0.00504484	10000.000000	0.00785559	10000.000000	7.93427e-08	
11000.000000	0.0108898 	11000.000000	0.00827421	11000.000000	0.00509971	11000.000000	0.0050816 	11000.000000	0.00827413	11000.000000	7.25255e-08	
12000.000000	0.0117896 	12000.000000	0.00869331	12000.000000	0.00513372	12000.000000	0.00511563	12000.000000	0.00869324	12000.000000	6.68128e-08	
13000.000000	0.0127237 	13000.000000	0.00911254	13000.000000	0.00516525	13000.000000	0.00514723	13000.000000	0.00911248	13000.000000	6.19546e-08	
14000.000000	0.0136917 	14000.000000	0.00953162	14000.000000	0.00519453	14000.000000	0.00517666	14000.000000	0.00953157	14000.000000	5.7771e-08	
15000.000000	0.0146932 	15000.000000	0.00995036	15000.000000	0.00522183	15000.000000	0.00520419	15000.000000	0.00995031	15000.000000	5.41297e-08	
16000.000000	0.0157281 	16000.000000	0.0103686 	16000.000000	0.00524743	16000.000000	0.00523   	16000.000000	0.0103686 	16000.000000	5.09308e-08	
17000.000000	0.0167963 	17000.000000	0.0107863 	17000.000000	0.00527153	17000.000000	0.00525428	17000.000000	0.0107863 	17000.000000	4.80978e-08	
18000.000000	0.0178977 	18000.000000	0.0112034 	18000.000000	0.00529429	18000.000000	0.00527719	18000.000000	0.0112034 	18000.000000	4.55707e-08	
19000.000000	0.0190322 	19000.000000	0.0116199 	19000.000000	0.00531583	19000.000000	0.00529886	19000.000000	0.0116198 	19000.000000	4.33022e-08	
20000.000000	0.0201999 	20000.000000	0.0120356 	20000.000000	0.00533629	20000.000000	0.0053194 	20000.000000	0.0120356 	20000.000000	4.12542e-08	
21000.000000	0.0214009 	21000.000000	0.0124507 	21000.000000	0.00535567	21000.000000	0.00533893	21000.000000	0.0124507 	21000.000000	3.93958e-08	
22000.000000	0.0226352 	22000.000000	0.0128651 	22000.000000	0.00537394	22000.000000	0.00535753	22000.000000	0.0128651 	22000.000000	3.77017e-08	
23000.000000	0.0239029 	23000.000000	0.0132789 	23000.000000	0.00539152	23000.000000	0.00537528	23000.000000	0.0132788 	23000.000000	3.61508e-08	
24000.000000	0.0252042 	24000.000000	0.0136919 	24000.000000	0.0054084 	24000.000000	0.00539225	24000.000000	0.0136919 	24000.000000	3.47255e-08	
25000.000000	0.026539  	25000.000000	0.0141043 	25000.000000	0.00542448	25000.000000	0.0054085 	25000.000000	0.0141043 	25000.000000	3.3411e-08	
26000.000000	0.0279076 	26000.000000	0.014516  	26000.000000	0.00543983	26000.000000	0.00542409	26000.000000	0.014516  	26000.000000	3.21949e-08	
27000.000000	0.02931   	27000.000000	0.0149271 	27000.000000	0.00545454	27000.000000	0.00543907	27000.000000	0.014927  	27000.000000	3.10663e-08	
28000.000000	0.0307465 	28000.000000	0.0153375 	28000.000000	0.00546866	28000.000000	0.00545349	28000.000000	0.0153375 	28000.000000	3.00161e-08	
29000.000000	0.0322171 	29000.000000	0.0157473 	29000.000000	0.00548226	29000.000000	0.00546737	29000.000000	0.0157473 	29000.000000	2.90364e-08	
30000.000000	0.0337221 	30000.000000	0.0161565 	30000.000000	0.00549537	30000.000000	0.00548077	30000.000000	0.0161565 	30000.000000	2.81201e-08	
32000.000000	0.0368355 	32000.000000	0.0169731 	32000.000000	0.00552027	32000.000000	0.00550622	32000.000000	0.0169731 	32000.000000	2.64547e-08	
34000.000000	0.0400881 	34000.000000	0.0177874 	34000.000000	0.00554357	34000.000000	0.00553006	34000.000000	0.0177874 	34000.000000	2.498e-08 	
36000.000000	0.0434813 	36000.000000	0.0185995 	36000.000000	0.00556538	36000.000000	0.00555249	36000.000000	0.0185995 	36000.000000	2.36647e-08	
38000.000000	0.0470164 	38000.000000	0.0194096 	38000.000000	0.00558584	38000.000000	0.00557366	38000.000000	0.0194096 	38000.000000	2.24842e-08	
40000.000000	0.0506949 	40000.000000	0.0202176 	40000.000000	0.00560514	40000.000000	0.00559372	40000.000000	0.0202176 	40000.000000	2.14185e-08	
42000.000000	0.0545182 	42000.000000	0.0210237 	42000.000000	0.00562347	42000.000000	0.00561278	42000.000000	0.0210237 	42000.000000	2.04517e-08	
44000.000000	0.058488  	44000.000000	0.021828  	44000.000000	0.00564096	44000.000000	0.00563095	44000.000000	0.021828  	44000.000000	1.95703e-08	
46000.000000	0.0626056 	46000.000000	0.0226305 	46000.000000	0.00565773	46000.000000	0.00564831	46000.000000	0.0226305 	46000.000000	1.87636e-08	
48000.000000	0.0668727 	48000.000000	0.0234313 	48000.000000	0.00567382	48000.000000	0.00566497	48000.000000	0.0234313 	48000.000000	1.80223e-08	
50000.000000	0.0712907 	50000.000000	0.0242305 	50000.000000	0.0056892 	50000.000000	0.00568097	50000.000000	0.0242305 	50000.000000	1.73387e-08	
