*Energy (MeV/u)1	0 - [He-base] F.Hubert et al, AD&ND Tables 46(1990)1	Energy (MeV/u)2	1 - [H -base] J.F.Ziegler et al, Pergamon Press, NY (low energy)	Energy (MeV/u)3	2 - ATIMA 1.2  LS-theory (recommended for high energy)	Energy (MeV/u)4	3 - ATIMA 1.2  without LS-correction	Energy (MeV/u)5	4 - electrical component of [1] - J.F.Ziegler et al	Energy (MeV/u)6	5 - nuclear component of [1] - J.F.Ziegler et al	
0.001000	0.054085  	0.001000	0.054085  	0.001000	0.079995  	0.001000	0.079995  	0.001000	0.0328055 	0.001000	0.0212795 	
0.002000	0.0672279 	0.002000	0.0672279 	0.002000	0.102714  	0.002000	0.102714  	0.002000	0.0529686 	0.002000	0.0142593 	
0.005000	0.102424  	0.005000	0.102424  	0.005000	0.152008  	0.005000	0.152008  	0.005000	0.0946766 	0.005000	0.00774709	
0.008000	0.12919   	0.008000	0.12919   	0.008000	0.185332  	0.008000	0.185332  	0.008000	0.123724  	0.008000	0.0054663 	
0.010000	0.144003  	0.010000	0.144003  	0.010000	0.202776  	0.010000	0.202776  	0.010000	0.139375  	0.010000	0.00462783	
0.015000	0.183545  	0.015000	0.183545  	0.015000	0.23697   	0.015000	0.23697   	0.015000	0.180151  	0.015000	0.00339386	
0.020000	0.21666   	0.020000	0.21666   	0.020000	0.263446  	0.020000	0.263446  	0.020000	0.21395   	0.020000	0.00270963	
0.025000	0.244908  	0.025000	0.244908  	0.025000	0.285654  	0.025000	0.285654  	0.025000	0.242639  	0.025000	0.00226962	
0.030000	0.269131  	0.030000	0.269131  	0.030000	0.296589  	0.030000	0.296589  	0.030000	0.26717   	0.030000	0.00196074	
0.035000	0.289836  	0.035000	0.289836  	0.035000	0.305249  	0.035000	0.305249  	0.035000	0.288106  	0.035000	0.00173092	
0.040000	0.307379  	0.040000	0.307379  	0.040000	0.312222  	0.040000	0.312222  	0.040000	0.305826  	0.040000	0.00155267	
0.045000	0.32204   	0.045000	0.32204   	0.045000	0.317887  	0.045000	0.317887  	0.045000	0.32063   	0.045000	0.00141004	
0.050000	0.334076  	0.050000	0.334076  	0.050000	0.322502  	0.050000	0.322502  	0.050000	0.332783  	0.050000	0.0012931 	
0.055000	0.343734  	0.055000	0.343734  	0.055000	0.326254  	0.055000	0.326254  	0.055000	0.342539  	0.055000	0.00119533	
0.060000	0.351259  	0.060000	0.351259  	0.060000	0.329282  	0.060000	0.329282  	0.060000	0.350146  	0.060000	0.00111228	
0.070000	0.360881  	0.070000	0.360881  	0.070000	0.333582  	0.070000	0.333582  	0.070000	0.359903  	0.070000	0.000978524	
0.080000	0.364814  	0.080000	0.364814  	0.080000	0.336048  	0.080000	0.336048  	0.080000	0.363939  	0.080000	0.000875267	
0.090000	0.364713  	0.090000	0.364713  	0.090000	0.337129  	0.090000	0.337129  	0.090000	0.36392   	0.090000	0.000792958	
0.100000	0.361936  	0.100000	0.361936  	0.100000	0.337157  	0.100000	0.337157  	0.100000	0.361211  	0.100000	0.000725692	
0.120000	0.3522    	0.120000	0.3522    	0.120000	0.335006  	0.120000	0.335006  	0.120000	0.351578  	0.120000	0.000622091	
0.140000	0.340703  	0.140000	0.340703  	0.140000	0.331     	0.140000	0.331     	0.140000	0.340158  	0.140000	0.000545793	
0.160000	0.329619  	0.160000	0.329619  	0.160000	0.325976  	0.160000	0.325976  	0.160000	0.329132  	0.160000	0.000487098	
0.180000	0.31963   	0.180000	0.31963   	0.180000	0.320425  	0.180000	0.320425  	0.180000	0.319189  	0.180000	0.000440447	
0.200000	0.310787  	0.200000	0.310787  	0.200000	0.31463   	0.200000	0.31463   	0.200000	0.310385  	0.200000	0.000402418	
0.250000	0.292534  	0.250000	0.292534  	0.250000	0.299965  	0.250000	0.299965  	0.250000	0.292202  	0.250000	0.000332126	
0.300000	0.277628  	0.300000	0.277628  	0.300000	0.285732  	0.300000	0.285732  	0.300000	0.277344  	0.300000	0.00028371	
0.350000	0.264487  	0.350000	0.264487  	0.350000	0.272234  	0.350000	0.272234  	0.350000	0.264239  	0.350000	0.000248209	
0.400000	0.252451  	0.400000	0.252451  	0.400000	0.259567  	0.400000	0.259567  	0.400000	0.25223   	0.400000	0.000220995	
0.450000	0.241274  	0.450000	0.241274  	0.450000	0.24776   	0.450000	0.24776   	0.450000	0.241075  	0.450000	0.000199428	
0.500000	0.230861  	0.500000	0.230861  	0.500000	0.236805  	0.500000	0.236805  	0.500000	0.230679  	0.500000	0.000181891	
0.600000	0.212151  	0.600000	0.212151  	0.600000	0.217306  	0.600000	0.217306  	0.600000	0.211996  	0.600000	0.000155046	
0.700000	0.195996  	0.700000	0.195996  	0.700000	0.200666  	0.700000	0.200666  	0.700000	0.195861  	0.700000	0.000135411	
0.800000	0.18205   	0.800000	0.18205   	0.800000	0.18642   	0.800000	0.18642   	0.800000	0.181929  	0.800000	0.00012039	
0.900000	0.169961  	0.900000	0.169961  	0.900000	0.174142  	0.900000	0.174142  	0.900000	0.169852  	0.900000	0.000108508	
1.000000	0.159416  	1.000000	0.159416  	1.000000	0.16347   	1.000000	0.16347   	1.000000	0.159317  	1.000000	9.88601e-05	
1.250000	0.138196  	1.250000	0.138196  	1.250000	0.142059  	1.250000	0.142059  	1.250000	0.138115  	1.250000	8.11263e-05	
1.500000	0.122173  	1.500000	0.122173  	1.500000	0.125907  	1.500000	0.125907  	1.500000	0.122104  	1.500000	6.89931e-05	
1.750000	0.109624  	1.750000	0.109624  	1.750000	0.113243  	1.750000	0.113243  	1.750000	0.109564  	1.750000	6.01427e-05	
2.000000	0.0995105 	2.000000	0.0995105 	2.000000	0.103018  	2.000000	0.103018  	2.000000	0.0994571 	2.000000	5.33872e-05	
2.250000	0.0911746 	2.250000	0.0911746 	2.250000	0.0945716 	2.250000	0.0945716 	2.250000	0.0911266 	2.250000	4.8053e-05	
2.500000	0.0827683 	2.500000	0.0841797 	2.500000	0.0874692 	2.500000	0.0874692 	2.500000	0.084136  	2.500000	4.37289e-05	
3.000000	0.0722442 	3.000000	0.0730879 	3.000000	0.0761745 	3.000000	0.0761745 	3.000000	0.0730508 	3.000000	3.71347e-05	
3.500000	0.0642665 	3.500000	0.0646809 	3.500000	0.0675837 	3.500000	0.0675837 	3.500000	0.0646486 	3.500000	3.23326e-05	
4.000000	0.0579923 	4.000000	0.0580846 	4.000000	0.0608232 	4.000000	0.0608232 	4.000000	0.0580559 	4.000000	2.86722e-05	
4.500000	0.0529176 	4.500000	0.0527678 	4.500000	0.0553602 	4.500000	0.0553602 	4.500000	0.052742  	4.500000	2.57853e-05	
5.000000	0.0487214 	5.000000	0.0483883 	5.000000	0.0508506 	5.000000	0.0508506 	5.000000	0.0483648 	5.000000	2.34473e-05	
5.500000	0.0451892 	5.500000	0.0447159 	5.500000	0.047062  	5.500000	0.047062  	5.500000	0.0446944 	5.500000	2.15136e-05	
6.000000	0.0421718 	6.000000	0.0415902 	6.000000	0.0438319 	6.000000	0.0438319 	6.000000	0.0415703 	6.000000	1.98864e-05	
6.500000	0.039562  	6.500000	0.0388958 	6.500000	0.0410435 	6.500000	0.0410435 	6.500000	0.0388773 	6.500000	1.84973e-05	
7.000000	0.0372809 	7.000000	0.0365479 	7.000000	0.0386104 	7.000000	0.0386104 	7.000000	0.0365306 	7.000000	1.72969e-05	
7.500000	0.0352687 	7.500000	0.0344825 	7.500000	0.0364674 	7.500000	0.0364674 	7.500000	0.0344662 	7.500000	1.62488e-05	
8.000000	0.0334796 	8.000000	0.0326505 	8.000000	0.0345645 	8.000000	0.0345645 	8.000000	0.0326352 	8.000000	1.53254e-05	
8.500000	0.0318778 	8.500000	0.0310138 	8.500000	0.0328628 	8.500000	0.0328628 	8.500000	0.0309993 	8.500000	1.45053e-05	
9.000000	0.0304347 	9.000000	0.0295421 	9.000000	0.0313311 	9.000000	0.0313311 	9.000000	0.0295283 	9.000000	1.3772e-05	
9.500000	0.0291274 	9.500000	0.0282111 	9.500000	0.0299447 	9.500000	0.0299447 	9.500000	0.028198  	9.500000	1.31121e-05	
10.000000	0.0279372 	10.000000	0.0278879 	10.000000	0.0286833 	10.000000	0.0286833 	10.000000	0.0278754 	10.000000	1.25151e-05	
11.000000	0.0258492 	11.000000	0.0258428 	11.000000	0.0264279 	11.000000	0.0264293 	11.000000	0.0258313 	11.000000	1.14763e-05	
12.000000	0.024076  	12.000000	0.0240977 	12.000000	0.0245205 	12.000000	0.0245229 	12.000000	0.0240871 	12.000000	1.06027e-05	
13.000000	0.0225502 	13.000000	0.0225901 	13.000000	0.0228864 	13.000000	0.0228891 	13.000000	0.0225803 	13.000000	9.85744e-06	
14.000000	0.0212225 	14.000000	0.021274  	14.000000	0.0214706 	14.000000	0.0214732 	14.000000	0.0212648 	14.000000	9.21377e-06	
15.000000	0.0200561 	15.000000	0.0201146 	15.000000	0.0202318 	15.000000	0.0202343 	15.000000	0.0201059 	15.000000	8.65204e-06	
16.000000	0.0190227 	16.000000	0.0190849 	16.000000	0.0191389 	16.000000	0.0191414 	16.000000	0.0190768 	16.000000	8.15734e-06	
17.000000	0.0181004 	17.000000	0.0181641 	17.000000	0.018168  	17.000000	0.0181702 	17.000000	0.0181564 	17.000000	7.71822e-06	
18.000000	0.0172719 	18.000000	0.0173355 	18.000000	0.0173    	18.000000	0.0173016 	18.000000	0.0173282 	18.000000	7.32568e-06	
19.000000	0.0165234 	19.000000	0.0165857 	19.000000	0.0165193 	19.000000	0.0165205 	19.000000	0.0165788 	19.000000	6.97261e-06	
20.000000	0.0158435 	20.000000	0.0159038 	20.000000	0.0158132 	20.000000	0.0158144 	20.000000	0.0158972 	20.000000	6.65327e-06	
21.000000	0.0152231 	21.000000	0.0152809 	21.000000	0.0151721 	21.000000	0.0151734 	21.000000	0.0152745 	21.000000	6.36297e-06	
22.000000	0.0146545 	22.000000	0.0147095 	22.000000	0.0145879 	22.000000	0.0145889 	22.000000	0.0147034 	22.000000	6.09789e-06	
23.000000	0.0141315 	23.000000	0.0141833 	23.000000	0.0140539 	23.000000	0.0140542 	23.000000	0.0141774 	23.000000	5.85483e-06	
24.000000	0.0136486 	24.000000	0.0136971 	24.000000	0.0135636 	24.000000	0.0135632 	24.000000	0.0136915 	24.000000	5.63113e-06	
25.000000	0.0132013 	25.000000	0.0132465 	25.000000	0.0131122 	25.000000	0.0131112 	25.000000	0.0132411 	25.000000	5.42453e-06	
27.000000	0.0123986 	27.000000	0.0124372 	27.000000	0.0123099 	27.000000	0.0123073 	27.000000	0.0124322 	27.000000	5.05526e-06	
29.000000	0.0116984 	29.000000	0.0117307 	29.000000	0.0116184 	29.000000	0.0116152 	29.000000	0.0117259 	29.000000	4.73475e-06	
31.000000	0.0110819 	31.000000	0.0111082 	31.000000	0.0110105 	31.000000	0.0110071 	31.000000	0.0111038 	31.000000	4.45385e-06	
33.000000	0.0105348 	33.000000	0.0105556 	33.000000	0.0104667 	33.000000	0.0104623 	33.000000	0.0105513 	33.000000	4.20555e-06	
35.000000	0.0100457 	35.000000	0.0100613 	35.000000	0.00997912	35.000000	0.0099749 	35.000000	0.0100574 	35.000000	3.98443e-06	
38.000000	0.00940179	38.000000	0.00941062	38.000000	0.00933781	38.000000	0.00933291	38.000000	0.00940692	38.000000	3.69458e-06	
41.000000	0.0088456 	41.000000	0.00884855	41.000000	0.00878306	41.000000	0.00877807	41.000000	0.0088451 	41.000000	3.44541e-06	
44.000000	0.00836003	44.000000	0.00835795	44.000000	0.0082979 	44.000000	0.00829347	44.000000	0.00835472	44.000000	3.22882e-06	
47.000000	0.00793219	47.000000	0.00792584	47.000000	0.00787142	47.000000	0.00786639	47.000000	0.0079228 	47.000000	3.03875e-06	
50.000000	0.00755218	50.000000	0.00754223	50.000000	0.00749208	50.000000	0.007487  	50.000000	0.00753936	50.000000	2.87055e-06	
55.000000	0.00700482	55.000000	0.00699012	55.000000	0.00694606	55.000000	0.00694053	55.000000	0.0069875 	55.000000	2.62938e-06	
60.000000	0.00654266	60.000000	0.00652453	60.000000	0.00648433	60.000000	0.00647925	60.000000	0.00652211	60.000000	2.42682e-06	
65.000000	0.00614691	65.000000	0.00612639	65.000000	0.00608964	65.000000	0.00608443	65.000000	0.00612413	65.000000	2.2542e-06	
70.000000	0.00580394	70.000000	0.00578186	70.000000	0.00574779	70.000000	0.0057425 	70.000000	0.00577976	70.000000	2.10528e-06	
75.000000	0.00550365	75.000000	0.00548071	75.000000	0.00544825	75.000000	0.00544337	75.000000	0.00547873	75.000000	1.97543e-06	
80.000000	0.00523838	80.000000	0.00521513	80.000000	0.00518471	80.000000	0.00517941	80.000000	0.00521326	80.000000	1.86118e-06	
85.000000	0.00500222	85.000000	0.0049791 	85.000000	0.0049497 	85.000000	0.00494467	85.000000	0.00497734	85.000000	1.75984e-06	
90.000000	0.00479052	90.000000	0.00476792	90.000000	0.00473932	90.000000	0.00473451	90.000000	0.00476625	90.000000	1.66932e-06	
95.000000	0.00459959	95.000000	0.00457781	95.000000	0.00455038	95.000000	0.00454523	95.000000	0.00457622	95.000000	1.58796e-06	
100.000000	0.00442645	100.000000	0.00440574	100.000000	0.00437876	100.000000	0.00437383	100.000000	0.00440422	100.000000	1.51442e-06	
105.000000	0.00426867	105.000000	0.00424923	105.000000	0.0042226 	105.000000	0.00421788	105.000000	0.00424779	105.000000	1.44761e-06	
110.000000	0.00412424	110.000000	0.00410625	110.000000	0.00407984	110.000000	0.00407535	110.000000	0.00410487	110.000000	1.38664e-06	
115.000000	0.0039915 	115.000000	0.0039751 	115.000000	0.00394922	115.000000	0.00394457	115.000000	0.00397377	115.000000	1.33076e-06	
120.000000	0.00386904	120.000000	0.00385436	120.000000	0.00382888	120.000000	0.00382414	120.000000	0.00385308	120.000000	1.27936e-06	
125.000000	0.00375569	125.000000	0.00374282	125.000000	0.00371736	125.000000	0.00371286	125.000000	0.00374159	125.000000	1.23192e-06	
130.000000	0.00365045	130.000000	0.00363947	130.000000	0.0036141 	130.000000	0.00360973	130.000000	0.00363828	130.000000	1.18798e-06	
135.000000	0.00355245	135.000000	0.00354343	135.000000	0.00351844	135.000000	0.00351388	135.000000	0.00354228	135.000000	1.14717e-06	
140.000000	0.00346095	140.000000	0.00345394	140.000000	0.00342914	140.000000	0.00342456	140.000000	0.00345283	140.000000	1.10917e-06	
145.000000	0.00337531	145.000000	0.00337035	145.000000	0.00334553	145.000000	0.00334112	145.000000	0.00336928	145.000000	1.07369e-06	
150.000000	0.00329497	150.000000	0.0032921 	150.000000	0.0032673 	150.000000	0.003263  	150.000000	0.00329106	150.000000	1.04048e-06	
155.000000	0.00318184	155.000000	0.00321868	155.000000	0.00319385	155.000000	0.0031897 	155.000000	0.00321767	155.000000	1.00933e-06	
160.000000	0.00311554	160.000000	0.00314966	160.000000	0.00312491	160.000000	0.00312079	160.000000	0.00314868	160.000000	9.80052e-07	
165.000000	0.00305301	165.000000	0.00308466	165.000000	0.00306017	165.000000	0.0030559 	165.000000	0.00308371	165.000000	9.52483e-07	
170.000000	0.00299394	170.000000	0.00302333	170.000000	0.00299895	170.000000	0.00299467	170.000000	0.0030224 	170.000000	9.26474e-07	
175.000000	0.00293806	175.000000	0.00296537	175.000000	0.00294096	175.000000	0.0029368 	175.000000	0.00296446	175.000000	9.01895e-07	
180.000000	0.00288509	180.000000	0.0029105 	180.000000	0.0028861 	180.000000	0.00288203	180.000000	0.00290962	180.000000	8.78629e-07	
185.000000	0.00283482	185.000000	0.00285849	185.000000	0.00283409	185.000000	0.00283012	185.000000	0.00285763	185.000000	8.56573e-07	
190.000000	0.00278705	190.000000	0.00280912	190.000000	0.00278471	190.000000	0.00278084	190.000000	0.00280828	190.000000	8.35635e-07	
195.000000	0.00274159	195.000000	0.00276219	195.000000	0.0027379 	195.000000	0.002734  	195.000000	0.00276137	195.000000	8.15729e-07	
200.000000	0.00269827	200.000000	0.00271752	200.000000	0.00269344	200.000000	0.00268944	200.000000	0.00271672	200.000000	7.96781e-07	
210.000000	0.00261748	210.000000	0.00263436	210.000000	0.00261041	210.000000	0.00260647	210.000000	0.0026336 	210.000000	7.61492e-07	
220.000000	0.00254365	220.000000	0.00255852	220.000000	0.00253464	220.000000	0.00253084	220.000000	0.00255779	220.000000	7.29293e-07	
230.000000	0.0024759 	230.000000	0.00248908	230.000000	0.00246526	230.000000	0.00246162	230.000000	0.00248838	230.000000	6.99791e-07	
240.000000	0.0024135 	240.000000	0.00242527	240.000000	0.00240177	240.000000	0.00239803	240.000000	0.00242459	240.000000	6.72658e-07	
250.000000	0.00235585	250.000000	0.00236642	250.000000	0.00234317	250.000000	0.00233941	250.000000	0.00236578	250.000000	6.47616e-07	
260.000000	0.00230242	260.000000	0.002312  	260.000000	0.00228886	260.000000	0.00228523	260.000000	0.00231137	260.000000	6.2443e-07	
270.000000	0.00225276	270.000000	0.00226151	270.000000	0.00223852	270.000000	0.00223499	270.000000	0.00226091	270.000000	6.02899e-07	
280.000000	0.00220649	280.000000	0.00221456	280.000000	0.00219174	280.000000	0.00218829	280.000000	0.00221398	280.000000	5.8285e-07	
290.000000	0.00216327	290.000000	0.00217079	290.000000	0.00214833	290.000000	0.00214478	290.000000	0.00217022	290.000000	5.64134e-07	
300.000000	0.00212281	300.000000	0.00212988	300.000000	0.0021077 	300.000000	0.00210414	300.000000	0.00212934	300.000000	5.46619e-07	
310.000000	0.00208485	310.000000	0.00209158	310.000000	0.00206957	310.000000	0.00206611	310.000000	0.00209105	310.000000	5.30194e-07	
320.000000	0.00204918	320.000000	0.00205565	320.000000	0.00203384	320.000000	0.00203045	320.000000	0.00205513	320.000000	5.14759e-07	
330.000000	0.00201559	330.000000	0.00202187	330.000000	0.00200025	330.000000	0.00199694	330.000000	0.00202137	330.000000	5.00224e-07	
340.000000	0.00198391	340.000000	0.00199006	340.000000	0.00196869	340.000000	0.00196541	340.000000	0.00198958	340.000000	4.86515e-07	
350.000000	0.00195398	350.000000	0.00196006	350.000000	0.00193905	350.000000	0.00193569	350.000000	0.00195959	350.000000	4.7356e-07	
360.000000	0.00192567	360.000000	0.00193173	360.000000	0.00191101	360.000000	0.00190763	360.000000	0.00193127	360.000000	4.61299e-07	
370.000000	0.00189884	370.000000	0.00190492	370.000000	0.00188442	370.000000	0.0018811 	370.000000	0.00190447	370.000000	4.49677e-07	
380.000000	0.00187339	380.000000	0.00187953	380.000000	0.00185924	380.000000	0.00185599	380.000000	0.0018791 	380.000000	4.38645e-07	
390.000000	0.00184922	390.000000	0.00185545	390.000000	0.00183539	390.000000	0.00183218	390.000000	0.00185502	390.000000	4.28158e-07	
400.000000	0.00182623	400.000000	0.00183258	400.000000	0.00181273	400.000000	0.00180958	400.000000	0.00183217	400.000000	4.18176e-07	
410.000000	0.00180435	410.000000	0.00181084	410.000000	0.00179122	410.000000	0.00178811	410.000000	0.00181044	410.000000	4.08665e-07	
420.000000	0.00178349	420.000000	0.00179015	420.000000	0.00177085	420.000000	0.00176769	420.000000	0.00178975	420.000000	3.9959e-07	
430.000000	0.00176359	430.000000	0.00177044	430.000000	0.00175145	430.000000	0.00174824	430.000000	0.00177005	430.000000	3.90922e-07	
440.000000	0.00174459	440.000000	0.00175164	440.000000	0.0017329 	440.000000	0.0017297 	440.000000	0.00175126	440.000000	3.82634e-07	
450.000000	0.00172643	450.000000	0.00173369	450.000000	0.00171515	450.000000	0.00171201	450.000000	0.00173332	450.000000	3.74701e-07	
460.000000	0.00170906	460.000000	0.00171655	460.000000	0.00169821	460.000000	0.00169511	460.000000	0.00171618	460.000000	3.67101e-07	
470.000000	0.00169243	470.000000	0.00170015	470.000000	0.00168203	470.000000	0.00167896	470.000000	0.00169979	470.000000	3.59813e-07	
480.000000	0.00167649	480.000000	0.00168446	480.000000	0.00166654	480.000000	0.00166351	480.000000	0.00168411	480.000000	3.52817e-07	
490.000000	0.00166122	490.000000	0.00166944	490.000000	0.0016517 	490.000000	0.00164871	490.000000	0.00166909	490.000000	3.46097e-07	
500.000000	0.00164656	500.000000	0.00165503	500.000000	0.0016375 	500.000000	0.00163453	500.000000	0.00165469	500.000000	3.39637e-07	
520.000000	0.00161895	520.000000	0.00162796	520.000000	0.00161093	520.000000	0.00160789	520.000000	0.00162763	520.000000	3.27435e-07	
540.000000	0.00159345	540.000000	0.00160299	540.000000	0.00158637	540.000000	0.00158332	540.000000	0.00160267	540.000000	3.16106e-07	
560.000000	0.00156982	560.000000	0.0015799 	560.000000	0.00156359	560.000000	0.00156061	560.000000	0.0015796 	560.000000	3.05558e-07	
580.000000	0.00154788	580.000000	0.00155851	580.000000	0.0015425 	580.000000	0.00153957	580.000000	0.00155821	580.000000	2.95712e-07	
600.000000	0.00152748	600.000000	0.00153865	600.000000	0.00152291	600.000000	0.00152004	600.000000	0.00153836	600.000000	2.865e-07 	
620.000000	0.00150847	620.000000	0.00152017	620.000000	0.0015047 	620.000000	0.00150186	620.000000	0.00151989	620.000000	2.77862e-07	
640.000000	0.00149072	640.000000	0.00150294	640.000000	0.0014878 	640.000000	0.00148492	640.000000	0.00150267	640.000000	2.69745e-07	
660.000000	0.00147414	660.000000	0.00148687	660.000000	0.00147202	660.000000	0.0014691 	660.000000	0.00148661	660.000000	2.62104e-07	
680.000000	0.00145862	680.000000	0.00147184	680.000000	0.00145719	680.000000	0.0014543 	680.000000	0.00147159	680.000000	2.54896e-07	
700.000000	0.00144408	700.000000	0.00145778	700.000000	0.00144328	700.000000	0.00144044	700.000000	0.00145753	700.000000	2.48086e-07	
720.000000	0.00143043	720.000000	0.0014446 	720.000000	0.00143025	720.000000	0.00142743	720.000000	0.00144435	720.000000	2.41642e-07	
740.000000	0.00141762	740.000000	0.00143223	740.000000	0.001418  	740.000000	0.00141522	740.000000	0.00143199	740.000000	2.35533e-07	
760.000000	0.00140557	760.000000	0.00142061	760.000000	0.00140647	760.000000	0.00140373	760.000000	0.00142038	760.000000	2.29736e-07	
780.000000	0.00139424	780.000000	0.00140968	780.000000	0.00139563	780.000000	0.00139291	780.000000	0.00140945	780.000000	2.24225e-07	
800.000000	0.00138356	800.000000	0.0013994 	800.000000	0.00138545	800.000000	0.00138271	800.000000	0.00139918	800.000000	2.18981e-07	
820.000000	0.00137351	820.000000	0.00138971	820.000000	0.00137586	820.000000	0.00137309	820.000000	0.0013895 	820.000000	2.13984e-07	
840.000000	0.00136402	840.000000	0.00138058	840.000000	0.00136679	840.000000	0.00136399	840.000000	0.00138037	840.000000	2.09217e-07	
860.000000	0.00135508	860.000000	0.00137197	860.000000	0.00135817	860.000000	0.00135539	860.000000	0.00137176	860.000000	2.04664e-07	
880.000000	0.00134663	880.000000	0.00136384	880.000000	0.00135001	880.000000	0.00134726	880.000000	0.00136364	880.000000	2.0031e-07	
900.000000	0.00133866	900.000000	0.00135616	900.000000	0.00134227	900.000000	0.00133955	900.000000	0.00135597	900.000000	1.96144e-07	
920.000000	0.00133113	920.000000	0.00134891	920.000000	0.00133493	920.000000	0.00133224	920.000000	0.00134871	920.000000	1.92153e-07	
940.000000	0.00132401	940.000000	0.00134205	940.000000	0.00132798	940.000000	0.0013253 	940.000000	0.00134186	940.000000	1.88326e-07	
960.000000	0.00131728	960.000000	0.00133556	960.000000	0.00132138	960.000000	0.00131872	960.000000	0.00133538	960.000000	1.84653e-07	
980.000000	0.00131092	980.000000	0.00132943	980.000000	0.00131511	980.000000	0.00131246	980.000000	0.00132925	980.000000	1.81125e-07	
1000.000000	0.00130491	1000.000000	0.00132362	1000.000000	0.00130915	1000.000000	0.00130652	1000.000000	0.00132344	1000.000000	1.77733e-07	
1020.000000	0.00129923	1020.000000	0.00131813	1020.000000	0.00130347	1020.000000	0.00130086	1020.000000	0.00131795	1020.000000	1.7447e-07	
1040.000000	0.00129385	1040.000000	0.00131292	1040.000000	0.00129807	1040.000000	0.00129547	1040.000000	0.00131275	1040.000000	1.71328e-07	
1060.000000	0.00128878	1060.000000	0.001308  	1060.000000	0.00129291	1060.000000	0.00129034	1060.000000	0.00130783	1060.000000	1.683e-07 	
1080.000000	0.00128397	1080.000000	0.00130333	1080.000000	0.00128801	1080.000000	0.00128546	1080.000000	0.00130317	1080.000000	1.65381e-07	
1100.000000	0.00127944	1100.000000	0.00129891	1100.000000	0.00128334	1100.000000	0.0012808 	1100.000000	0.00129875	1100.000000	1.62565e-07	
1120.000000	0.00127515	1120.000000	0.00129473	1120.000000	0.0012789 	1120.000000	0.00127635	1120.000000	0.00129457	1120.000000	1.59845e-07	
1140.000000	0.0012711 	1140.000000	0.00129077	1140.000000	0.00127467	1140.000000	0.00127211	1140.000000	0.00129062	1140.000000	1.57218e-07	
1160.000000	0.00126728	1160.000000	0.00128702	1160.000000	0.00127064	1160.000000	0.00126806	1160.000000	0.00128687	1160.000000	1.54679e-07	
1180.000000	0.00126368	1180.000000	0.00128348	1180.000000	0.00126679	1180.000000	0.00126419	1180.000000	0.00128333	1180.000000	1.52223e-07	
1200.000000	0.00126028	1200.000000	0.00128012	1200.000000	0.00126311	1200.000000	0.00126049	1200.000000	0.00127997	1200.000000	1.49845e-07	
1220.000000	0.00125708	1220.000000	0.00127695	1220.000000	0.00125958	1220.000000	0.00125696	1220.000000	0.0012768 	1220.000000	1.47544e-07	
1240.000000	0.00125407	1240.000000	0.00127394	1240.000000	0.00125619	1240.000000	0.00125358	1240.000000	0.0012738 	1240.000000	1.45314e-07	
1260.000000	0.00125124	1260.000000	0.00127111	1260.000000	0.00125295	1260.000000	0.00125035	1260.000000	0.00127096	1260.000000	1.43152e-07	
1280.000000	0.00124857	1280.000000	0.00126843	1280.000000	0.00124985	1280.000000	0.00124726	1280.000000	0.00126829	1280.000000	1.41056e-07	
1300.000000	0.00124608	1300.000000	0.0012659 	1300.000000	0.00124687	1300.000000	0.00124431	1300.000000	0.00126576	1300.000000	1.39022e-07	
1320.000000	0.00124374	1320.000000	0.00126351	1320.000000	0.00124403	1320.000000	0.00124147	1320.000000	0.00126337	1320.000000	1.37048e-07	
1340.000000	0.00124155	1340.000000	0.00126126	1340.000000	0.00124131	1340.000000	0.00123876	1340.000000	0.00126113	1340.000000	1.3513e-07	
1360.000000	0.0012395 	1360.000000	0.00125914	1360.000000	0.0012387 	1360.000000	0.00123617	1360.000000	0.00125901	1360.000000	1.33267e-07	
1380.000000	0.00123759	1380.000000	0.00125715	1380.000000	0.00123621	1380.000000	0.00123368	1380.000000	0.00125702	1380.000000	1.31457e-07	
1400.000000	0.00123582	1400.000000	0.00125528	1400.000000	0.00123382	1400.000000	0.0012313 	1400.000000	0.00125515	1400.000000	1.29696e-07	
1420.000000	0.00123417	1420.000000	0.00125352	1420.000000	0.00123153	1420.000000	0.00122901	1420.000000	0.0012534 	1420.000000	1.27984e-07	
1440.000000	0.00123265	1440.000000	0.00125188	1440.000000	0.00122933	1440.000000	0.00122683	1440.000000	0.00125175	1440.000000	1.26317e-07	
1460.000000	0.00123125	1460.000000	0.00125034	1460.000000	0.00122722	1460.000000	0.00122473	1460.000000	0.00125021	1460.000000	1.24694e-07	
1480.000000	0.00122996	1480.000000	0.0012489 	1480.000000	0.0012252 	1480.000000	0.00122272	1480.000000	0.00124878	1480.000000	1.23114e-07	
1500.000000	0.00122878	1500.000000	0.00124756	1500.000000	0.00122326	1500.000000	0.00122079	1500.000000	0.00124744	1500.000000	1.21575e-07	
1520.000000	0.0012277 	1520.000000	0.00124631	1520.000000	0.0012214 	1520.000000	0.00121894	1520.000000	0.00124619	1520.000000	1.20075e-07	
1540.000000	0.00122673	1540.000000	0.00124516	1540.000000	0.00121962	1540.000000	0.00121717	1540.000000	0.00124504	1540.000000	1.18612e-07	
1560.000000	0.00122586	1560.000000	0.00124409	1560.000000	0.00121792	1560.000000	0.00121546	1560.000000	0.00124397	1560.000000	1.17186e-07	
1580.000000	0.00122508	1580.000000	0.0012431 	1580.000000	0.00121628	1580.000000	0.00121383	1580.000000	0.00124299	1580.000000	1.15795e-07	
1600.000000	0.00122439	1600.000000	0.0012422 	1600.000000	0.00121472	1600.000000	0.00121227	1600.000000	0.00124208	1600.000000	1.14437e-07	
1620.000000	0.00122379	1620.000000	0.00124137	1620.000000	0.00121322	1620.000000	0.00121077	1620.000000	0.00124126	1620.000000	1.13112e-07	
1640.000000	0.00122328	1640.000000	0.00124062	1640.000000	0.00121179	1640.000000	0.00120933	1640.000000	0.00124051	1640.000000	1.11818e-07	
1660.000000	0.00122285	1660.000000	0.00123994	1660.000000	0.00121041	1660.000000	0.00120795	1660.000000	0.00123983	1660.000000	1.10554e-07	
1680.000000	0.0012225 	1680.000000	0.00123933	1680.000000	0.0012091 	1680.000000	0.00120663	1680.000000	0.00123922	1680.000000	1.09319e-07	
1700.000000	0.00122222	1700.000000	0.00123879	1700.000000	0.00120784	1700.000000	0.00120536	1700.000000	0.00123868	1700.000000	1.08113e-07	
1750.000000	0.00122186	1750.000000	0.00123771	1750.000000	0.00120491	1750.000000	0.0012024 	1750.000000	0.0012376 	1750.000000	1.05213e-07	
1800.000000	0.00122194	1800.000000	0.001237  	1800.000000	0.00120226	1800.000000	0.00119975	1800.000000	0.0012369 	1800.000000	1.02469e-07	
1850.000000	0.00122241	1850.000000	0.00123664	1850.000000	0.00119987	1850.000000	0.00119736	1850.000000	0.00123654	1850.000000	9.98686e-08	
1900.000000	0.00122326	1900.000000	0.00123659	1900.000000	0.00119772	1900.000000	0.00119522	1900.000000	0.00123649	1900.000000	9.74008e-08	
1950.000000	0.00122445	1950.000000	0.00123683	1950.000000	0.00119578	1950.000000	0.00119329	1950.000000	0.00123674	1950.000000	9.50554e-08	
2000.000000	0.00122597	2000.000000	0.00123734	2000.000000	0.00119404	2000.000000	0.00119157	2000.000000	0.00123725	2000.000000	9.28236e-08	
2100.000000	0.0012299 	2100.000000	0.0012391 	2100.000000	0.00119112	2100.000000	0.00118867	2100.000000	0.00123901	2100.000000	8.86687e-08	
2200.000000	0.00123489	2200.000000	0.00124172	2200.000000	0.00118882	2200.000000	0.00118639	2200.000000	0.00124163	2200.000000	8.48797e-08	
2300.000000	0.00124082	2300.000000	0.00124509	2300.000000	0.00118705	2300.000000	0.00118463	2300.000000	0.00124501	2300.000000	8.141e-08 	
2400.000000	0.00124759	2400.000000	0.00124912	2400.000000	0.00118573	2400.000000	0.00118332	2400.000000	0.00124904	2400.000000	7.82204e-08	
2500.000000	0.00125512	2500.000000	0.00125373	2500.000000	0.00118478	2500.000000	0.00118238	2500.000000	0.00125365	2500.000000	7.5278e-08	
2600.000000	0.00126332	2600.000000	0.00125885	2600.000000	0.00118415	2600.000000	0.00118177	2600.000000	0.00125878	2600.000000	7.25549e-08	
2700.000000	0.00127213	2700.000000	0.00126442	2700.000000	0.00118381	2700.000000	0.00118144	2700.000000	0.00126435	2700.000000	7.00273e-08	
2800.000000	0.00128151	2800.000000	0.0012704 	2800.000000	0.0011837 	2800.000000	0.00118134	2800.000000	0.00127034	2800.000000	6.76746e-08	
2900.000000	0.0012914 	2900.000000	0.00127674	2900.000000	0.0011838 	2900.000000	0.00118145	2900.000000	0.00127668	2900.000000	6.54792e-08	
3000.000000	0.00130176	3000.000000	0.00128341	3000.000000	0.00118408	3000.000000	0.00118173	3000.000000	0.00128335	3000.000000	6.34256e-08	
3200.000000	0.00132374	3200.000000	0.00129759	3200.000000	0.00118508	3200.000000	0.00118273	3200.000000	0.00129753	3200.000000	5.96918e-08	
3400.000000	0.00134723	3400.000000	0.00131274	3400.000000	0.00118654	3400.000000	0.00118419	3400.000000	0.00131269	3400.000000	5.63841e-08	
3600.000000	0.00137203	3600.000000	0.00132869	3600.000000	0.00118835	3600.000000	0.00118599	3600.000000	0.00132863	3600.000000	5.34329e-08	
3800.000000	0.00139799	3800.000000	0.0013453 	3800.000000	0.0011904 	3800.000000	0.00118805	3800.000000	0.00134525	3800.000000	5.07831e-08	
4000.000000	0.00142498	4000.000000	0.00136247	4000.000000	0.00119265	4000.000000	0.0011903 	4000.000000	0.00136242	4000.000000	4.83904e-08	
4200.000000	0.00145292	4200.000000	0.00138012	4200.000000	0.00119503	4200.000000	0.00119269	4200.000000	0.00138008	4200.000000	4.62187e-08	
4400.000000	0.00148171	4400.000000	0.00139818	4400.000000	0.00119752	4400.000000	0.00119518	4400.000000	0.00139814	4400.000000	4.42386e-08	
4600.000000	0.00151129	4600.000000	0.00141659	4600.000000	0.00120007	4600.000000	0.00119774	4600.000000	0.00141655	4600.000000	4.24255e-08	
4800.000000	0.0015416 	4800.000000	0.00143531	4800.000000	0.00120267	4800.000000	0.00120035	4800.000000	0.00143527	4800.000000	4.0759e-08	
5000.000000	0.0015726 	5000.000000	0.00145429	5000.000000	0.0012053 	5000.000000	0.00120299	5000.000000	0.00145425	5000.000000	3.92219e-08	
5250.000000	0.00161224	5250.000000	0.00147833	5250.000000	0.00120861	5250.000000	0.00120629	5250.000000	0.00147829	5250.000000	3.74603e-08	
5500.000000	0.00165282	5500.000000	0.00150267	5500.000000	0.00121191	5500.000000	0.0012096 	5500.000000	0.00150264	5500.000000	3.58541e-08	
6000.000000	0.00173658	6000.000000	0.00155211	6000.000000	0.00121845	6000.000000	0.00121615	6000.000000	0.00155208	6000.000000	3.30318e-08	
6500.000000	0.00182352	6500.000000	0.00160232	6500.000000	0.00122484	6500.000000	0.00122254	6500.000000	0.00160229	6500.000000	3.06315e-08	
7000.000000	0.00191338	7000.000000	0.00165309	7000.000000	0.00123102	7000.000000	0.00122873	7000.000000	0.00165307	7000.000000	2.85645e-08	
7500.000000	0.00200599	7500.000000	0.0017043 	7500.000000	0.00123699	7500.000000	0.0012347 	7500.000000	0.00170428	7500.000000	2.67652e-08	
8000.000000	0.0021012 	8000.000000	0.00175584	8000.000000	0.00124273	8000.000000	0.00124044	8000.000000	0.00175581	8000.000000	2.51845e-08	
8500.000000	0.00219891	8500.000000	0.00180762	8500.000000	0.00124824	8500.000000	0.00124596	8500.000000	0.0018076 	8500.000000	2.37845e-08	
9000.000000	0.00229902	9000.000000	0.00185959	9000.000000	0.00125351	9000.000000	0.00125125	9000.000000	0.00185957	9000.000000	2.25356e-08	
9500.000000	0.00240148	9500.000000	0.0019117 	9500.000000	0.00125857	9500.000000	0.00125633	9500.000000	0.00191168	9500.000000	2.14145e-08	
10000.000000	0.00250623	10000.000000	0.00196392	10000.000000	0.00126344	10000.000000	0.00126121	10000.000000	0.0019639 	10000.000000	2.04024e-08	
11000.000000	0.00272244	11000.000000	0.00206855	11000.000000	0.00127263	11000.000000	0.0012704 	11000.000000	0.00206853	11000.000000	1.86465e-08	
12000.000000	0.00294739	12000.000000	0.00217333	12000.000000	0.00128114	12000.000000	0.00127891	12000.000000	0.00217331	12000.000000	1.71755e-08	
13000.000000	0.00318092	13000.000000	0.00227814	13000.000000	0.00128901	13000.000000	0.00128681	13000.000000	0.00227812	13000.000000	1.59246e-08	
14000.000000	0.00342292	14000.000000	0.00238291	14000.000000	0.00129632	14000.000000	0.00129417	14000.000000	0.00238289	14000.000000	1.48475e-08	
15000.000000	0.0036733 	15000.000000	0.00248759	15000.000000	0.00130315	15000.000000	0.00130105	15000.000000	0.00248758	15000.000000	1.39102e-08	
16000.000000	0.00393203	16000.000000	0.00259216	16000.000000	0.00130955	16000.000000	0.0013075 	16000.000000	0.00259214	16000.000000	1.30869e-08	
17000.000000	0.00419907	17000.000000	0.00269658	17000.000000	0.00131559	17000.000000	0.00131357	17000.000000	0.00269657	17000.000000	1.23578e-08	
18000.000000	0.00447441	18000.000000	0.00280086	18000.000000	0.0013213 	18000.000000	0.0013193 	18000.000000	0.00280085	18000.000000	1.17075e-08	
19000.000000	0.00475805	19000.000000	0.00290497	19000.000000	0.00132671	19000.000000	0.00132471	19000.000000	0.00290496	19000.000000	1.11238e-08	
20000.000000	0.00504998	20000.000000	0.00300891	20000.000000	0.00133185	20000.000000	0.00132985	20000.000000	0.0030089 	20000.000000	1.05969e-08	
21000.000000	0.00535023	21000.000000	0.00311269	21000.000000	0.00133673	21000.000000	0.00133473	21000.000000	0.00311268	21000.000000	1.01188e-08	
22000.000000	0.00565881	22000.000000	0.00321629	22000.000000	0.00134135	22000.000000	0.00133938	22000.000000	0.00321628	22000.000000	9.68301e-09	
23000.000000	0.00597574	23000.000000	0.00331972	23000.000000	0.00134571	23000.000000	0.00134382	23000.000000	0.00331971	23000.000000	9.28408e-09	
24000.000000	0.00630104	24000.000000	0.00342298	24000.000000	0.0013499 	24000.000000	0.00134806	24000.000000	0.00342297	24000.000000	8.91749e-09	
25000.000000	0.00663475	25000.000000	0.00352607	25000.000000	0.00135397	25000.000000	0.00135213	25000.000000	0.00352606	25000.000000	8.57944e-09	
26000.000000	0.00697689	26000.000000	0.003629  	26000.000000	0.00135786	26000.000000	0.00135602	26000.000000	0.00362899	26000.000000	8.26668e-09	
27000.000000	0.00732751	27000.000000	0.00373177	27000.000000	0.00136155	27000.000000	0.00135977	27000.000000	0.00373176	27000.000000	7.97647e-09	
28000.000000	0.00768662	28000.000000	0.00383437	28000.000000	0.00136508	28000.000000	0.00136337	28000.000000	0.00383437	28000.000000	7.70642e-09	
29000.000000	0.00805428	29000.000000	0.00393683	29000.000000	0.00136849	29000.000000	0.00136684	29000.000000	0.00393682	29000.000000	7.4545e-09	
30000.000000	0.00843051	30000.000000	0.00403912	30000.000000	0.00137179	30000.000000	0.00137019	30000.000000	0.00403912	30000.000000	7.21892e-09	
32000.000000	0.00920887	32000.000000	0.00424328	32000.000000	0.00137807	32000.000000	0.00137655	32000.000000	0.00424327	32000.000000	6.79077e-09	
34000.000000	0.010022  	34000.000000	0.00444685	34000.000000	0.00138393	34000.000000	0.00138252	34000.000000	0.00444685	34000.000000	6.41167e-09	
36000.000000	0.0108703 	36000.000000	0.00464989	36000.000000	0.00138943	36000.000000	0.00138812	36000.000000	0.00464988	36000.000000	6.07359e-09	
38000.000000	0.0117541 	38000.000000	0.00485239	38000.000000	0.00139462	38000.000000	0.00139342	38000.000000	0.00485239	38000.000000	5.77018e-09	
40000.000000	0.0126737 	40000.000000	0.0050544 	40000.000000	0.00139953	40000.000000	0.00139843	40000.000000	0.0050544 	40000.000000	5.49631e-09	
42000.000000	0.0136296 	42000.000000	0.00525593	42000.000000	0.00140419	42000.000000	0.0014032 	42000.000000	0.00525592	42000.000000	5.24784e-09	
44000.000000	0.014622  	44000.000000	0.005457  	44000.000000	0.00140861	44000.000000	0.00140774	44000.000000	0.00545699	44000.000000	5.02138e-09	
46000.000000	0.0156514 	46000.000000	0.00565763	46000.000000	0.00141282	46000.000000	0.00141208	46000.000000	0.00565762	46000.000000	4.81409e-09	
48000.000000	0.0167182 	48000.000000	0.00585783	48000.000000	0.00141684	48000.000000	0.00141624	48000.000000	0.00585783	48000.000000	4.62363e-09	
50000.000000	0.0178227 	50000.000000	0.00605763	50000.000000	0.0014207 	50000.000000	0.00142024	50000.000000	0.00605762	50000.000000	4.448e-09 	
