*Energy (MeV/u)1	0 - [He-base] F.Hubert et al. AD&ND Tables 46(1990)1	Energy (MeV/u)2	1 - [H -base] J.F.Ziegler et al.Pergamon Press.NY(low energy)	Energy (MeV/u)3	2 - ATIMA 1.2 LS-theory (recommended for high energy)	Energy (MeV/u)4	3 - ATIMA 1.2 without LS-correction	Energy (MeV/u)5	4 - ATIMA 1.4 H.Weick. improved mean charge formula for HI	Energy (MeV/u)6	5 - electrical component of [1] - J.F.Ziegler et al	Energy (MeV/u)7	6 - nuclear component of [1] - J.F.Ziegler et al	
0.001000	0.0467294 	0.001000	0.0530057 	0.001000	0.0676306 	0.001000	0.0676306 	0.001000	0.0676127 	0.001000	0.0483733 	0.001000	0.00463243	
0.002000	0.0568045 	0.002000	0.0650486 	0.002000	0.0783117 	0.002000	0.0783117 	0.002000	0.0783012 	0.002000	0.0616547 	0.002000	0.00339385	
0.005000	0.0754805 	0.005000	0.0869787 	0.005000	0.0962169 	0.005000	0.0962169 	0.005000	0.0962122 	0.005000	0.084966  	0.005000	0.00201266	
0.008000	0.0880681 	0.008000	0.10164   	0.008000	0.107432  	0.008000	0.107432  	0.008000	0.107429  	0.008000	0.100158  	0.008000	0.00148199	
0.010000	0.0948772 	0.010000	0.109567  	0.010000	0.113301  	0.010000	0.113301  	0.010000	0.113298  	0.010000	0.108294  	0.010000	0.00127231	
0.015000	0.114549  	0.015000	0.124703  	0.015000	0.124926  	0.015000	0.124926  	0.015000	0.124924  	0.015000	0.123757  	0.015000	0.000945875	
0.020000	0.130644  	0.020000	0.136526  	0.020000	0.133991  	0.020000	0.133991  	0.020000	0.13399   	0.020000	0.13576   	0.020000	0.000766042	
0.025000	0.143947  	0.025000	0.146088  	0.025000	0.141516  	0.025000	0.141516  	0.025000	0.141515  	0.025000	0.14544   	0.025000	0.000647978	
0.030000	0.154873  	0.030000	0.153944  	0.030000	0.149659  	0.030000	0.149659  	0.030000	0.149658  	0.030000	0.15338   	0.030000	0.000563911	
0.035000	0.163694  	0.035000	0.160429  	0.035000	0.156446  	0.035000	0.156446  	0.035000	0.156446  	0.035000	0.159928  	0.035000	0.000500694	
0.040000	0.170623  	0.040000	0.16577   	0.040000	0.162096  	0.040000	0.162096  	0.040000	0.162096  	0.040000	0.165319  	0.040000	0.000451252	
0.045000	0.175851  	0.045000	0.170136  	0.045000	0.166769  	0.045000	0.166769  	0.045000	0.166768  	0.045000	0.169725  	0.045000	0.000411418	
0.050000	0.179562  	0.050000	0.173656  	0.050000	0.170588  	0.050000	0.170588  	0.050000	0.170588  	0.050000	0.173277  	0.050000	0.000378574	
0.055000	0.181935  	0.055000	0.176434  	0.055000	0.173657  	0.055000	0.173657  	0.055000	0.173657  	0.055000	0.176083  	0.055000	0.000350981	
0.060000	0.183149  	0.060000	0.17856   	0.060000	0.176061  	0.060000	0.176061  	0.060000	0.176061  	0.060000	0.178233  	0.060000	0.000327443	
0.070000	0.182777  	0.070000	0.181152  	0.070000	0.179164  	0.070000	0.179164  	0.070000	0.179164  	0.070000	0.180863  	0.070000	0.000289336	
0.080000	0.179692  	0.080000	0.181939  	0.080000	0.1804    	0.080000	0.1804    	0.080000	0.1804    	0.080000	0.181679  	0.080000	0.000259741	
0.090000	0.174918  	0.090000	0.181328  	0.090000	0.180175  	0.090000	0.180175  	0.090000	0.180175  	0.090000	0.181092  	0.090000	0.000236034	
0.100000	0.169235  	0.100000	0.179651  	0.100000	0.178823  	0.100000	0.178823  	0.100000	0.178823  	0.100000	0.179434  	0.100000	0.000216579	
0.120000	0.157136  	0.120000	0.174121  	0.120000	0.173791  	0.120000	0.173791  	0.120000	0.173791  	0.120000	0.173935  	0.120000	0.000186465	
0.140000	0.145788  	0.140000	0.166945  	0.140000	0.16695   	0.140000	0.16695   	0.140000	0.16695   	0.140000	0.16678   	0.140000	0.000164162	
0.160000	0.135937  	0.160000	0.15913   	0.160000	0.159358  	0.160000	0.159358  	0.160000	0.159358  	0.160000	0.158983  	0.160000	0.000146928	
0.180000	0.127613  	0.180000	0.151284  	0.180000	0.151658  	0.180000	0.151658  	0.180000	0.151658  	0.180000	0.15115   	0.180000	0.000133179	
0.200000	0.120609  	0.200000	0.143745  	0.200000	0.144216  	0.200000	0.144216  	0.200000	0.144216  	0.200000	0.143623  	0.200000	0.000121936	
0.250000	0.107308  	0.250000	0.127119  	0.250000	0.127708  	0.250000	0.127708  	0.250000	0.127708  	0.250000	0.127018  	0.250000	0.000101063	
0.300000	0.0978244 	0.300000	0.113823  	0.300000	0.114447  	0.300000	0.114447  	0.300000	0.114447  	0.300000	0.113737  	0.300000	8.6612e-05	
0.350000	0.090542  	0.350000	0.103294  	0.350000	0.103916  	0.350000	0.103916  	0.350000	0.103916  	0.350000	0.103218  	0.350000	7.5973e-05	
0.400000	0.0846365 	0.400000	0.0948551 	0.400000	0.0954574 	0.400000	0.0954574 	0.400000	0.0954574 	0.400000	0.0947873 	0.400000	6.77908e-05	
0.450000	0.0796664 	0.450000	0.0879627 	0.450000	0.0885357 	0.450000	0.0885357 	0.450000	0.0885357 	0.450000	0.0879014 	0.450000	6.12891e-05	
0.500000	0.0753766 	0.500000	0.0822225 	0.500000	0.0827614 	0.500000	0.0827614 	0.500000	0.0827614 	0.500000	0.0821665 	0.500000	5.59899e-05	
0.600000	0.0682552 	0.600000	0.0731606 	0.600000	0.0736275 	0.600000	0.0736275 	0.600000	0.0736275 	0.600000	0.0731128 	0.600000	4.78547e-05	
0.700000	0.0625152 	0.700000	0.0662609 	0.700000	0.0666586 	0.700000	0.0666586 	0.700000	0.0666586 	0.700000	0.066219  	0.700000	4.18854e-05	
0.800000	0.0577544 	0.800000	0.0607735 	0.800000	0.061109  	0.800000	0.061109  	0.800000	0.061109  	0.800000	0.0607362 	0.800000	3.73069e-05	
0.900000	0.053726  	0.900000	0.0562685 	0.900000	0.0565497 	0.900000	0.0565497 	0.900000	0.0565497 	0.900000	0.0562349 	0.900000	3.3677e-05	
1.000000	0.0502654 	1.000000	0.0524816 	1.000000	0.0527157 	1.000000	0.0527157 	1.000000	0.0527157 	1.000000	0.0524509 	1.000000	3.07242e-05	
1.250000	0.043406  	1.250000	0.0451497 	1.250000	0.0452927 	1.250000	0.0452927 	1.250000	0.0452927 	1.250000	0.0451244 	1.250000	2.52822e-05	
1.500000	0.0382959 	1.500000	0.0397946 	1.500000	0.0398743 	1.500000	0.0398743 	1.500000	0.0398743 	1.500000	0.0397731 	1.500000	2.15471e-05	
1.750000	0.034329  	1.750000	0.0356785 	1.750000	0.0357133 	1.750000	0.0357133 	1.750000	0.0357133 	1.750000	0.0356597 	1.750000	1.88158e-05	
2.000000	0.0311533 	2.000000	0.0324002 	2.000000	0.0324023 	2.000000	0.0324023 	2.000000	0.0324023 	2.000000	0.0323835 	2.000000	1.67267e-05	
2.250000	0.0285491 	2.250000	0.0297191 	2.250000	0.0296969 	2.250000	0.0296969 	2.250000	0.029697  	2.250000	0.029704  	2.250000	1.50743e-05	
2.500000	0.0262589 	2.500000	0.0274805 	2.500000	0.0274401 	2.500000	0.0274401 	2.500000	0.0274402 	2.500000	0.0274668 	2.500000	1.37328e-05	
3.000000	0.0229287 	3.000000	0.0239445 	3.000000	0.0238794 	3.000000	0.0238794 	3.000000	0.0238794 	3.000000	0.0239328 	3.000000	1.16833e-05	
3.500000	0.0204013 	3.500000	0.0212682 	3.500000	0.0211882 	3.500000	0.0211882 	3.500000	0.0211882 	3.500000	0.021258  	3.500000	1.01877e-05	
4.000000	0.018412  	4.000000	0.0191655 	4.000000	0.0190763 	4.000000	0.0190763 	4.000000	0.0190763 	4.000000	0.0191565 	4.000000	9.04565e-06	
4.500000	0.0168024 	4.500000	0.0174661 	4.500000	0.0173712 	4.500000	0.0173712 	4.500000	0.0173712 	4.500000	0.017458  	4.500000	8.14364e-06	
5.000000	0.0154709 	5.000000	0.0160617 	5.000000	0.0159634 	5.000000	0.0159634 	5.000000	0.0159634 	5.000000	0.0160543 	5.000000	7.41224e-06	
5.500000	0.0143499 	5.500000	0.01488   	5.500000	0.0147797 	5.500000	0.0147797 	5.500000	0.0147797 	5.500000	0.0148732 	5.500000	6.80663e-06	
6.000000	0.0133921 	6.000000	0.0138708 	6.000000	0.0137696 	6.000000	0.0137696 	6.000000	0.0137696 	6.000000	0.0138645 	6.000000	6.29652e-06	
6.500000	0.0125637 	6.500000	0.0129981 	6.500000	0.0128967 	6.500000	0.0128967 	6.500000	0.0128967 	6.500000	0.0129922 	6.500000	5.86065e-06	
7.000000	0.0118394 	7.000000	0.0122353 	7.000000	0.0121342 	7.000000	0.0121342 	7.000000	0.0121342 	7.000000	0.0122298 	7.000000	5.48372e-06	
7.500000	0.0112006 	7.500000	0.0115626 	7.500000	0.011462  	7.500000	0.011462  	7.500000	0.011462  	7.500000	0.0115574 	7.500000	5.15436e-06	
8.000000	0.0106325 	8.000000	0.0109644 	8.000000	0.0108647 	8.000000	0.0108647 	8.000000	0.0108647 	8.000000	0.0109595 	8.000000	4.86398e-06	
8.500000	0.0101239 	8.500000	0.0104288 	8.500000	0.0103301 	8.500000	0.0103301 	8.500000	0.0103301 	8.500000	0.0104242 	8.500000	4.60594e-06	
9.000000	0.00966562	9.000000	0.00994625	9.000000	0.0098486 	9.000000	0.0098486 	9.000000	0.00984861	9.000000	0.00994188	9.000000	4.37506e-06	
9.500000	0.00925048	9.500000	0.00950907	9.500000	0.00941259	9.500000	0.00941259	9.500000	0.00941259	9.500000	0.0095049 	9.500000	4.16721e-06	
10.000000	0.00887251	10.000000	0.00899237	10.000000	0.00901573	10.000000	0.00901573	10.000000	0.00901573	10.000000	0.00898839	10.000000	3.97904e-06	
11.000000	0.00820944	11.000000	0.00833541	11.000000	0.00831392	11.000000	0.00831399	11.000000	0.00831363	11.000000	0.00833175	11.000000	3.65143e-06	
12.000000	0.00764632	12.000000	0.00777419	12.000000	0.00772079	12.000000	0.00772093	12.000000	0.00772061	12.000000	0.00777082	12.000000	3.37569e-06	
13.000000	0.00716176	13.000000	0.007289  	13.000000	0.00721308	13.000000	0.00721316	13.000000	0.00721296	13.000000	0.00728586	13.000000	3.14027e-06	
14.000000	0.00674012	14.000000	0.00686517	14.000000	0.0067736 	14.000000	0.00677359	14.000000	0.0067735 	14.000000	0.00686223	14.000000	2.9368e-06	
15.000000	0.00636968	15.000000	0.00649162	15.000000	0.00638943	15.000000	0.00638944	15.000000	0.00638944	15.000000	0.00648886	15.000000	2.75913e-06	
16.000000	0.00604148	16.000000	0.00615978	16.000000	0.00605101	16.000000	0.00605094	16.000000	0.00605101	16.000000	0.00615718	16.000000	2.60256e-06	
17.000000	0.00574858	17.000000	0.00586296	17.000000	0.00575079	17.000000	0.00575051	17.000000	0.00575066	17.000000	0.00586049	17.000000	2.46351e-06	
18.000000	0.00548546	18.000000	0.0055958 	18.000000	0.00548256	18.000000	0.00548217	18.000000	0.00548239	18.000000	0.00559346	18.000000	2.33916e-06	
19.000000	0.00524772	19.000000	0.00535402	19.000000	0.00524153	19.000000	0.00524114	19.000000	0.00524143	19.000000	0.0053518 	19.000000	2.22725e-06	
20.000000	0.00503179	20.000000	0.00513412	20.000000	0.00502396	20.000000	0.00502356	20.000000	0.00502393	20.000000	0.00513199	20.000000	2.12598e-06	
21.000000	0.00483476	21.000000	0.0049332 	21.000000	0.00482668	21.000000	0.00482626	21.000000	0.00482669	21.000000	0.00493117	21.000000	2.03389e-06	
22.000000	0.00465419	22.000000	0.00474888	22.000000	0.00464703	22.000000	0.00464662	22.000000	0.00464712	22.000000	0.00474693	22.000000	1.94977e-06	
23.000000	0.00448807	23.000000	0.00457916	23.000000	0.00448288	23.000000	0.00448246	23.000000	0.00448303	23.000000	0.00457729	23.000000	1.87261e-06	
24.000000	0.00433471	24.000000	0.00442234	24.000000	0.00433253	24.000000	0.00433195	24.000000	0.00433259	24.000000	0.00442054	24.000000	1.80156e-06	
25.000000	0.00419265	25.000000	0.00427699	25.000000	0.00419438	25.000000	0.00419353	25.000000	0.00419425	25.000000	0.00427525	25.000000	1.73593e-06	
27.000000	0.00393771	27.000000	0.00401591	27.000000	0.00394895	27.000000	0.00394788	27.000000	0.00394873	27.000000	0.00401429	27.000000	1.61857e-06	
29.000000	0.00371534	29.000000	0.00378799	29.000000	0.00373803	29.000000	0.00373698	29.000000	0.00373795	29.000000	0.00378647	29.000000	1.51664e-06	
31.000000	0.00351956	31.000000	0.00358719	31.000000	0.00354825	31.000000	0.00354719	31.000000	0.00354823	31.000000	0.00358576	31.000000	1.42727e-06	
33.000000	0.0033458 	33.000000	0.00340889	33.000000	0.00337349	33.000000	0.0033725 	33.000000	0.00337355	33.000000	0.00340754	33.000000	1.34822e-06	
35.000000	0.00319046	35.000000	0.00324945	35.000000	0.00321707	35.000000	0.00321618	35.000000	0.00321724	35.000000	0.00324818	35.000000	1.2778e-06	
38.000000	0.00298596	38.000000	0.00303953	38.000000	0.00301137	38.000000	0.00301018	38.000000	0.00301124	38.000000	0.00303835	38.000000	1.18544e-06	
41.000000	0.00280931	41.000000	0.00285821	41.000000	0.00283328	41.000000	0.00283205	41.000000	0.00283311	41.000000	0.0028571 	41.000000	1.106e-06 	
44.000000	0.0026551 	44.000000	0.00269994	44.000000	0.00267754	44.000000	0.00267641	44.000000	0.00267746	44.000000	0.00269891	44.000000	1.03691e-06	
47.000000	0.00251922	47.000000	0.00256055	47.000000	0.00254025	47.000000	0.00253918	47.000000	0.00254023	47.000000	0.00255957	47.000000	9.76252e-07	
50.000000	0.00239853	50.000000	0.0024368 	50.000000	0.00241825	50.000000	0.00241724	50.000000	0.00241828	50.000000	0.00243588	50.000000	9.2255e-07	
55.000000	0.00222469	55.000000	0.00225869	55.000000	0.00224245	55.000000	0.00224153	55.000000	0.00224254	55.000000	0.00225785	55.000000	8.45505e-07	
60.000000	0.00207791	60.000000	0.0021085 	60.000000	0.00209405	60.000000	0.00209314	60.000000	0.00209413	60.000000	0.00210772	60.000000	7.80756e-07	
65.000000	0.00195222	65.000000	0.00198007	65.000000	0.00196716	65.000000	0.00196608	65.000000	0.00196705	65.000000	0.00197934	65.000000	7.25546e-07	
70.000000	0.0018433 	70.000000	0.00186893	70.000000	0.00185698	70.000000	0.001856  	70.000000	0.00185695	70.000000	0.00186825	70.000000	6.7789e-07	
75.000000	0.00174793	75.000000	0.00177178	75.000000	0.0017606 	75.000000	0.00175967	75.000000	0.0017606 	75.000000	0.00177115	75.000000	6.3632e-07	
80.000000	0.00166368	80.000000	0.00168611	80.000000	0.00167552	80.000000	0.00167464	80.000000	0.00167555	80.000000	0.00168551	80.000000	5.99726e-07	
85.000000	0.00158868	85.000000	0.00160998	85.000000	0.00159984	85.000000	0.00159901	85.000000	0.0015999 	85.000000	0.00160941	85.000000	5.67256e-07	
90.000000	0.00152144	90.000000	0.00154186	90.000000	0.00153207	90.000000	0.00153128	90.000000	0.00153215	90.000000	0.00154132	90.000000	5.38243e-07	
95.000000	0.00146081	95.000000	0.00148053	95.000000	0.00147121	95.000000	0.00147026	95.000000	0.00147112	95.000000	0.00148002	95.000000	5.12155e-07	
100.000000	0.00140582	100.000000	0.00142503	100.000000	0.00141591	100.000000	0.001415  	100.000000	0.00141585	100.000000	0.00142454	100.000000	4.88567e-07	
105.000000	0.00135571	105.000000	0.00137454	105.000000	0.00136558	105.000000	0.00136471	105.000000	0.00136554	105.000000	0.00137408	105.000000	4.67131e-07	
110.000000	0.00130984	110.000000	0.00132842	110.000000	0.00131957	110.000000	0.00131874	110.000000	0.00131956	110.000000	0.00132797	110.000000	4.47563e-07	
115.000000	0.00126768	115.000000	0.00128612	115.000000	0.00127736	115.000000	0.00127655	115.000000	0.00127736	115.000000	0.00128569	115.000000	4.29626e-07	
120.000000	0.00122879	120.000000	0.00124717	120.000000	0.00123847	120.000000	0.0012377 	120.000000	0.00123849	120.000000	0.00124675	120.000000	4.13121e-07	
125.000000	0.00119279	125.000000	0.00121119	125.000000	0.00120254	125.000000	0.00120179	125.000000	0.00120258	125.000000	0.00121079	125.000000	3.97882e-07	
130.000000	0.00115936	130.000000	0.00117785	130.000000	0.00116924	130.000000	0.00116851	130.000000	0.00116928	130.000000	0.00117747	130.000000	3.83767e-07	
135.000000	0.00112824	135.000000	0.00114687	135.000000	0.00113826	135.000000	0.00113757	135.000000	0.00113834	135.000000	0.0011465 	135.000000	3.70654e-07	
140.000000	0.00109918	140.000000	0.001118  	140.000000	0.00110948	140.000000	0.00110874	140.000000	0.0011095 	140.000000	0.00111765	140.000000	3.5844e-07	
145.000000	0.00107198	145.000000	0.00109104	145.000000	0.00108261	145.000000	0.00108181	145.000000	0.00108255	145.000000	0.0010907 	145.000000	3.47032e-07	
150.000000	0.00104646	150.000000	0.0010658 	150.000000	0.00105737	150.000000	0.00105658	150.000000	0.00105732	150.000000	0.00106546	150.000000	3.36355e-07	
155.000000	0.00101054	155.000000	0.00104212	155.000000	0.00103367	155.000000	0.00103292	155.000000	0.00103364	155.000000	0.00104179	155.000000	3.26337e-07	
160.000000	0.000989478	160.000000	0.00101986	160.000000	0.0010114 	160.000000	0.00101067	160.000000	0.00101138	160.000000	0.00101954	160.000000	3.16921e-07	
165.000000	0.00096962	165.000000	0.000998887	165.000000	0.000990428	165.000000	0.000989708	165.000000	0.000990418	165.000000	0.000998579	165.000000	3.08051e-07	
170.000000	0.000950861	170.000000	0.000979103	170.000000	0.000970635	170.000000	0.000969932	170.000000	0.000970635	170.000000	0.000978804	170.000000	2.99682e-07	
175.000000	0.000933111	175.000000	0.000960406	175.000000	0.000951929	175.000000	0.000951241	175.000000	0.000951937	175.000000	0.000960114	175.000000	2.91772e-07	
180.000000	0.000916289	180.000000	0.000942708	180.000000	0.000934221	180.000000	0.000933549	180.000000	0.000934238	180.000000	0.000942424	180.000000	2.84284e-07	
185.000000	0.000900325	185.000000	0.000925931	185.000000	0.000917437	185.000000	0.000916777	185.000000	0.00091746	185.000000	0.000925654	185.000000	2.77183e-07	
190.000000	0.000885152	190.000000	0.000910004	190.000000	0.000901506	190.000000	0.000900857	190.000000	0.000901533	190.000000	0.000909734	190.000000	2.70442e-07	
195.000000	0.000870714	195.000000	0.000894866	195.000000	0.000886353	195.000000	0.000885725	195.000000	0.000886395	195.000000	0.000894602	195.000000	2.64032e-07	
200.000000	0.000856956	200.000000	0.000880458	200.000000	0.000871935	200.000000	0.000871323	200.000000	0.000871987	200.000000	0.0008802 	200.000000	2.5793e-07	
210.000000	0.000831299	210.000000	0.000853632	210.000000	0.000845196	210.000000	0.000844513	210.000000	0.000845167	210.000000	0.000853385	210.000000	2.46562e-07	
220.000000	0.000807849	220.000000	0.000829168	220.000000	0.00082075	220.000000	0.000820069	220.000000	0.000820712	220.000000	0.000828932	220.000000	2.36187e-07	
230.000000	0.000786332	230.000000	0.000806769	230.000000	0.000798347	230.000000	0.000797693	230.000000	0.000798327	230.000000	0.000806542	230.000000	2.26679e-07	
240.000000	0.000766516	240.000000	0.000786183	240.000000	0.000777772	240.000000	0.000777136	240.000000	0.000777761	240.000000	0.000785965	240.000000	2.17932e-07	
250.000000	0.000748206	250.000000	0.000767202	250.000000	0.000758805	250.000000	0.000758187	250.000000	0.000758803	250.000000	0.000766992	250.000000	2.09858e-07	
260.000000	0.000731236	260.000000	0.000749645	260.000000	0.000741267	260.000000	0.000740667	260.000000	0.000741275	260.000000	0.000749442	260.000000	2.02381e-07	
270.000000	0.000715465	270.000000	0.000733359	270.000000	0.000725008	270.000000	0.000724422	270.000000	0.000725023	270.000000	0.000733164	270.000000	1.95435e-07	
280.000000	0.000700769	280.000000	0.000718213	280.000000	0.000709892	280.000000	0.00070932	280.000000	0.000709914	280.000000	0.000718024	280.000000	1.88967e-07	
290.000000	0.000687042	290.000000	0.000704092	290.000000	0.000695796	290.000000	0.000695247	290.000000	0.000695834	290.000000	0.000703909	290.000000	1.82927e-07	
300.000000	0.000674192	300.000000	0.000690897	300.000000	0.000682679	300.000000	0.000682102	300.000000	0.000682683	300.000000	0.00069072	300.000000	1.77275e-07	
310.000000	0.000662138	310.000000	0.000678541	310.000000	0.000670415	310.000000	0.000669799	310.000000	0.000670375	310.000000	0.000678369	310.000000	1.71973e-07	
320.000000	0.000650808	320.000000	0.000666949	320.000000	0.000658864	320.000000	0.000658262	320.000000	0.000658832	320.000000	0.000666782	320.000000	1.66989e-07	
330.000000	0.00064014	330.000000	0.000656051	330.000000	0.000648007	330.000000	0.000647422	330.000000	0.000647987	330.000000	0.000655889	330.000000	1.62296e-07	
340.000000	0.000630079	340.000000	0.00064579	340.000000	0.000637797	340.000000	0.00063722	340.000000	0.00063778	340.000000	0.000645633	340.000000	1.57868e-07	
350.000000	0.000620574	350.000000	0.000636113	350.000000	0.00062817	350.000000	0.000627603	350.000000	0.000628158	350.000000	0.000635959	350.000000	1.53684e-07	
360.000000	0.000611581	360.000000	0.000626971	360.000000	0.00061908	360.000000	0.000618523	360.000000	0.000619073	360.000000	0.000626822	360.000000	1.49723e-07	
370.000000	0.000603061	370.000000	0.000618324	370.000000	0.000610486	370.000000	0.000609938	370.000000	0.000610484	370.000000	0.000618178	370.000000	1.45968e-07	
380.000000	0.000594979	380.000000	0.000610132	380.000000	0.000602349	380.000000	0.00060181	380.000000	0.000602351	380.000000	0.00060999	380.000000	1.42403e-07	
390.000000	0.000587302	390.000000	0.000602363	390.000000	0.000594635	390.000000	0.000594104	390.000000	0.000594642	390.000000	0.000602224	390.000000	1.39014e-07	
400.000000	0.000580002	400.000000	0.000594986	400.000000	0.000587312	400.000000	0.00058679	400.000000	0.000587324	400.000000	0.00059485	400.000000	1.35788e-07	
410.000000	0.000573051	410.000000	0.000587971	410.000000	0.000580355	410.000000	0.000579839	410.000000	0.000580369	410.000000	0.000587839	410.000000	1.32713e-07	
420.000000	0.000566427	420.000000	0.000581296	420.000000	0.000573737	420.000000	0.000573227	420.000000	0.000573753	420.000000	0.000581166	420.000000	1.29779e-07	
430.000000	0.000560108	430.000000	0.000574935	430.000000	0.000567432	430.000000	0.000566929	430.000000	0.000567452	430.000000	0.000574808	430.000000	1.26976e-07	
440.000000	0.000554073	440.000000	0.00056887	440.000000	0.000561376	440.000000	0.000560885	440.000000	0.000561405	440.000000	0.000568745	440.000000	1.24296e-07	
450.000000	0.000548306	450.000000	0.00056308	450.000000	0.000555579	450.000000	0.000555094	450.000000	0.00055561	450.000000	0.000562958	450.000000	1.21731e-07	
460.000000	0.000542788	460.000000	0.000557548	460.000000	0.000550061	460.000000	0.000549562	460.000000	0.000550076	460.000000	0.000557428	460.000000	1.19273e-07	
470.000000	0.000537506	470.000000	0.000552258	470.000000	0.000544798	470.000000	0.000544274	470.000000	0.000544786	470.000000	0.000552141	470.000000	1.16915e-07	
480.000000	0.000532446	480.000000	0.000547195	480.000000	0.000539752	480.000000	0.000539216	480.000000	0.000539724	480.000000	0.00054708	480.000000	1.14652e-07	
490.000000	0.000527593	490.000000	0.000542346	490.000000	0.000534905	490.000000	0.000534373	490.000000	0.000534879	490.000000	0.000542234	490.000000	1.12478e-07	
500.000000	0.000522937	500.000000	0.000537699	500.000000	0.000530254	500.000000	0.000529733	500.000000	0.000530236	500.000000	0.000537589	500.000000	1.10387e-07	
520.000000	0.000514171	520.000000	0.000528963	520.000000	0.000521523	520.000000	0.000521014	520.000000	0.000521512	520.000000	0.000528857	520.000000	1.06439e-07	
540.000000	0.00050607	540.000000	0.000520906	540.000000	0.000513477	540.000000	0.000512976	540.000000	0.000513469	540.000000	0.000520803	540.000000	1.02772e-07	
560.000000	0.000498565	560.000000	0.000513456	560.000000	0.000506039	560.000000	0.000505547	560.000000	0.000506036	560.000000	0.000513356	560.000000	9.93571e-08	
580.000000	0.000491598	580.000000	0.000506552	580.000000	0.000499149	580.000000	0.000498665	580.000000	0.00049915	580.000000	0.000506456	580.000000	9.61692e-08	
600.000000	0.000485118	600.000000	0.000500141	600.000000	0.000492752	600.000000	0.000492275	600.000000	0.000492757	600.000000	0.000500048	600.000000	9.3186e-08	
620.000000	0.000479081	620.000000	0.000494177	620.000000	0.000486801	620.000000	0.000486332	620.000000	0.00048681	620.000000	0.000494087	620.000000	9.03883e-08	
640.000000	0.000473446	640.000000	0.000488619	640.000000	0.000481256	640.000000	0.000480792	640.000000	0.000481267	640.000000	0.000488531	640.000000	8.7759e-08	
660.000000	0.00046818	660.000000	0.000483431	660.000000	0.000476076	660.000000	0.00047562	660.000000	0.000476091	660.000000	0.000483345	660.000000	8.52832e-08	
680.000000	0.00046325	680.000000	0.000478581	680.000000	0.000471228	680.000000	0.000470782	680.000000	0.000471251	680.000000	0.000478498	680.000000	8.29477e-08	
700.000000	0.000458631	700.000000	0.00047404	700.000000	0.000466701	700.000000	0.000466252	700.000000	0.000466718	700.000000	0.00047396	700.000000	8.07408e-08	
720.000000	0.000454298	720.000000	0.000469785	720.000000	0.000462472	720.000000	0.000462002	720.000000	0.000462466	720.000000	0.000469706	720.000000	7.86521e-08	
740.000000	0.000450228	740.000000	0.000465791	740.000000	0.000458496	740.000000	0.000458011	740.000000	0.000458472	740.000000	0.000465715	740.000000	7.66721e-08	
760.000000	0.000446402	760.000000	0.00046204	760.000000	0.000454741	760.000000	0.000454257	760.000000	0.000454715	760.000000	0.000461965	760.000000	7.47926e-08	
780.000000	0.000442802	780.000000	0.000458512	780.000000	0.000451198	780.000000	0.000450722	780.000000	0.000451179	780.000000	0.000458439	780.000000	7.3006e-08	
800.000000	0.000439412	800.000000	0.000455192	800.000000	0.000447859	800.000000	0.00044739	800.000000	0.000447845	800.000000	0.000455121	800.000000	7.13054e-08	
820.000000	0.000436218	820.000000	0.000452065	820.000000	0.000444711	820.000000	0.000444246	820.000000	0.000444698	820.000000	0.000451995	820.000000	6.96849e-08	
840.000000	0.000433206	840.000000	0.000449116	840.000000	0.000441738	840.000000	0.000441276	840.000000	0.000441726	840.000000	0.000449048	840.000000	6.81386e-08	
860.000000	0.000430365	860.000000	0.000446335	860.000000	0.000438926	860.000000	0.000438468	860.000000	0.000438916	860.000000	0.000446268	860.000000	6.66618e-08	
880.000000	0.000427683	880.000000	0.000443709	880.000000	0.000436265	880.000000	0.000435811	880.000000	0.000436257	880.000000	0.000443644	880.000000	6.52496e-08	
900.000000	0.00042515	900.000000	0.00044123	900.000000	0.000433744	900.000000	0.000433293	900.000000	0.000433738	900.000000	0.000441166	900.000000	6.38979e-08	
920.000000	0.000422758	920.000000	0.000438886	920.000000	0.000431354	920.000000	0.000430907	920.000000	0.00043135	920.000000	0.000438824	920.000000	6.26029e-08	
940.000000	0.000420498	940.000000	0.000436671	940.000000	0.000429087	940.000000	0.000428644	940.000000	0.000429085	940.000000	0.00043661	940.000000	6.1361e-08	
960.000000	0.000418361	960.000000	0.000434576	960.000000	0.000426935	960.000000	0.000426495	960.000000	0.000426935	960.000000	0.000434515	960.000000	6.0169e-08	
980.000000	0.000416342	980.000000	0.000432593	980.000000	0.000424891	980.000000	0.000424453	980.000000	0.000424892	980.000000	0.000432534	980.000000	5.90239e-08	
1000.000000	0.000414433	1000.000000	0.000430717	1000.000000	0.000422947	1000.000000	0.000422512	1000.000000	0.000422949	1000.000000	0.000430659	1000.000000	5.7923e-08	
1020.000000	0.000412628	1020.000000	0.000428941	1020.000000	0.000421098	1020.000000	0.000420666	1020.000000	0.000421102	1020.000000	0.000428884	1020.000000	5.68637e-08	
1040.000000	0.000410921	1040.000000	0.000427259	1040.000000	0.000419338	1040.000000	0.000418909	1040.000000	0.000419343	1040.000000	0.000427203	1040.000000	5.58436e-08	
1060.000000	0.000409308	1060.000000	0.000425667	1060.000000	0.000417662	1060.000000	0.000417235	1060.000000	0.000417669	1060.000000	0.000425612	1060.000000	5.48607e-08	
1080.000000	0.000407783	1080.000000	0.000424159	1080.000000	0.000416066	1080.000000	0.000415641	1080.000000	0.000416073	1080.000000	0.000424105	1080.000000	5.3913e-08	
1100.000000	0.000406342	1100.000000	0.000422731	1100.000000	0.000414544	1100.000000	0.000414121	1100.000000	0.000414552	1100.000000	0.000422678	1100.000000	5.29984e-08	
1120.000000	0.000404981	1120.000000	0.000421379	1120.000000	0.000413092	1120.000000	0.000412671	1120.000000	0.000413101	1120.000000	0.000421327	1120.000000	5.21153e-08	
1140.000000	0.000403696	1140.000000	0.000420098	1140.000000	0.000411707	1140.000000	0.000411288	1140.000000	0.000411717	1140.000000	0.000420047	1140.000000	5.12622e-08	
1160.000000	0.000402483	1160.000000	0.000418886	1160.000000	0.000410385	1160.000000	0.000409968	1160.000000	0.000410396	1160.000000	0.000418835	1160.000000	5.04374e-08	
1180.000000	0.000401338	1180.000000	0.000417738	1180.000000	0.000409122	1180.000000	0.000408707	1180.000000	0.000409134	1180.000000	0.000417689	1180.000000	4.96395e-08	
1200.000000	0.000400259	1200.000000	0.000416652	1200.000000	0.000407915	1200.000000	0.000407502	1200.000000	0.000407928	1200.000000	0.000416603	1200.000000	4.88674e-08	
1220.000000	0.000399243	1220.000000	0.000415625	1220.000000	0.000406761	1220.000000	0.000406351	1220.000000	0.000406776	1220.000000	0.000415577	1220.000000	4.81196e-08	
1240.000000	0.000398286	1240.000000	0.000414653	1240.000000	0.000405657	1240.000000	0.000405251	1240.000000	0.000405675	1240.000000	0.000414606	1240.000000	4.73951e-08	
1260.000000	0.000397386	1260.000000	0.000413735	1260.000000	0.000404601	1260.000000	0.000404198	1260.000000	0.000404621	1260.000000	0.000413688	1260.000000	4.66928e-08	
1280.000000	0.00039654	1280.000000	0.000412867	1280.000000	0.000403593	1280.000000	0.000403191	1280.000000	0.000403614	1280.000000	0.000412821	1280.000000	4.60117e-08	
1300.000000	0.000395747	1300.000000	0.000412048	1300.000000	0.00040263	1300.000000	0.000402228	1300.000000	0.00040265	1300.000000	0.000412002	1300.000000	4.53508e-08	
1320.000000	0.000395004	1320.000000	0.000411275	1320.000000	0.00040171	1320.000000	0.000401306	1320.000000	0.000401727	1320.000000	0.00041123	1320.000000	4.47092e-08	
1340.000000	0.000394308	1340.000000	0.000410546	1340.000000	0.000400831	1340.000000	0.000400423	1340.000000	0.000400843	1340.000000	0.000410502	1340.000000	4.40861e-08	
1360.000000	0.000393658	1360.000000	0.00040986	1360.000000	0.000399992	1360.000000	0.000399578	1360.000000	0.000399998	1360.000000	0.000409816	1360.000000	4.34806e-08	
1380.000000	0.000393053	1380.000000	0.000409214	1380.000000	0.000399188	1380.000000	0.000398769	1380.000000	0.000399187	1380.000000	0.000409171	1380.000000	4.28921e-08	
1400.000000	0.00039249	1400.000000	0.000408607	1400.000000	0.000398418	1400.000000	0.000397993	1400.000000	0.000398411	1400.000000	0.000408564	1400.000000	4.23199e-08	
1420.000000	0.000391967	1420.000000	0.000408037	1420.000000	0.00039768	1420.000000	0.000397251	1420.000000	0.000397668	1420.000000	0.000407995	1420.000000	4.17631e-08	
1440.000000	0.000391484	1440.000000	0.000407502	1440.000000	0.000396972	1440.000000	0.000396539	1440.000000	0.000396955	1440.000000	0.000407461	1440.000000	4.12213e-08	
1460.000000	0.000391038	1460.000000	0.000407002	1460.000000	0.000396291	1460.000000	0.000395857	1460.000000	0.000396273	1460.000000	0.000406962	1460.000000	4.06939e-08	
1480.000000	0.000390628	1480.000000	0.000406535	1480.000000	0.000395638	1480.000000	0.000395203	1480.000000	0.000395618	1480.000000	0.000406495	1480.000000	4.01801e-08	
1500.000000	0.000390253	1500.000000	0.0004061 	1500.000000	0.00039501	1500.000000	0.000394576	1500.000000	0.000394991	1500.000000	0.00040606	1500.000000	3.96796e-08	
1520.000000	0.000389912	1520.000000	0.000405694	1520.000000	0.000394408	1520.000000	0.000393975	1520.000000	0.000394389	1520.000000	0.000405655	1520.000000	3.91918e-08	
1540.000000	0.000389603	1540.000000	0.000405318	1540.000000	0.00039383	1540.000000	0.000393399	1540.000000	0.000393813	1540.000000	0.00040528	1540.000000	3.87163e-08	
1560.000000	0.000389325	1560.000000	0.00040497	1560.000000	0.000393276	1560.000000	0.000392847	1560.000000	0.00039326	1560.000000	0.000404932	1560.000000	3.82525e-08	
1580.000000	0.000389078	1580.000000	0.000404649	1580.000000	0.000392744	1580.000000	0.000392317	1580.000000	0.00039273	1580.000000	0.000404611	1580.000000	3.78e-08  	
1600.000000	0.00038886	1600.000000	0.000404354	1600.000000	0.000392234	1600.000000	0.000391809	1600.000000	0.000392221	1600.000000	0.000404317	1600.000000	3.73585e-08	
1620.000000	0.000388669	1620.000000	0.000404084	1620.000000	0.000391746	1620.000000	0.000391323	1620.000000	0.000391734	1620.000000	0.000404047	1620.000000	3.69275e-08	
1640.000000	0.000388506	1640.000000	0.000403838	1640.000000	0.000391277	1640.000000	0.000390856	1640.000000	0.000391267	1640.000000	0.000403802	1640.000000	3.65066e-08	
1660.000000	0.000388369	1660.000000	0.000403616	1660.000000	0.000390829	1660.000000	0.000390408	1660.000000	0.000390819	1660.000000	0.00040358	1660.000000	3.60955e-08	
1680.000000	0.000388258	1680.000000	0.000403415	1680.000000	0.000390399	1680.000000	0.000389979	1680.000000	0.000390389	1680.000000	0.00040338	1680.000000	3.56939e-08	
1700.000000	0.000388171	1700.000000	0.000403237	1700.000000	0.000389986	1700.000000	0.000389568	1700.000000	0.000389977	1700.000000	0.000403202	1700.000000	3.53013e-08	
1750.000000	0.000388057	1750.000000	0.000402881	1750.000000	0.000389029	1750.000000	0.000388612	1750.000000	0.000389021	1750.000000	0.000402846	1750.000000	3.43579e-08	
1800.000000	0.00038808	1800.000000	0.000402645	1800.000000	0.000388169	1800.000000	0.000387753	1800.000000	0.000388161	1800.000000	0.000402611	1800.000000	3.34652e-08	
1850.000000	0.000388231	1850.000000	0.000402519	1850.000000	0.000387396	1850.000000	0.000386982	1850.000000	0.000387388	1850.000000	0.000402486	1850.000000	3.2619e-08	
1900.000000	0.0003885 	1900.000000	0.000402495	1900.000000	0.000386702	1900.000000	0.00038629	1900.000000	0.000386696	1900.000000	0.000402463	1900.000000	3.18159e-08	
1950.000000	0.00038888	1950.000000	0.000402565	1950.000000	0.000386081	1950.000000	0.000385671	1950.000000	0.000386075	1950.000000	0.000402534	1950.000000	3.10526e-08	
2000.000000	0.000389362	2000.000000	0.000402722	2000.000000	0.000385526	2000.000000	0.000385118	2000.000000	0.000385522	2000.000000	0.000402691	2000.000000	3.03261e-08	
2100.000000	0.000390609	2100.000000	0.000403272	2100.000000	0.000384593	2100.000000	0.000384188	2100.000000	0.00038459	2100.000000	0.000403243	2100.000000	2.89735e-08	
2200.000000	0.000392194	2200.000000	0.0004041 	2200.000000	0.000383864	2200.000000	0.000383461	2200.000000	0.000383862	2200.000000	0.000404073	2200.000000	2.77398e-08	
2300.000000	0.000394078	2300.000000	0.000405172	2300.000000	0.000383307	2300.000000	0.000382906	2300.000000	0.000383306	2300.000000	0.000405145	2300.000000	2.66098e-08	
2400.000000	0.000396229	2400.000000	0.000406456	2400.000000	0.000382895	2400.000000	0.000382497	2400.000000	0.000382896	2400.000000	0.00040643	2400.000000	2.55709e-08	
2500.000000	0.000398618	2500.000000	0.000407926	2500.000000	0.000382608	2500.000000	0.000382211	2500.000000	0.000382609	2500.000000	0.000407902	2500.000000	2.46123e-08	
2600.000000	0.000401223	2600.000000	0.000409562	2600.000000	0.000382426	2600.000000	0.000382031	2600.000000	0.000382428	2600.000000	0.000409538	2600.000000	2.37251e-08	
2700.000000	0.000404023	2700.000000	0.000411344	2700.000000	0.000382335	2700.000000	0.000381942	2700.000000	0.000382338	2700.000000	0.000411321	2700.000000	2.29014e-08	
2800.000000	0.000407001	2800.000000	0.000413256	2800.000000	0.000382321	2800.000000	0.00038193	2800.000000	0.000382325	2800.000000	0.000413234	2800.000000	2.21346e-08	
2900.000000	0.000410141	2900.000000	0.000415285	2900.000000	0.000382375	2900.000000	0.000381985	2900.000000	0.00038238	2900.000000	0.000415264	2900.000000	2.1419e-08	
3000.000000	0.00041343	3000.000000	0.00041742	3000.000000	0.000382487	3000.000000	0.000382098	3000.000000	0.000382492	3000.000000	0.000417399	3000.000000	2.07496e-08	
3200.000000	0.000420413	3200.000000	0.000421962	3200.000000	0.000382854	3200.000000	0.000382467	3200.000000	0.000382859	3200.000000	0.000421943	3200.000000	1.95321e-08	
3400.000000	0.000427873	3400.000000	0.000426816	3400.000000	0.000383371	3400.000000	0.000382986	3400.000000	0.000383377	3400.000000	0.000426798	3400.000000	1.84534e-08	
3600.000000	0.000435749	3600.000000	0.000431928	3600.000000	0.000384  	3600.000000	0.000383617	3600.000000	0.000384008	3600.000000	0.00043191	3600.000000	1.74907e-08	
3800.000000	0.000443993	3800.000000	0.000437254	3800.000000	0.000384715	3800.000000	0.000384333	3800.000000	0.000384722	3800.000000	0.000437238	3800.000000	1.66262e-08	
4000.000000	0.000452567	4000.000000	0.000442762	4000.000000	0.000385491	4000.000000	0.000385111	4000.000000	0.0003855 	4000.000000	0.000442746	4000.000000	1.58454e-08	
4200.000000	0.000461439	4200.000000	0.000448424	4200.000000	0.000386314	4200.000000	0.000385935	4200.000000	0.000386323	4200.000000	0.000448409	4200.000000	1.51365e-08	
4400.000000	0.000470583	4400.000000	0.000454218	4400.000000	0.00038717	4400.000000	0.000386791	4400.000000	0.000387179	4400.000000	0.000454203	4400.000000	1.44902e-08	
4600.000000	0.000479978	4600.000000	0.000460125	4600.000000	0.000388049	4600.000000	0.000387671	4600.000000	0.000388058	4600.000000	0.000460111	4600.000000	1.38982e-08	
4800.000000	0.000489605	4800.000000	0.00046613	4800.000000	0.000388943	4800.000000	0.000388566	4800.000000	0.000388953	4800.000000	0.000466117	4800.000000	1.3354e-08	
5000.000000	0.000499449	5000.000000	0.00047222	5000.000000	0.000389846	5000.000000	0.00038947	5000.000000	0.000389856	5000.000000	0.000472207	5000.000000	1.2852e-08	
5250.000000	0.000512039	5250.000000	0.000479936	5250.000000	0.00039098	5250.000000	0.000390604	5250.000000	0.00039099	5250.000000	0.000479924	5250.000000	1.22766e-08	
5500.000000	0.000524928	5500.000000	0.000487751	5500.000000	0.000392113	5500.000000	0.000391738	5500.000000	0.000392123	5500.000000	0.000487739	5500.000000	1.17519e-08	
6000.000000	0.000551528	6000.000000	0.000503619	6000.000000	0.000394357	6000.000000	0.000393983	6000.000000	0.000394367	6000.000000	0.000503608	6000.000000	1.08296e-08	
6500.000000	0.000579139	6500.000000	0.000519736	6500.000000	0.000396548	6500.000000	0.000396175	6500.000000	0.000396558	6500.000000	0.000519726	6500.000000	1.00451e-08	
7000.000000	0.00060768	7000.000000	0.000536038	7000.000000	0.000398672	7000.000000	0.0003983 	7000.000000	0.000398682	7000.000000	0.000536029	7000.000000	9.36926e-09	
7500.000000	0.000637092	7500.000000	0.00055248	7500.000000	0.000400722	7500.000000	0.000400351	7500.000000	0.000400732	7500.000000	0.000552471	7500.000000	8.78087e-09	
8000.000000	0.000667331	8000.000000	0.000569027	8000.000000	0.000402696	8000.000000	0.000402325	8000.000000	0.000402705	8000.000000	0.000569019	8000.000000	8.26383e-09	
8500.000000	0.000698362	8500.000000	0.000585654	8500.000000	0.000404593	8500.000000	0.000404223	8500.000000	0.000404602	8500.000000	0.000585647	8500.000000	7.8058e-09	
9000.000000	0.000730158	9000.000000	0.000602342	9000.000000	0.000406415	9000.000000	0.000406046	9000.000000	0.000406424	9000.000000	0.000602335	9000.000000	7.39715e-09	
9500.000000	0.000762698	9500.000000	0.000619076	9500.000000	0.000408168	9500.000000	0.000407798	9500.000000	0.000408175	9500.000000	0.000619069	9500.000000	7.03024e-09	
10000.000000	0.000795965	10000.000000	0.000635843	10000.000000	0.000409855	10000.000000	0.000409482	10000.000000	0.000409858	10000.000000	0.000635836	10000.000000	6.69892e-09	
11000.000000	0.000864632	11000.000000	0.000669444	11000.000000	0.00041303	11000.000000	0.000412659	11000.000000	0.000413033	11000.000000	0.000669438	11000.000000	6.12405e-09	
12000.000000	0.000936075	12000.000000	0.000703091	12000.000000	0.000415959	12000.000000	0.000415604	12000.000000	0.000415977	12000.000000	0.000703085	12000.000000	5.64226e-09	
13000.000000	0.00101024	13000.000000	0.00073675	13000.000000	0.000418697	13000.000000	0.000418344	13000.000000	0.000418714	13000.000000	0.000736745	13000.000000	5.23248e-09	
14000.000000	0.0010871 	14000.000000	0.000770397	14000.000000	0.000421274	14000.000000	0.0004209 	14000.000000	0.000421268	14000.000000	0.000770392	14000.000000	4.87958e-09	
15000.000000	0.00116662	15000.000000	0.000804017	15000.000000	0.000423699	15000.000000	0.000423293	15000.000000	0.000423659	15000.000000	0.000804012	15000.000000	4.57238e-09	
16000.000000	0.00124879	16000.000000	0.000837599	16000.000000	0.000425968	16000.000000	0.000425541	16000.000000	0.000425904	16000.000000	0.000837595	16000.000000	4.30249e-09	
17000.000000	0.0013336 	17000.000000	0.000871137	17000.000000	0.00042809	17000.000000	0.000427657	17000.000000	0.000428018	17000.000000	0.000871133	17000.000000	4.06344e-09	
18000.000000	0.00142105	18000.000000	0.000904626	18000.000000	0.000430078	18000.000000	0.000429656	18000.000000	0.000430013	18000.000000	0.000904622	18000.000000	3.8502e-09	
19000.000000	0.00151113	19000.000000	0.000938063	19000.000000	0.000431946	19000.000000	0.000431548	19000.000000	0.000431903	19000.000000	0.000938059	19000.000000	3.65876e-09	
20000.000000	0.00160385	20000.000000	0.000971446	20000.000000	0.000433708	20000.000000	0.000433343	20000.000000	0.000433695	20000.000000	0.000971443	20000.000000	3.48592e-09	
21000.000000	0.0016992 	21000.000000	0.00100477	21000.000000	0.000435386	21000.000000	0.000435051	21000.000000	0.0004354 	21000.000000	0.00100477	21000.000000	3.32907e-09	
22000.000000	0.00179721	22000.000000	0.00103805	22000.000000	0.000437011	22000.000000	0.000436679	22000.000000	0.000437024	22000.000000	0.00103805	22000.000000	3.18608e-09	
23000.000000	0.00189786	23000.000000	0.00107127	23000.000000	0.000438568	23000.000000	0.000438233	23000.000000	0.000438574	23000.000000	0.00107126	23000.000000	3.05516e-09	
24000.000000	0.00200118	24000.000000	0.00110443	24000.000000	0.000440053	24000.000000	0.000439719	24000.000000	0.000440057	24000.000000	0.00110443	24000.000000	2.93485e-09	
25000.000000	0.00210716	25000.000000	0.00113754	25000.000000	0.000441476	25000.000000	0.000441143	25000.000000	0.000441477	25000.000000	0.00113754	25000.000000	2.82388e-09	
26000.000000	0.00221582	26000.000000	0.0011706 	26000.000000	0.000442843	26000.000000	0.000442509	26000.000000	0.00044284	26000.000000	0.0011706 	26000.000000	2.72121e-09	
27000.000000	0.00232718	27000.000000	0.00120361	27000.000000	0.000444159	27000.000000	0.000443822	27000.000000	0.000444149	27000.000000	0.0012036 	27000.000000	2.62593e-09	
28000.000000	0.00244123	28000.000000	0.00123656	28000.000000	0.000445422	28000.000000	0.000445086	28000.000000	0.000445408	28000.000000	0.00123656	28000.000000	2.53726e-09	
29000.000000	0.002558  	29000.000000	0.00126947	29000.000000	0.000446634	29000.000000	0.000446303	29000.000000	0.000446621	29000.000000	0.00126946	29000.000000	2.45453e-09	
30000.000000	0.00267749	30000.000000	0.00130232	30000.000000	0.000447798	30000.000000	0.000447477	30000.000000	0.00044779	30000.000000	0.00130232	30000.000000	2.37716e-09	
32000.000000	0.00292469	32000.000000	0.00136789	32000.000000	0.000450007	32000.000000	0.000449707	32000.000000	0.000450011	32000.000000	0.00136789	32000.000000	2.23653e-09	
34000.000000	0.00318294	34000.000000	0.00143328	34000.000000	0.000452079	34000.000000	0.000451795	34000.000000	0.000452089	34000.000000	0.00143328	34000.000000	2.11199e-09	
36000.000000	0.00345235	36000.000000	0.00149849	36000.000000	0.000454029	36000.000000	0.000453758	36000.000000	0.000454041	36000.000000	0.00149848	36000.000000	2.00091e-09	
38000.000000	0.00373304	38000.000000	0.00156353	38000.000000	0.000455871	38000.000000	0.000455608	38000.000000	0.00045588	38000.000000	0.00156353	38000.000000	1.9012e-09	
40000.000000	0.00402511	40000.000000	0.00162841	40000.000000	0.000457615	40000.000000	0.000457359	40000.000000	0.000457619	40000.000000	0.00162841	40000.000000	1.81119e-09	
42000.000000	0.00432868	42000.000000	0.00169314	42000.000000	0.000459268	42000.000000	0.000459019	42000.000000	0.000459267	42000.000000	0.00169313	42000.000000	1.72952e-09	
44000.000000	0.00464387	44000.000000	0.00175772	44000.000000	0.000460838	44000.000000	0.000460597	44000.000000	0.000460832	44000.000000	0.00175771	44000.000000	1.65507e-09	
46000.000000	0.0049708 	46000.000000	0.00182215	46000.000000	0.000462333	46000.000000	0.000462101	46000.000000	0.000462323	46000.000000	0.00182215	46000.000000	1.58691e-09	
48000.000000	0.0053096 	48000.000000	0.00188646	48000.000000	0.000463758	48000.000000	0.000463538	48000.000000	0.000463746	48000.000000	0.00188645	48000.000000	1.52428e-09	
50000.000000	0.00566039	50000.000000	0.00195063	50000.000000	0.00046512	50000.000000	0.000464912	50000.000000	0.000465105	50000.000000	0.00195063	50000.000000	1.46653e-09	
