*Energy (MeV/u)1	0 - [He-base] F.Hubert et al. AD&ND Tables 46(1990)1	Energy (MeV/u)2	1 - [H -base] J.F.Ziegler et al.Pergamon Press.NY(low energy)	Energy (MeV/u)3	2 - ATIMA 1.2 LS-theory (recommended for high energy)	Energy (MeV/u)4	3 - ATIMA 1.2 without LS-correction	Energy (MeV/u)5	4 - ATIMA 1.4 H.Weick. improved mean charge formula for HI	Energy (MeV/u)6	5 - electrical component of [1] - J.F.Ziegler et al	Energy (MeV/u)7	6 - nuclear component of [1] - J.F.Ziegler et al	
0.001000	0.153178  	0.001000	0.082614  	0.001000	0.0969503 	0.001000	0.0969503 	0.001000	0.0969103 	0.001000	0.0449264 	0.001000	0.0376876 	
0.002000	0.17922   	0.002000	0.0951442 	0.002000	0.113178  	0.002000	0.113178  	0.002000	0.113152  	0.002000	0.0657762 	0.002000	0.0293681 	
0.005000	0.252309  	0.005000	0.127452  	0.005000	0.151089  	0.005000	0.151089  	0.005000	0.151077  	0.005000	0.108877  	0.005000	0.0185747 	
0.008000	0.313512  	0.008000	0.155022  	0.008000	0.181646  	0.008000	0.181646  	0.008000	0.181638  	0.008000	0.140994  	0.008000	0.0140277 	
0.010000	0.349908  	0.010000	0.171574  	0.010000	0.199572  	0.010000	0.199572  	0.010000	0.199565  	0.010000	0.159405  	0.010000	0.0121691 	
0.015000	0.410949  	0.015000	0.208511  	0.015000	0.238802  	0.015000	0.238802  	0.015000	0.238798  	0.015000	0.199229  	0.015000	0.00928222	
0.020000	0.4588    	0.020000	0.239471  	0.020000	0.276749  	0.020000	0.276749  	0.020000	0.276817  	0.020000	0.231949  	0.020000	0.00752199	
0.025000	0.510842  	0.025000	0.270124  	0.025000	0.313834  	0.025000	0.313834  	0.025000	0.313832  	0.025000	0.263711  	0.025000	0.00641224	
0.030000	0.553034  	0.030000	0.298126  	0.030000	0.338433  	0.030000	0.338433  	0.030000	0.338431  	0.030000	0.292513  	0.030000	0.00561225	
0.035000	0.586782  	0.035000	0.322575  	0.035000	0.360217  	0.035000	0.360217  	0.035000	0.360215  	0.035000	0.317569  	0.035000	0.00500523	
0.040000	0.612671  	0.040000	0.344789  	0.040000	0.379474  	0.040000	0.379474  	0.040000	0.379473  	0.040000	0.340262  	0.040000	0.00452718	
0.045000	0.63112   	0.045000	0.364963  	0.045000	0.396448  	0.045000	0.396448  	0.045000	0.396447  	0.045000	0.360824  	0.045000	0.00413989	
0.050000	0.642654  	0.050000	0.3833    	0.050000	0.411361  	0.050000	0.411361  	0.050000	0.41136   	0.050000	0.379481  	0.050000	0.00381907	
0.055000	0.668229  	0.055000	0.398248  	0.055000	0.424421  	0.055000	0.424421  	0.055000	0.42442   	0.055000	0.394699  	0.055000	0.0035485 	
0.060000	0.689495  	0.060000	0.411666  	0.060000	0.435825  	0.060000	0.435825  	0.060000	0.435824  	0.060000	0.408349  	0.060000	0.00331691	
0.070000	0.720476  	0.070000	0.434723  	0.070000	0.454389  	0.070000	0.454389  	0.070000	0.454389  	0.070000	0.431782  	0.070000	0.00294043	
0.080000	0.753686  	0.080000	0.45312   	0.080000	0.468369  	0.080000	0.468369  	0.080000	0.468369  	0.080000	0.450473  	0.080000	0.00264668	
0.090000	0.777621  	0.090000	0.468685  	0.090000	0.478851  	0.090000	0.478851  	0.090000	0.47885   	0.090000	0.466274  	0.090000	0.00241047	
0.100000	0.795291  	0.100000	0.482221  	0.100000	0.486695  	0.100000	0.486695  	0.100000	0.486694  	0.100000	0.480005  	0.100000	0.00221601	
0.120000	0.806513  	0.120000	0.49905   	0.120000	0.496947  	0.120000	0.496947  	0.120000	0.496947  	0.120000	0.497136  	0.120000	0.00191385	
0.140000	0.808467  	0.140000	0.511566  	0.140000	0.502635  	0.140000	0.502635  	0.140000	0.502635  	0.140000	0.509876  	0.140000	0.00168913	
0.160000	0.808536  	0.160000	0.522319  	0.160000	0.505642  	0.160000	0.505642  	0.160000	0.505642  	0.160000	0.520804  	0.160000	0.00151489	
0.180000	0.80755   	0.180000	0.529641  	0.180000	0.506968  	0.180000	0.506968  	0.180000	0.506968  	0.180000	0.528265  	0.180000	0.0013755 	
0.200000	0.809688  	0.200000	0.537213  	0.200000	0.507154  	0.200000	0.507154  	0.200000	0.507154  	0.200000	0.535952  	0.200000	0.00126124	
0.250000	0.793121  	0.250000	0.541311  	0.250000	0.504392  	0.250000	0.504392  	0.250000	0.504392  	0.250000	0.540262  	0.250000	0.00104846	
0.300000	0.790533  	0.300000	0.549045  	0.300000	0.501917  	0.300000	0.501917  	0.300000	0.501917  	0.300000	0.548145  	0.300000	0.000900584	
0.350000	0.781344  	0.350000	0.546533  	0.350000	0.497602  	0.350000	0.497602  	0.350000	0.497602  	0.350000	0.545741  	0.350000	0.000791403	
0.400000	0.768155  	0.400000	0.538399  	0.400000	0.490601  	0.400000	0.490601  	0.400000	0.490601  	0.400000	0.537692  	0.400000	0.000707238	
0.450000	0.750794  	0.450000	0.525315  	0.450000	0.481426  	0.450000	0.481426  	0.450000	0.481426  	0.450000	0.524674  	0.450000	0.000640228	
0.500000	0.733916  	0.500000	0.511624  	0.500000	0.471738  	0.500000	0.471738  	0.500000	0.471738  	0.500000	0.511039  	0.500000	0.000585523	
0.600000	0.673534  	0.600000	0.488634  	0.600000	0.451991  	0.600000	0.451991  	0.600000	0.451991  	0.600000	0.488132  	0.600000	0.000501371	
0.700000	0.613082  	0.700000	0.461966  	0.700000	0.432736  	0.700000	0.432736  	0.700000	0.432736  	0.700000	0.461526  	0.700000	0.000439483	
0.800000	0.586367  	0.800000	0.44946   	0.800000	0.414481  	0.800000	0.414481  	0.800000	0.414481  	0.800000	0.449068  	0.800000	0.000391928	
0.900000	0.557905  	0.900000	0.434326  	0.900000	0.397369  	0.900000	0.397369  	0.900000	0.397369  	0.900000	0.433972  	0.900000	0.000354167	
1.000000	0.529657  	1.000000	0.418068  	1.000000	0.380413  	1.000000	0.380413  	1.000000	0.380413  	1.000000	0.417744  	1.000000	0.000323409	
1.250000	0.464866  	1.250000	0.372844  	1.250000	0.344072  	1.250000	0.344072  	1.250000	0.344072  	1.250000	0.372578  	1.250000	0.00026662	
1.500000	0.403607  	1.500000	0.325911  	1.500000	0.314241  	1.500000	0.314241  	1.500000	0.314241  	1.500000	0.325684  	1.500000	0.000227557	
1.750000	0.35871   	1.750000	0.29283   	1.750000	0.289022  	1.750000	0.289022  	1.750000	0.289022  	1.750000	0.292632  	1.750000	0.000198944	
2.000000	0.323994  	2.000000	0.267989  	2.000000	0.267395  	2.000000	0.267395  	2.000000	0.267395  	2.000000	0.267812  	2.000000	0.000177028	
2.250000	0.296585  	2.250000	0.246575  	2.250000	0.248596  	2.250000	0.248596  	2.250000	0.248596  	2.250000	0.246416  	2.250000	0.000159673	
2.500000	0.2647    	2.500000	0.229015  	2.500000	0.232161  	2.500000	0.232161  	2.500000	0.232161  	2.500000	0.22887   	2.500000	0.000145569	
3.000000	0.232582  	3.000000	0.201517  	3.000000	0.204945  	3.000000	0.204945  	3.000000	0.204945  	3.000000	0.201393  	3.000000	0.000123994	
3.500000	0.207832  	3.500000	0.180631  	3.500000	0.183474  	3.500000	0.183474  	3.500000	0.183474  	3.500000	0.180523  	3.500000	0.000108228	
4.000000	0.188143  	4.000000	0.164056  	4.000000	0.166199  	4.000000	0.166199  	4.000000	0.166199  	4.000000	0.16396   	4.000000	9.61758e-05	
4.500000	0.172084  	4.500000	0.150523  	4.500000	0.152046  	4.500000	0.152046  	4.500000	0.152046  	4.500000	0.150436  	4.500000	8.66468e-05	
5.000000	0.158721  	5.000000	0.139242  	5.000000	0.140262  	5.000000	0.140262  	5.000000	0.140262  	5.000000	0.139163  	5.000000	7.89138e-05	
5.500000	0.147418  	5.500000	0.129684  	5.500000	0.130305  	5.500000	0.130305  	5.500000	0.130305  	5.500000	0.129611  	5.500000	7.25061e-05	
6.000000	0.137725  	6.000000	0.121476  	6.000000	0.121784  	6.000000	0.121784  	6.000000	0.121784  	6.000000	0.121409  	6.000000	6.71051e-05	
6.500000	0.129316  	6.500000	0.114347  	6.500000	0.114409  	6.500000	0.114409  	6.500000	0.114409  	6.500000	0.114284  	6.500000	6.24876e-05	
7.000000	0.121947  	7.000000	0.108092  	7.000000	0.107959  	7.000000	0.107959  	7.000000	0.107959  	7.000000	0.108034  	7.000000	5.84923e-05	
7.500000	0.115433  	7.500000	0.102557  	7.500000	0.102269  	7.500000	0.102269  	7.500000	0.102269  	7.500000	0.102502  	7.500000	5.49996e-05	
8.000000	0.109631  	8.000000	0.0976214 	8.000000	0.0972092 	8.000000	0.0972092 	8.000000	0.0972093 	8.000000	0.0975695 	8.000000	5.19188e-05	
8.500000	0.104429  	8.500000	0.0931898 	8.500000	0.0926776 	8.500000	0.0926776 	8.500000	0.0926776 	8.500000	0.0931406 	8.500000	4.91801e-05	
9.000000	0.0997369 	9.000000	0.0891867 	9.000000	0.0885933 	9.000000	0.0885933 	9.000000	0.0885934 	9.000000	0.08914   	9.000000	4.67287e-05	
9.500000	0.0954813 	9.500000	0.0855511 	9.500000	0.0848914 	9.500000	0.0848914 	9.500000	0.0848915 	9.500000	0.0855065 	9.500000	4.45209e-05	
10.000000	0.0916034 	10.000000	0.0826261 	10.000000	0.0815188 	10.000000	0.0815188 	10.000000	0.0815188 	10.000000	0.0825835 	10.000000	4.25216e-05	
11.000000	0.0847925 	11.000000	0.0769743 	11.000000	0.0756157 	11.000000	0.0756298 	11.000000	0.075616  	11.000000	0.0769353 	11.000000	3.90391e-05	
12.000000	0.0790011 	12.000000	0.0720928 	12.000000	0.0706039 	12.000000	0.0706271 	12.000000	0.0706048 	12.000000	0.0720567 	12.000000	3.61065e-05	
13.000000	0.0740129 	13.000000	0.0678341 	13.000000	0.066291  	13.000000	0.0663195 	13.000000	0.0662922 	13.000000	0.0678005 	13.000000	3.36013e-05	
14.000000	0.069669  	14.000000	0.0640858 	14.000000	0.0625372 	14.000000	0.0625679 	14.000000	0.0625379 	14.000000	0.0640544 	14.000000	3.14352e-05	
15.000000	0.0658502 	15.000000	0.0607609 	15.000000	0.059238  	15.000000	0.0592687 	15.000000	0.0592376 	15.000000	0.0607313 	15.000000	2.95429e-05	
16.000000	0.0624653 	16.000000	0.0577908 	16.000000	0.0563127 	16.000000	0.0563428 	16.000000	0.0563117 	16.000000	0.0577629 	16.000000	2.78748e-05	
17.000000	0.059443  	17.000000	0.0551211 	17.000000	0.0536995 	17.000000	0.0537289 	17.000000	0.0536988 	17.000000	0.0550948 	17.000000	2.63928e-05	
18.000000	0.0567271 	18.000000	0.0527081 	18.000000	0.0513513 	18.000000	0.0513788 	18.000000	0.05135   	18.000000	0.052683  	18.000000	2.5067e-05	
19.000000	0.0542725 	19.000000	0.0505159 	19.000000	0.0492286 	19.000000	0.0492538 	19.000000	0.0492269 	19.000000	0.050492  	19.000000	2.38735e-05	
20.000000	0.0520425 	20.000000	0.0485153 	20.000000	0.0472985 	20.000000	0.0473227 	20.000000	0.0472981 	20.000000	0.0484925 	20.000000	2.27932e-05	
21.000000	0.0500072 	21.000000	0.0466818 	21.000000	0.0455366 	21.000000	0.04556   	21.000000	0.0455376 	21.000000	0.04666   	21.000000	2.18105e-05	
22.000000	0.0481416 	22.000000	0.0449952 	22.000000	0.0439238 	22.000000	0.0439443 	22.000000	0.0439245 	22.000000	0.0449742 	22.000000	2.09126e-05	
23.000000	0.0464251 	23.000000	0.0434381 	23.000000	0.0424416 	23.000000	0.042458  	23.000000	0.0424407 	23.000000	0.0434181 	23.000000	2.00888e-05	
24.000000	0.0448401 	24.000000	0.0419962 	24.000000	0.0410729 	24.000000	0.0410862 	24.000000	0.0410715 	24.000000	0.0419769 	24.000000	1.93302e-05	
25.000000	0.0433718 	25.000000	0.0406568 	25.000000	0.0398046 	25.000000	0.0398162 	25.000000	0.0398042 	25.000000	0.0406382 	25.000000	1.86292e-05	
27.000000	0.0407365 	27.000000	0.0382444 	27.000000	0.037532  	27.000000	0.03754   	27.000000	0.0375333 	27.000000	0.038227  	27.000000	1.73753e-05	
29.000000	0.0384373 	29.000000	0.0361313 	29.000000	0.0355562 	29.000000	0.0355597 	29.000000	0.0355581 	29.000000	0.036115  	29.000000	1.62859e-05	
31.000000	0.0364129 	31.000000	0.0342642 	31.000000	0.0337794 	31.000000	0.0337784 	31.000000	0.0337818 	31.000000	0.0342489 	31.000000	1.53304e-05	
33.000000	0.0346159 	33.000000	0.0326022 	33.000000	0.0321592 	33.000000	0.0321542 	33.000000	0.0321616 	33.000000	0.0325877 	33.000000	1.4485e-05	
35.000000	0.0330093 	35.000000	0.0311127 	35.000000	0.0307069 	35.000000	0.0306985 	35.000000	0.0307091 	35.000000	0.031099  	35.000000	1.37316e-05	
38.000000	0.0308941 	38.000000	0.0291468 	38.000000	0.0287893 	38.000000	0.0287765 	38.000000	0.0287909 	38.000000	0.029134  	38.000000	1.27432e-05	
41.000000	0.0290669 	41.000000	0.0274444 	41.000000	0.0271276 	41.000000	0.0271113 	41.000000	0.0271284 	41.000000	0.0274325 	41.000000	1.18928e-05	
44.000000	0.0274716 	44.000000	0.0259553 	44.000000	0.0256728 	44.000000	0.0256537 	44.000000	0.0256728 	44.000000	0.0259441 	44.000000	1.11528e-05	
47.000000	0.0260659 	47.000000	0.0246413 	47.000000	0.0243885 	47.000000	0.0243665 	47.000000	0.0243872 	47.000000	0.0246308 	47.000000	1.0503e-05	
50.000000	0.0248174 	50.000000	0.0234728 	50.000000	0.0232427 	50.000000	0.0232209 	50.000000	0.0232428 	50.000000	0.0234629 	50.000000	9.92754e-06	
55.000000	0.0230188 	55.000000	0.021788  	55.000000	0.0215902 	55.000000	0.0215673 	55.000000	0.0215906 	55.000000	0.0217789 	55.000000	9.10166e-06	
60.000000	0.0215003 	60.000000	0.0203643 	60.000000	0.0201927 	60.000000	0.020168  	60.000000	0.0201922 	60.000000	0.0203559 	60.000000	8.40731e-06	
65.000000	0.0201998 	65.000000	0.0191448 	65.000000	0.0189918 	65.000000	0.0189678 	65.000000	0.0189925 	65.000000	0.019137  	65.000000	7.81504e-06	
70.000000	0.0190728 	70.000000	0.018088  	70.000000	0.0179527 	70.000000	0.0179264 	70.000000	0.0179513 	70.000000	0.0180807 	70.000000	7.30363e-06	
75.000000	0.018086  	75.000000	0.0171632 	75.000000	0.0170387 	75.000000	0.0170138 	75.000000	0.0170389 	75.000000	0.0171563 	75.000000	6.8574e-06	
80.000000	0.0172143 	80.000000	0.0163466 	80.000000	0.0162332 	80.000000	0.0162072 	80.000000	0.0162323 	80.000000	0.0163402 	80.000000	6.46448e-06	
85.000000	0.0164383 	85.000000	0.0156203 	85.000000	0.0155137 	85.000000	0.0154889 	85.000000	0.015514  	85.000000	0.0156142 	85.000000	6.11575e-06	
90.000000	0.0157426 	90.000000	0.0149699 	90.000000	0.0148708 	90.000000	0.0148451 	90.000000	0.01487   	90.000000	0.0149641 	90.000000	5.80407e-06	
95.000000	0.0151152 	95.000000	0.0143839 	95.000000	0.014289  	95.000000	0.0142645 	95.000000	0.0142893 	95.000000	0.0143784 	95.000000	5.52375e-06	
100.000000	0.0145463 	100.000000	0.0138532 	100.000000	0.0137635 	100.000000	0.0137382 	100.000000	0.0137629 	100.000000	0.0138479 	100.000000	5.27024e-06	
105.000000	0.0140277 	105.000000	0.0133702 	105.000000	0.0132831 	105.000000	0.0132589 	105.000000	0.0132833 	105.000000	0.0133652 	105.000000	5.03983e-06	
110.000000	0.0135531 	110.000000	0.0129287 	110.000000	0.0128452 	110.000000	0.0128204 	110.000000	0.0128447 	110.000000	0.0129239 	110.000000	4.82944e-06	
115.000000	0.0131169 	115.000000	0.0125235 	115.000000	0.012442  	115.000000	0.0124177 	115.000000	0.0124418 	115.000000	0.0125189 	115.000000	4.63656e-06	
120.000000	0.0127145 	120.000000	0.0121503 	120.000000	0.0120706 	120.000000	0.0120466 	120.000000	0.0120705 	120.000000	0.0121458 	120.000000	4.45905e-06	
125.000000	0.012342  	125.000000	0.0118054 	125.000000	0.0117279 	125.000000	0.0117035 	125.000000	0.0117271 	125.000000	0.0118011 	125.000000	4.29513e-06	
130.000000	0.0119962 	130.000000	0.0114857 	130.000000	0.0114087 	130.000000	0.0113852 	130.000000	0.0114087 	130.000000	0.0114816 	130.000000	4.14327e-06	
135.000000	0.0116741 	135.000000	0.0111885 	135.000000	0.0111118 	135.000000	0.0110893 	135.000000	0.0111125 	135.000000	0.0111845 	135.000000	4.00217e-06	
140.000000	0.0113734 	140.000000	0.0109115 	140.000000	0.0108361 	140.000000	0.0108133 	140.000000	0.0108363 	140.000000	0.0109076 	140.000000	3.87072e-06	
145.000000	0.011092  	145.000000	0.0106527 	145.000000	0.0105783 	145.000000	0.0105554 	145.000000	0.0105782 	145.000000	0.0106489 	145.000000	3.74795e-06	
150.000000	0.010828  	150.000000	0.0104103 	150.000000	0.010336  	150.000000	0.0103137 	150.000000	0.0103364 	150.000000	0.0104067 	150.000000	3.63301e-06	
155.000000	0.0104562 	155.000000	0.0101828 	155.000000	0.0101093 	155.000000	0.0100869 	155.000000	0.0101094 	155.000000	0.0101793 	155.000000	3.52517e-06	
160.000000	0.0102383 	160.000000	0.00996896	160.000000	0.00989618	160.000000	0.00987361	160.000000	0.00989584	160.000000	0.00996553	160.000000	3.42378e-06	
165.000000	0.0100329 	165.000000	0.00976746	165.000000	0.00969454	165.000000	0.00967261	165.000000	0.00969466	165.000000	0.00976414	165.000000	3.32828e-06	
170.000000	0.00983875	170.000000	0.00957731	170.000000	0.00950475	170.000000	0.00948289	170.000000	0.00950475	170.000000	0.00957407	170.000000	3.23815e-06	
175.000000	0.00965509	175.000000	0.00939757	175.000000	0.00932573	175.000000	0.00930352	175.000000	0.00932521	175.000000	0.00939442	175.000000	3.15296e-06	
180.000000	0.00948103	180.000000	0.0092274 	180.000000	0.00915561	180.000000	0.00913369	180.000000	0.00915522	180.000000	0.00922432	180.000000	3.0723e-06	
185.000000	0.00931584	185.000000	0.00906605	185.000000	0.00899391	185.000000	0.00897266	185.000000	0.00899401	185.000000	0.00906306	185.000000	2.99581e-06	
190.000000	0.00915885	190.000000	0.00891286	190.000000	0.00884049	190.000000	0.00881976	190.000000	0.00884096	190.000000	0.00890994	190.000000	2.92318e-06	
195.000000	0.00900945	195.000000	0.00876723	195.000000	0.00869512	195.000000	0.00867439	195.000000	0.00869544	195.000000	0.00876437	195.000000	2.85411e-06	
200.000000	0.0088671 	200.000000	0.0086286 	200.000000	0.00855705	200.000000	0.00853602	200.000000	0.00855691	200.000000	0.00862581	200.000000	2.78836e-06	
210.000000	0.00860162	210.000000	0.00837044	210.000000	0.00829876	210.000000	0.00827835	210.000000	0.00829896	210.000000	0.00836777	210.000000	2.66585e-06	
220.000000	0.00835898	220.000000	0.00813495	220.000000	0.00806395	220.000000	0.00804333	220.000000	0.00806366	220.000000	0.00813239	220.000000	2.55403e-06	
230.000000	0.00813633	230.000000	0.00791928	230.000000	0.0078484 	230.000000	0.00782814	230.000000	0.00784821	230.000000	0.00791682	230.000000	2.45153e-06	
240.000000	0.00793129	240.000000	0.00772103	240.000000	0.00764982	240.000000	0.00763039	240.000000	0.00765021	240.000000	0.00771868	240.000000	2.35722e-06	
250.000000	0.00774184	250.000000	0.0075382 	250.000000	0.00746761	250.000000	0.00744807	250.000000	0.00746766	250.000000	0.00753593	250.000000	2.27015e-06	
260.000000	0.00756625	260.000000	0.00736906	260.000000	0.00729893	260.000000	0.00727947	260.000000	0.00729884	260.000000	0.00736687	260.000000	2.18951e-06	
270.000000	0.00740306	270.000000	0.00721215	270.000000	0.00714216	270.000000	0.00712312	270.000000	0.00714229	270.000000	0.00721003	270.000000	2.1146e-06	
280.000000	0.007251  	280.000000	0.00706619	280.000000	0.00699708	280.000000	0.00697776	280.000000	0.00699672	280.000000	0.00706415	280.000000	2.04482e-06	
290.000000	0.00710896	290.000000	0.0069301 	290.000000	0.0068613 	290.000000	0.0068423 	290.000000	0.00686108	290.000000	0.00692812	290.000000	1.97966e-06	
300.000000	0.006976  	300.000000	0.00680292	300.000000	0.00673417	300.000000	0.00671577	300.000000	0.00673436	300.000000	0.006801  	300.000000	1.91866e-06	
310.000000	0.00685127	310.000000	0.00668382	310.000000	0.00661552	310.000000	0.00659734	310.000000	0.00661577	310.000000	0.00668196	310.000000	1.86145e-06	
320.000000	0.00673404	320.000000	0.00657206	320.000000	0.0065047 	320.000000	0.00648629	320.000000	0.00650455	320.000000	0.00657025	320.000000	1.80766e-06	
330.000000	0.00662366	330.000000	0.006467  	330.000000	0.00640026	330.000000	0.00638196	330.000000	0.00640007	330.000000	0.00646524	330.000000	1.75701e-06	
340.000000	0.00651955	340.000000	0.00636806	340.000000	0.00630162	340.000000	0.00628378	340.000000	0.00630174	340.000000	0.00636636	340.000000	1.70922e-06	
350.000000	0.0064212 	350.000000	0.00627475	350.000000	0.00620868	350.000000	0.00619123	350.000000	0.00620905	350.000000	0.00627308	350.000000	1.66404e-06	
360.000000	0.00632815	360.000000	0.0061866 	360.000000	0.00612131	360.000000	0.00610387	360.000000	0.00612155	360.000000	0.00618498	360.000000	1.62128e-06	
370.000000	0.00624   	370.000000	0.00610321	370.000000	0.00603891	370.000000	0.00602128	370.000000	0.00603884	370.000000	0.00610163	370.000000	1.58073e-06	
380.000000	0.00615637	380.000000	0.00602421	380.000000	0.00596055	380.000000	0.00594311	380.000000	0.00596054	380.000000	0.00602267	380.000000	1.54224e-06	
390.000000	0.00607694	390.000000	0.00594929	390.000000	0.00588615	390.000000	0.00586901	390.000000	0.00588632	390.000000	0.00594778	390.000000	1.50564e-06	
400.000000	0.00600139	400.000000	0.00587814	400.000000	0.0058159 	400.000000	0.00579869	400.000000	0.00581589	400.000000	0.00587667	400.000000	1.4708e-06	
410.000000	0.00592948	410.000000	0.00581049	410.000000	0.00574924	410.000000	0.00573189	410.000000	0.00574898	410.000000	0.00580905	410.000000	1.43759e-06	
420.000000	0.00586094	420.000000	0.00574611	420.000000	0.00568559	420.000000	0.00566836	420.000000	0.00568534	420.000000	0.0057447 	420.000000	1.4059e-06	
430.000000	0.00579555	430.000000	0.00568476	430.000000	0.0056248 	430.000000	0.00560787	430.000000	0.00562475	430.000000	0.00568339	430.000000	1.37562e-06	
440.000000	0.00573311	440.000000	0.00562626	440.000000	0.00556685	440.000000	0.00555023	440.000000	0.00556701	440.000000	0.00562492	440.000000	1.34667e-06	
450.000000	0.00567343	450.000000	0.00557042	450.000000	0.00551169	450.000000	0.00549525	450.000000	0.00551193	450.000000	0.0055691 	450.000000	1.31895e-06	
460.000000	0.00561634	460.000000	0.00551707	460.000000	0.00545922	460.000000	0.00544275	460.000000	0.00545935	460.000000	0.00551578	460.000000	1.29239e-06	
470.000000	0.00556169	470.000000	0.00546605	470.000000	0.00540918	470.000000	0.00539259	470.000000	0.0054091 	470.000000	0.00546478	470.000000	1.26691e-06	
480.000000	0.00550932	480.000000	0.00541722	480.000000	0.00536124	480.000000	0.00534462	480.000000	0.00536104	480.000000	0.00541598	480.000000	1.24246e-06	
490.000000	0.00545911	490.000000	0.00537046	490.000000	0.00531518	490.000000	0.00529871	490.000000	0.00531505	490.000000	0.00536924	490.000000	1.21896e-06	
500.000000	0.00541094	500.000000	0.00532565	500.000000	0.00527097	500.000000	0.00525473	500.000000	0.005271  	500.000000	0.00532445	500.000000	1.19637e-06	
520.000000	0.00532024	520.000000	0.0052414 	520.000000	0.00518798	520.000000	0.00517216	520.000000	0.00518828	520.000000	0.00524025	520.000000	1.15369e-06	
540.000000	0.00523641	540.000000	0.00516371	540.000000	0.00511197	540.000000	0.0050961 	540.000000	0.00511207	540.000000	0.00516259	540.000000	1.11405e-06	
560.000000	0.00515875	560.000000	0.00509188	560.000000	0.00504181	560.000000	0.00502586	560.000000	0.00504171	560.000000	0.0050908 	560.000000	1.07714e-06	
580.000000	0.00508667	580.000000	0.00502532	580.000000	0.0049765 	580.000000	0.00496086	580.000000	0.00497658	580.000000	0.00502428	580.000000	1.04267e-06	
600.000000	0.00501962	600.000000	0.00496352	600.000000	0.00491617	600.000000	0.00490056	600.000000	0.00491617	600.000000	0.00496251	600.000000	1.01041e-06	
620.000000	0.00495715	620.000000	0.00490604	620.000000	0.00486027	620.000000	0.00484453	620.000000	0.00486002	620.000000	0.00490506	620.000000	9.80155e-07	
640.000000	0.00489884	640.000000	0.00485247	640.000000	0.00480796	640.000000	0.00479236	640.000000	0.00480775	640.000000	0.00485152	640.000000	9.51719e-07	
660.000000	0.00484435	660.000000	0.00480248	660.000000	0.004759  	660.000000	0.0047437 	660.000000	0.00475899	660.000000	0.00480156	660.000000	9.2494e-07	
680.000000	0.00479335	680.000000	0.00475576	680.000000	0.0047133 	680.000000	0.00469824	680.000000	0.00471344	680.000000	0.00475486	680.000000	8.99677e-07	
700.000000	0.00474555	700.000000	0.00471203	700.000000	0.0046707 	700.000000	0.00465571	700.000000	0.00467083	700.000000	0.00471115	700.000000	8.75803e-07	
720.000000	0.00470071	720.000000	0.00467104	720.000000	0.00463095	720.000000	0.00461586	720.000000	0.0046309 	720.000000	0.00467019	720.000000	8.53205e-07	
740.000000	0.0046586 	740.000000	0.0046326 	740.000000	0.00459393	740.000000	0.00457878	740.000000	0.00459374	740.000000	0.00463176	740.000000	8.31783e-07	
760.000000	0.00461901	760.000000	0.00459649	760.000000	0.00455968	760.000000	0.00454464	760.000000	0.00455952	760.000000	0.00459567	760.000000	8.11445e-07	
780.000000	0.00458176	780.000000	0.00456254	780.000000	0.00452737	780.000000	0.00451253	780.000000	0.00452734	780.000000	0.00456175	780.000000	7.92111e-07	
800.000000	0.00454669	800.000000	0.0045306 	800.000000	0.00449693	800.000000	0.00448229	800.000000	0.00449703	800.000000	0.00452982	800.000000	7.73708e-07	
820.000000	0.00451363	820.000000	0.00450052	820.000000	0.00446828	820.000000	0.00445379	820.000000	0.00446847	820.000000	0.00449976	820.000000	7.56168e-07	
840.000000	0.00448247	840.000000	0.00447217	840.000000	0.00444135	840.000000	0.00442691	840.000000	0.00444153	840.000000	0.00447143	840.000000	7.39433e-07	
860.000000	0.00445307	860.000000	0.00444543	860.000000	0.00441603	860.000000	0.00440153	860.000000	0.00441608	860.000000	0.00444471	860.000000	7.23446e-07	
880.000000	0.00442532	880.000000	0.0044202 	880.000000	0.00439212	880.000000	0.00437754	880.000000	0.00439204	880.000000	0.0044195 	880.000000	7.08159e-07	
900.000000	0.00439912	900.000000	0.00439638	900.000000	0.00436945	900.000000	0.00435486	900.000000	0.00436931	900.000000	0.00439569	900.000000	6.93527e-07	
920.000000	0.00437437	920.000000	0.00437388	920.000000	0.00434791	920.000000	0.00433339	920.000000	0.00434779	920.000000	0.0043732 	920.000000	6.79506e-07	
940.000000	0.00435098	940.000000	0.00435262	940.000000	0.00432745	940.000000	0.00431306	940.000000	0.00432741	940.000000	0.00435195	940.000000	6.6606e-07	
960.000000	0.00432887	960.000000	0.00433251	960.000000	0.00430804	960.000000	0.0042938 	960.000000	0.00430809	960.000000	0.00433186	960.000000	6.53154e-07	
980.000000	0.00430797	980.000000	0.0043135 	980.000000	0.00428964	980.000000	0.00427553	980.000000	0.00428978	980.000000	0.00431286	980.000000	6.40754e-07	
1000.000000	0.00428822	1000.000000	0.00429552	1000.000000	0.0042722 	1000.000000	0.0042582 	1000.000000	0.0042724 	1000.000000	0.00429489	1000.000000	6.28832e-07	
1020.000000	0.00426954	1020.000000	0.0042785 	1020.000000	0.00425568	1020.000000	0.00424174	1020.000000	0.0042559 	1020.000000	0.00427788	1020.000000	6.17361e-07	
1040.000000	0.00425189	1040.000000	0.0042624 	1040.000000	0.00424006	1040.000000	0.00422611	1040.000000	0.00424023	1040.000000	0.00426179	1040.000000	6.06314e-07	
1060.000000	0.00423519	1060.000000	0.00424716	1060.000000	0.00422526	1060.000000	0.00421126	1060.000000	0.00422535	1060.000000	0.00424656	1060.000000	5.95669e-07	
1080.000000	0.00421942	1080.000000	0.00423274	1080.000000	0.0042112 	1080.000000	0.00419715	1080.000000	0.00421119	1080.000000	0.00423215	1080.000000	5.85403e-07	
1100.000000	0.00420451	1100.000000	0.00421909	1100.000000	0.00419781	1100.000000	0.00418372	1100.000000	0.00419773	1100.000000	0.00421851	1100.000000	5.75497e-07	
1120.000000	0.00419043	1120.000000	0.00420617	1120.000000	0.00418501	1120.000000	0.00417095	1120.000000	0.00418492	1120.000000	0.0042056 	1120.000000	5.65931e-07	
1140.000000	0.00417713	1140.000000	0.00419394	1140.000000	0.00417279	1140.000000	0.00415879	1140.000000	0.00417273	1140.000000	0.00419338	1140.000000	5.56689e-07	
1160.000000	0.00416457	1160.000000	0.00418238	1160.000000	0.00416113	1160.000000	0.00414722	1160.000000	0.00416113	1160.000000	0.00418183	1160.000000	5.47754e-07	
1180.000000	0.00415273	1180.000000	0.00417144	1180.000000	0.00415003	1180.000000	0.0041362 	1180.000000	0.00415007	1180.000000	0.0041709 	1180.000000	5.39111e-07	
1200.000000	0.00414156	1200.000000	0.00416109	1200.000000	0.00413948	1200.000000	0.0041257 	1200.000000	0.00413954	1200.000000	0.00416056	1200.000000	5.30745e-07	
1220.000000	0.00413105	1220.000000	0.00415131	1220.000000	0.00412946	1220.000000	0.0041157 	1220.000000	0.00412951	1220.000000	0.00415079	1220.000000	5.22643e-07	
1240.000000	0.00412114	1240.000000	0.00414208	1240.000000	0.00411995	1240.000000	0.00410616	1240.000000	0.00411995	1240.000000	0.00414156	1240.000000	5.14793e-07	
1260.000000	0.00411183	1260.000000	0.00413335	1260.000000	0.0041109 	1260.000000	0.00409707	1260.000000	0.00411084	1260.000000	0.00413285	1260.000000	5.07183e-07	
1280.000000	0.00410308	1280.000000	0.00412512	1280.000000	0.00410228	1280.000000	0.00408841	1280.000000	0.00410214	1280.000000	0.00412462	1280.000000	4.99803e-07	
1300.000000	0.00409487	1300.000000	0.00411736	1300.000000	0.00409404	1300.000000	0.00408015	1300.000000	0.00409386	1300.000000	0.00411687	1300.000000	4.92641e-07	
1320.000000	0.00408718	1320.000000	0.00411004	1320.000000	0.00408617	1320.000000	0.00407227	1320.000000	0.00408595	1320.000000	0.00410956	1320.000000	4.85688e-07	
1340.000000	0.00407999	1340.000000	0.00410315	1340.000000	0.00407864	1340.000000	0.00406476	1340.000000	0.00407842	1340.000000	0.00410268	1340.000000	4.78935e-07	
1360.000000	0.00407326	1360.000000	0.00409668	1360.000000	0.00407144	1360.000000	0.00405759	1360.000000	0.00407123	1360.000000	0.0040962 	1360.000000	4.72373e-07	
1380.000000	0.004067  	1380.000000	0.00409059	1380.000000	0.00406455	1380.000000	0.00405075	1380.000000	0.00406436	1380.000000	0.00409012	1380.000000	4.65995e-07	
1400.000000	0.00406117	1400.000000	0.00408488	1400.000000	0.00405797	1400.000000	0.00404423	1400.000000	0.00405782	1400.000000	0.00408442	1400.000000	4.59792e-07	
1420.000000	0.00405576	1420.000000	0.00407953	1420.000000	0.00405169	1420.000000	0.00403801	1420.000000	0.00405158	1420.000000	0.00407907	1420.000000	4.53758e-07	
1440.000000	0.00405076	1440.000000	0.00407452	1440.000000	0.00404569	1440.000000	0.00403207	1440.000000	0.00404562	1440.000000	0.00407407	1440.000000	4.47885e-07	
1460.000000	0.00404615	1460.000000	0.00406984	1460.000000	0.00403997	1460.000000	0.00402641	1460.000000	0.00403994	1460.000000	0.0040694 	1460.000000	4.42168e-07	
1480.000000	0.00404191	1480.000000	0.00406548	1480.000000	0.00403451	1480.000000	0.00402101	1480.000000	0.00403452	1480.000000	0.00406505	1480.000000	4.36599e-07	
1500.000000	0.00403803	1500.000000	0.00406143	1500.000000	0.00402931	1500.000000	0.00401587	1500.000000	0.00402935	1500.000000	0.004061  	1500.000000	4.31173e-07	
1520.000000	0.0040345 	1520.000000	0.00405767	1520.000000	0.00402436	1520.000000	0.00401095	1520.000000	0.00402442	1520.000000	0.00405725	1520.000000	4.25885e-07	
1540.000000	0.0040313 	1540.000000	0.0040542 	1540.000000	0.00401964	1540.000000	0.00400627	1540.000000	0.00401972	1540.000000	0.00405377	1540.000000	4.2073e-07	
1560.000000	0.00402843	1560.000000	0.00405099	1560.000000	0.00401515	1560.000000	0.00400181	1560.000000	0.00401524	1560.000000	0.00405057	1560.000000	4.15701e-07	
1580.000000	0.00402587	1580.000000	0.00404804	1580.000000	0.00401088	1580.000000	0.00399756	1580.000000	0.00401097	1580.000000	0.00404763	1580.000000	4.10796e-07	
1600.000000	0.00402361	1600.000000	0.00404535	1600.000000	0.00400681	1600.000000	0.0039935 	1600.000000	0.0040069 	1600.000000	0.00404495	1600.000000	4.06008e-07	
1620.000000	0.00402164	1620.000000	0.0040429 	1620.000000	0.00400296	1620.000000	0.00398964	1620.000000	0.00400303	1620.000000	0.0040425 	1620.000000	4.01335e-07	
1640.000000	0.00401995	1640.000000	0.00404068	1640.000000	0.00399929	1640.000000	0.00398596	1640.000000	0.00399933	1640.000000	0.00404029	1640.000000	3.96771e-07	
1660.000000	0.00401854	1660.000000	0.00403869	1660.000000	0.00399581	1660.000000	0.00398246	1660.000000	0.00399582	1660.000000	0.0040383 	1660.000000	3.92314e-07	
1680.000000	0.00401739	1680.000000	0.00403692	1680.000000	0.00399249	1680.000000	0.00397913	1680.000000	0.00399247	1680.000000	0.00403653	1680.000000	3.87959e-07	
1700.000000	0.00401649	1700.000000	0.00403535	1700.000000	0.00398934	1700.000000	0.00397596	1700.000000	0.00398929	1700.000000	0.00403497	1700.000000	3.83702e-07	
1750.000000	0.0040153 	1750.000000	0.00403231	1750.000000	0.00398213	1750.000000	0.00396871	1750.000000	0.003982  	1750.000000	0.00403193	1750.000000	3.73472e-07	
1800.000000	0.00401555	1800.000000	0.00403043	1800.000000	0.00397578	1800.000000	0.00396234	1800.000000	0.0039756 	1800.000000	0.00403006	1800.000000	3.6379e-07	
1850.000000	0.00401711	1850.000000	0.00402961	1850.000000	0.00397018	1850.000000	0.00395677	1850.000000	0.00396999	1850.000000	0.00402926	1850.000000	3.54612e-07	
1900.000000	0.00401989	1900.000000	0.00402978	1900.000000	0.00396529	1900.000000	0.00395192	1900.000000	0.00396512	1900.000000	0.00402944	1900.000000	3.45901e-07	
1950.000000	0.00402382	1950.000000	0.00403086	1950.000000	0.00396103	1950.000000	0.00394773	1950.000000	0.0039609 	1950.000000	0.00403053	1950.000000	3.37621e-07	
2000.000000	0.00402881	2000.000000	0.00403278	2000.000000	0.00395737	2000.000000	0.00394414	2000.000000	0.00395728	2000.000000	0.00403245	2000.000000	3.2974e-07	
2100.000000	0.00404171	2100.000000	0.00403891	2100.000000	0.00395164	2100.000000	0.00393855	2100.000000	0.00395165	2100.000000	0.00403859	2100.000000	3.15065e-07	
2200.000000	0.00405811	2200.000000	0.00404773	2200.000000	0.00394777	2200.000000	0.00393479	2200.000000	0.00394785	2200.000000	0.00404743	2200.000000	3.01679e-07	
2300.000000	0.00407761	2300.000000	0.00405891	2300.000000	0.00394547	2300.000000	0.00393256	2300.000000	0.00394557	2300.000000	0.00405862	2300.000000	2.89417e-07	
2400.000000	0.00409986	2400.000000	0.00407213	2400.000000	0.00394451	2400.000000	0.00393162	2400.000000	0.0039446 	2400.000000	0.00407185	2400.000000	2.78142e-07	
2500.000000	0.00412458	2500.000000	0.00408716	2500.000000	0.00394467	2500.000000	0.00393177	2500.000000	0.00394471	2500.000000	0.00408689	2500.000000	2.67738e-07	
2600.000000	0.00415154	2600.000000	0.00410379	2600.000000	0.00394578	2600.000000	0.00393284	2600.000000	0.00394575	2600.000000	0.00410353	2600.000000	2.58108e-07	
2700.000000	0.00418051	2700.000000	0.00412183	2700.000000	0.00394766	2700.000000	0.00393469	2700.000000	0.00394757	2700.000000	0.00412158	2700.000000	2.49166e-07	
2800.000000	0.00421132	2800.000000	0.00414113	2800.000000	0.0039502 	2800.000000	0.0039372 	2800.000000	0.00395006	2800.000000	0.00414089	2800.000000	2.40842e-07	
2900.000000	0.00424381	2900.000000	0.00416157	2900.000000	0.00395328	2900.000000	0.00394028	2900.000000	0.00395312	2900.000000	0.00416134	2900.000000	2.33072e-07	
3000.000000	0.00427785	3000.000000	0.00418302	3000.000000	0.00395683	3000.000000	0.00394384	3000.000000	0.00395665	3000.000000	0.00418279	3000.000000	2.25802e-07	
3200.000000	0.0043501 	3200.000000	0.00422857	3200.000000	0.00396506	3200.000000	0.00395213	3200.000000	0.0039649 	3200.000000	0.00422836	3200.000000	2.12581e-07	
3400.000000	0.00442729	3400.000000	0.00427713	3400.000000	0.00397446	3400.000000	0.00396161	3400.000000	0.00397435	3400.000000	0.00427693	3400.000000	2.00865e-07	
3600.000000	0.00450878	3600.000000	0.00432817	3600.000000	0.00398473	3600.000000	0.00397195	3600.000000	0.00398465	3600.000000	0.00432798	3600.000000	1.90408e-07	
3800.000000	0.00459409	3800.000000	0.0043813 	3800.000000	0.00399561	3800.000000	0.00398288	3800.000000	0.00399556	3800.000000	0.00438112	3800.000000	1.81016e-07	
4000.000000	0.0046828 	4000.000000	0.00443618	4000.000000	0.00400691	4000.000000	0.00399423	4000.000000	0.00400688	4000.000000	0.004436  	4000.000000	1.72532e-07	
4200.000000	0.0047746 	4200.000000	0.00449254	4200.000000	0.00401849	4200.000000	0.00400585	4200.000000	0.00401848	4200.000000	0.00449238	4200.000000	1.6483e-07	
4400.000000	0.00486922	4400.000000	0.00455018	4400.000000	0.00403023	4400.000000	0.00401762	4400.000000	0.00403023	4400.000000	0.00455002	4400.000000	1.57805e-07	
4600.000000	0.00496643	4600.000000	0.00460891	4600.000000	0.00404205	4600.000000	0.00402947	4600.000000	0.00404205	4600.000000	0.00460876	4600.000000	1.51371e-07	
4800.000000	0.00506604	4800.000000	0.00466859	4800.000000	0.00405388	4800.000000	0.00404132	4800.000000	0.00405389	4800.000000	0.00466844	4800.000000	1.45456e-07	
5000.000000	0.0051679 	5000.000000	0.00472909	5000.000000	0.00406567	5000.000000	0.00405314	5000.000000	0.00406568	5000.000000	0.00472895	5000.000000	1.39999e-07	
5250.000000	0.00529818	5250.000000	0.0048057 	5250.000000	0.0040803 	5250.000000	0.00406779	5250.000000	0.00408031	5250.000000	0.00480557	5250.000000	1.33743e-07	
5500.000000	0.00543153	5500.000000	0.00488327	5500.000000	0.00409476	5500.000000	0.00408226	5500.000000	0.00409477	5500.000000	0.00488314	5500.000000	1.28038e-07	
6000.000000	0.00570677	6000.000000	0.00504071	6000.000000	0.00412299	6000.000000	0.00411054	6000.000000	0.004123  	6000.000000	0.00504059	6000.000000	1.18009e-07	
6500.000000	0.00599247	6500.000000	0.00520054	6500.000000	0.0041502 	6500.000000	0.00413778	6500.000000	0.00415021	6500.000000	0.00520043	6500.000000	1.09476e-07	
7000.000000	0.00628779	7000.000000	0.00536214	7000.000000	0.00417631	7000.000000	0.00416391	7000.000000	0.00417631	7000.000000	0.00536204	7000.000000	1.02124e-07	
7500.000000	0.00659213	7500.000000	0.00552508	7500.000000	0.00420132	7500.000000	0.00418894	7500.000000	0.00420129	7500.000000	0.00552499	7500.000000	9.57227e-08	
8000.000000	0.00690501	8000.000000	0.00568903	8000.000000	0.00422526	8000.000000	0.00421287	8000.000000	0.0042252 	8000.000000	0.00568894	8000.000000	9.00968e-08	
8500.000000	0.00722609	8500.000000	0.00585375	8500.000000	0.00424811	8500.000000	0.00423577	8500.000000	0.00424806	8500.000000	0.00585366	8500.000000	8.51123e-08	
9000.000000	0.00755509	9000.000000	0.00601903	9000.000000	0.00426991	9000.000000	0.00425767	9000.000000	0.00426993	9000.000000	0.00601895	9000.000000	8.06647e-08	
9500.000000	0.00789179	9500.000000	0.00618475	9500.000000	0.00429083	9500.000000	0.00427865	9500.000000	0.00429086	9500.000000	0.00618467	9500.000000	7.66708e-08	
10000.000000	0.00823602	10000.000000	0.00635078	10000.000000	0.00431094	10000.000000	0.00429874	10000.000000	0.00431092	10000.000000	0.00635071	10000.000000	7.3064e-08	
11000.000000	0.00894652	11000.000000	0.00668347	11000.000000	0.0043487 	11000.000000	0.00433653	11000.000000	0.00434863	11000.000000	0.0066834 	11000.000000	6.68049e-08	
12000.000000	0.00968576	12000.000000	0.00701656	12000.000000	0.00438341	12000.000000	0.00437142	12000.000000	0.00438344	12000.000000	0.0070165 	12000.000000	6.15585e-08	
13000.000000	0.0104532 	13000.000000	0.00734973	13000.000000	0.00441561	13000.000000	0.00440378	13000.000000	0.00441571	13000.000000	0.00734968	13000.000000	5.70954e-08	
14000.000000	0.0112485 	14000.000000	0.00768276	14000.000000	0.00444568	14000.000000	0.0044339 	14000.000000	0.00444574	14000.000000	0.00768271	14000.000000	5.32512e-08	
15000.000000	0.0120713 	15000.000000	0.0080155 	15000.000000	0.00447384	15000.000000	0.00446205	15000.000000	0.0044738 	15000.000000	0.00801545	15000.000000	4.99045e-08	
16000.000000	0.0129215 	16000.000000	0.00834785	16000.000000	0.00450023	16000.000000	0.00448845	16000.000000	0.00450009	16000.000000	0.0083478 	16000.000000	4.69638e-08	
17000.000000	0.0137991 	17000.000000	0.00867974	17000.000000	0.00452499	17000.000000	0.00451328	17000.000000	0.00452481	17000.000000	0.00867969	17000.000000	4.43589e-08	
18000.000000	0.0147039 	18000.000000	0.00901113	18000.000000	0.0045483 	18000.000000	0.00453671	18000.000000	0.00454813	18000.000000	0.00901109	18000.000000	4.2035e-08	
19000.000000	0.015636  	19000.000000	0.009342  	19000.000000	0.00457029	19000.000000	0.00455887	19000.000000	0.00457017	19000.000000	0.00934196	19000.000000	3.99484e-08	
20000.000000	0.0165953 	20000.000000	0.00967233	20000.000000	0.00459111	20000.000000	0.00457989	20000.000000	0.00459106	20000.000000	0.0096723 	20000.000000	3.80644e-08	
21000.000000	0.017582  	21000.000000	0.0100021 	21000.000000	0.0046109 	21000.000000	0.00459987	21000.000000	0.00461091	21000.000000	0.0100021 	21000.000000	3.63545e-08	
22000.000000	0.0185961 	22000.000000	0.0103313 	22000.000000	0.00462981	22000.000000	0.0046189 	22000.000000	0.0046298 	22000.000000	0.0103313 	22000.000000	3.47955e-08	
23000.000000	0.0196376 	23000.000000	0.01066   	23000.000000	0.0046479 	23000.000000	0.00463707	23000.000000	0.00464783	23000.000000	0.01066   	23000.000000	3.33681e-08	
24000.000000	0.0207066 	24000.000000	0.0109882 	24000.000000	0.00466516	24000.000000	0.00465443	24000.000000	0.00466504	24000.000000	0.0109881 	24000.000000	3.20562e-08	
25000.000000	0.0218032 	25000.000000	0.0113158 	25000.000000	0.00468163	25000.000000	0.00467107	25000.000000	0.00468153	25000.000000	0.0113158 	25000.000000	3.08462e-08	
26000.000000	0.0229276 	26000.000000	0.0116429 	26000.000000	0.0046974 	26000.000000	0.00468703	26000.000000	0.00469732	26000.000000	0.0116428 	26000.000000	2.97265e-08	
27000.000000	0.0240798 	27000.000000	0.0119694 	27000.000000	0.00471254	27000.000000	0.00470237	27000.000000	0.0047125 	27000.000000	0.0119694 	27000.000000	2.86873e-08	
28000.000000	0.0252599 	28000.000000	0.0122955 	28000.000000	0.0047271 	28000.000000	0.00471712	28000.000000	0.00472707	28000.000000	0.0122954 	28000.000000	2.77202e-08	
29000.000000	0.0264681 	29000.000000	0.012621  	29000.000000	0.0047411 	29000.000000	0.00473134	29000.000000	0.00474111	29000.000000	0.012621  	29000.000000	2.68178e-08	
30000.000000	0.0277045 	30000.000000	0.0129461 	30000.000000	0.0047546 	30000.000000	0.00474505	30000.000000	0.00475463	30000.000000	0.0129461 	30000.000000	2.59738e-08	
32000.000000	0.0302623 	32000.000000	0.0135948 	32000.000000	0.00478022	32000.000000	0.00477108	32000.000000	0.00478028	32000.000000	0.0135948 	32000.000000	2.44396e-08	
34000.000000	0.0329346 	34000.000000	0.0142417 	34000.000000	0.00480422	34000.000000	0.00479546	34000.000000	0.00480425	34000.000000	0.0142417 	34000.000000	2.30809e-08	
36000.000000	0.0357222 	36000.000000	0.0148868 	36000.000000	0.00482673	36000.000000	0.00481837	36000.000000	0.00482672	36000.000000	0.0148868 	36000.000000	2.18688e-08	
38000.000000	0.0386265 	38000.000000	0.0155303 	38000.000000	0.0048479 	38000.000000	0.00483997	38000.000000	0.00484787	38000.000000	0.0155303 	38000.000000	2.07807e-08	
40000.000000	0.0416486 	40000.000000	0.0161722 	40000.000000	0.00486785	40000.000000	0.0048604 	40000.000000	0.00486782	40000.000000	0.0161722 	40000.000000	1.97984e-08	
42000.000000	0.0447897 	42000.000000	0.0168125 	42000.000000	0.00488673	42000.000000	0.00487978	42000.000000	0.00488669	42000.000000	0.0168125 	42000.000000	1.8907e-08	
44000.000000	0.048051  	44000.000000	0.0174514 	44000.000000	0.00490465	44000.000000	0.0048982 	44000.000000	0.00490459	44000.000000	0.0174514 	44000.000000	1.80943e-08	
46000.000000	0.0514339 	46000.000000	0.0180889 	46000.000000	0.00492171	46000.000000	0.00491576	46000.000000	0.00492159	46000.000000	0.0180889 	46000.000000	1.73503e-08	
48000.000000	0.0549395 	48000.000000	0.018725  	48000.000000	0.00493797	48000.000000	0.00493252	48000.000000	0.00493779	48000.000000	0.018725  	48000.000000	1.66666e-08	
50000.000000	0.0585692 	50000.000000	0.0193599 	50000.000000	0.00495346	50000.000000	0.00494856	50000.000000	0.00495322	50000.000000	0.0193599 	50000.000000	1.6036e-08	
