*Energy (MeV/u)1	0 - [He-base] F.Hubert et al, AD&ND Tables 46(1990)1	Energy (MeV/u)2	1 - [H -base] J.F.Ziegler et al, Pergamon Press, NY (low energy)	Energy (MeV/u)3	2 - ATIMA 1.2  LS-theory (recommended for high energy)	Energy (MeV/u)4	3 - ATIMA 1.2  without LS-correction	Energy (MeV/u)5	4 - electrical component of [1] - J.F.Ziegler et al	Energy (MeV/u)6	5 - nuclear component of [1] - J.F.Ziegler et al	
0.001000	0.0950435 	0.001000	0.0252033 	0.001000	0.0279209 	0.001000	0.0279209 	0.001000	0.0206137 	0.001000	0.00458956	
0.002000	0.113234  	0.002000	0.0319761 	0.002000	0.0356885 	0.002000	0.0356885 	0.002000	0.0281592 	0.002000	0.00381697	
0.005000	0.14871   	0.005000	0.0451398 	0.005000	0.0507467 	0.005000	0.0507467 	0.005000	0.0425297 	0.005000	0.0026101 	
0.008000	0.173036  	0.008000	0.0545847 	0.008000	0.061512  	0.008000	0.061512  	0.008000	0.0525468 	0.008000	0.00203782	
0.010000	0.186299  	0.010000	0.0598901 	0.010000	0.0675492 	0.010000	0.0675492 	0.010000	0.0580973 	0.010000	0.00179278	
0.015000	0.224697  	0.015000	0.076907  	0.015000	0.0803174 	0.015000	0.0803174 	0.015000	0.0755081 	0.015000	0.00139888	
0.020000	0.256158  	0.020000	0.0905915 	0.020000	0.0909866 	0.020000	0.0909866 	0.020000	0.0894309 	0.020000	0.00116066	
0.025000	0.282178  	0.025000	0.101394  	0.025000	0.100309  	0.025000	0.100309  	0.025000	0.100399  	0.025000	0.000994952	
0.030000	0.303556  	0.030000	0.110066  	0.030000	0.109907  	0.030000	0.109907  	0.030000	0.109188  	0.030000	0.000877361	
0.035000	0.320817  	0.035000	0.117237  	0.035000	0.118047  	0.035000	0.118047  	0.035000	0.11645   	0.035000	0.000787161	
0.040000	0.334376  	0.040000	0.123312  	0.040000	0.124518  	0.040000	0.124518  	0.040000	0.122597  	0.040000	0.000715499	
0.045000	0.344606  	0.045000	0.128525  	0.045000	0.129428  	0.045000	0.129428  	0.045000	0.127868  	0.045000	0.00065702	
0.050000	0.351866  	0.050000	0.13301   	0.050000	0.133068  	0.050000	0.133068  	0.050000	0.132405  	0.050000	0.000604969	
0.055000	0.356508  	0.055000	0.136865  	0.055000	0.135778  	0.055000	0.135778  	0.055000	0.136301  	0.055000	0.000563917	
0.060000	0.358881  	0.060000	0.140155  	0.060000	0.137846  	0.060000	0.137846  	0.060000	0.139627  	0.060000	0.000528594	
0.070000	0.358142  	0.070000	0.145264  	0.070000	0.140833  	0.070000	0.140833  	0.070000	0.144794  	0.070000	0.000470802	
0.080000	0.352089  	0.080000	0.148728  	0.080000	0.142953  	0.080000	0.142953  	0.080000	0.148302  	0.080000	0.000425384	
0.090000	0.342732  	0.090000	0.15087   	0.090000	0.144504  	0.090000	0.144504  	0.090000	0.150481  	0.090000	0.000388651	
0.100000	0.331592  	0.100000	0.151962  	0.100000	0.145543  	0.100000	0.145543  	0.100000	0.151604  	0.100000	0.000358265	
0.120000	0.307882  	0.120000	0.151845  	0.120000	0.146132  	0.120000	0.146132  	0.120000	0.151535  	0.120000	0.000310781	
0.140000	0.285645  	0.140000	0.149708  	0.140000	0.144939  	0.140000	0.144939  	0.140000	0.149433  	0.140000	0.000275244	
0.160000	0.266341  	0.160000	0.146412  	0.160000	0.1424    	0.160000	0.1424    	0.160000	0.146165  	0.160000	0.000247555	
0.180000	0.250031  	0.180000	0.142504  	0.180000	0.138989  	0.180000	0.138989  	0.180000	0.142279  	0.180000	0.000225315	
0.200000	0.236308  	0.200000	0.138328  	0.200000	0.135105  	0.200000	0.135105  	0.200000	0.138121  	0.200000	0.000207023	
0.250000	0.210246  	0.250000	0.127892  	0.250000	0.124972  	0.250000	0.124972  	0.250000	0.127719  	0.250000	0.000172801	
0.300000	0.191663  	0.300000	0.118401  	0.300000	0.115676  	0.300000	0.115676  	0.300000	0.118252  	0.300000	0.000148892	
0.350000	0.177394  	0.350000	0.110144  	0.350000	0.107695  	0.350000	0.107695  	0.350000	0.110013  	0.350000	0.000131166	
0.400000	0.165823  	0.400000	0.103039  	0.400000	0.100932  	0.400000	0.100932  	0.400000	0.102921  	0.400000	0.000117456	
0.450000	0.156085  	0.450000	0.0969122 	0.450000	0.0951702 	0.450000	0.0951702 	0.450000	0.0968056 	0.450000	0.000106512	
0.500000	0.147679  	0.500000	0.091595  	0.500000	0.0902061 	0.500000	0.0902061 	0.500000	0.0914975 	0.500000	9.75566e-05	
0.600000	0.133727  	0.600000	0.0828364 	0.600000	0.082061  	0.600000	0.082061  	0.600000	0.0827527 	0.600000	8.37425e-05	
0.700000	0.12248   	0.700000	0.0759113 	0.700000	0.0756071 	0.700000	0.0756071 	0.700000	0.0758377 	0.700000	7.35515e-05	
0.800000	0.113152  	0.800000	0.0702787 	0.800000	0.0703226 	0.800000	0.0703226 	0.800000	0.070213  	0.800000	6.57008e-05	
0.900000	0.10526   	0.900000	0.0655904 	0.900000	0.0658874 	0.900000	0.0658874 	0.900000	0.0655309 	0.900000	5.94538e-05	
1.000000	0.0984796 	1.000000	0.061614  	1.000000	0.0620941 	1.000000	0.0620941 	1.000000	0.0615596 	1.000000	5.43563e-05	
1.250000	0.0850406 	1.250000	0.0538449 	1.250000	0.0545865 	1.250000	0.0545865 	1.250000	0.0538    	1.250000	4.49216e-05	
1.500000	0.0750286 	1.500000	0.048122  	1.500000	0.048969  	1.500000	0.048969  	1.500000	0.0480835 	1.500000	3.84128e-05	
1.750000	0.0672567 	1.750000	0.0436952 	1.750000	0.0445722 	1.750000	0.0445722 	1.750000	0.0436616 	1.750000	3.36342e-05	
2.000000	0.0610348 	2.000000	0.0401489 	2.000000	0.0410181 	2.000000	0.0410181 	2.000000	0.0401189 	2.000000	2.99672e-05	
2.250000	0.0559327 	2.250000	0.0372317 	2.250000	0.0380742 	2.250000	0.0380742 	2.250000	0.0372047 	2.250000	2.70588e-05	
2.500000	0.051444  	2.500000	0.034782  	2.500000	0.0355884 	2.500000	0.0355884 	2.500000	0.0347574 	2.500000	2.4692e-05	
3.000000	0.0449198 	3.000000	0.0308796 	3.000000	0.0316043 	3.000000	0.0316043 	3.000000	0.0308586 	3.000000	2.10658e-05	
3.500000	0.0399683 	3.500000	0.0278921 	3.500000	0.0285359 	3.500000	0.0285359 	3.500000	0.0278736 	3.500000	1.84108e-05	
4.000000	0.0360712 	4.000000	0.0255188 	4.000000	0.0260882 	4.000000	0.0260882 	4.000000	0.0255024 	4.000000	1.63781e-05	
4.500000	0.0329177 	4.500000	0.0235802 	4.500000	0.0240829 	4.500000	0.0240829 	4.500000	0.0235655 	4.500000	1.47689e-05	
5.000000	0.0303092 	5.000000	0.0219619 	5.000000	0.0224053 	5.000000	0.0224053 	5.000000	0.0219485 	5.000000	1.34616e-05	
5.500000	0.0281131 	5.500000	0.0205871 	5.500000	0.020978  	5.500000	0.020978  	5.500000	0.0205748 	5.500000	1.23773e-05	
6.000000	0.0262367 	6.000000	0.0194023 	6.000000	0.0197464 	6.000000	0.0197464 	6.000000	0.0193908 	6.000000	1.14626e-05	
6.500000	0.0246136 	6.500000	0.0183687 	6.500000	0.0186713 	6.500000	0.0186713 	6.500000	0.018358  	6.500000	1.06799e-05	
7.000000	0.0231947 	7.000000	0.0174579 	7.000000	0.0177233 	7.000000	0.0177233 	7.000000	0.0174479 	7.000000	1.00023e-05	
7.500000	0.0219431 	7.500000	0.0166482 	7.500000	0.0168803 	7.500000	0.0168803 	7.500000	0.0166388 	7.500000	9.40948e-06	
8.000000	0.0208302 	8.000000	0.0159229 	8.000000	0.0161249 	8.000000	0.0161249 	8.000000	0.015914  	8.000000	8.88631e-06	
8.500000	0.0198338 	8.500000	0.0152687 	8.500000	0.0154436 	8.500000	0.0154436 	8.500000	0.0152603 	8.500000	8.42098e-06	
9.000000	0.018936  	9.000000	0.0146752 	9.000000	0.0148255 	9.000000	0.0148255 	9.000000	0.0146672 	9.000000	8.00426e-06	
9.500000	0.0181227 	9.500000	0.014134  	9.500000	0.0142619 	9.500000	0.0142619 	9.500000	0.0141264 	9.500000	7.62878e-06	
10.000000	0.0173822 	10.000000	0.013678  	10.000000	0.0137455 	10.000000	0.0137455 	10.000000	0.0136707 	10.000000	7.28862e-06	
11.000000	0.0160832 	11.000000	0.0127847 	11.000000	0.0128211 	11.000000	0.0128212 	11.000000	0.012778  	11.000000	6.69574e-06	
12.000000	0.01498   	12.000000	0.0120065 	12.000000	0.0120242 	12.000000	0.0120245 	12.000000	0.0120003 	12.000000	6.19612e-06	
13.000000	0.0140307 	13.000000	0.011323  	13.000000	0.0113293 	13.000000	0.0113295 	13.000000	0.0113172 	13.000000	5.76904e-06	
14.000000	0.0132046 	14.000000	0.0107181 	14.000000	0.0107169 	14.000000	0.0107169 	14.000000	0.0107127 	14.000000	5.39957e-06	
15.000000	0.0124789 	15.000000	0.010179  	15.000000	0.0101722 	15.000000	0.0101722 	15.000000	0.0101739 	15.000000	5.07661e-06	
16.000000	0.0118359 	16.000000	0.00969555	16.000000	0.0096844 	16.000000	0.00968426	16.000000	0.00969075	16.000000	4.79178e-06	
17.000000	0.0112621 	17.000000	0.00925955	17.000000	0.00924468	17.000000	0.00924411	17.000000	0.00925501	17.000000	4.53861e-06	
18.000000	0.0107466 	18.000000	0.00886431	18.000000	0.00884553	18.000000	0.00884474	18.000000	0.00886   	18.000000	4.31202e-06	
19.000000	0.0102809 	19.000000	0.00850435	19.000000	0.00848124	19.000000	0.00848047	19.000000	0.00850025	19.000000	4.10797e-06	
20.000000	0.00985784	20.000000	0.00817512	20.000000	0.00814745	20.000000	0.00814665	20.000000	0.00817119	20.000000	3.92321e-06	
21.000000	0.00947182	21.000000	0.0078728 	21.000000	0.0078403 	21.000000	0.00783945	21.000000	0.00786905	21.000000	3.75509e-06	
22.000000	0.00911807	22.000000	0.00759421	22.000000	0.00755647	22.000000	0.00755565	22.000000	0.00759061	22.000000	3.60142e-06	
23.000000	0.00879263	23.000000	0.00733662	23.000000	0.00729341	23.000000	0.00729257	23.000000	0.00733316	23.000000	3.46039e-06	
24.000000	0.00849217	24.000000	0.00709773	24.000000	0.00704909	24.000000	0.00704792	24.000000	0.0070944 	24.000000	3.33048e-06	
25.000000	0.00821386	25.000000	0.00687555	25.000000	0.00682145	25.000000	0.00681976	25.000000	0.00687234	25.000000	3.2104e-06	
27.000000	0.00771442	27.000000	0.00647469	27.000000	0.00640858	27.000000	0.00640644	27.000000	0.00647169	27.000000	2.99553e-06	
29.000000	0.00727876	29.000000	0.00612285	29.000000	0.00604382	29.000000	0.00604172	29.000000	0.00612004	29.000000	2.80877e-06	
31.000000	0.00689521	31.000000	0.00581147	31.000000	0.00573073	31.000000	0.00572861	31.000000	0.00580882	31.000000	2.64487e-06	
33.000000	0.00655478	33.000000	0.00553386	33.000000	0.0054617 	33.000000	0.0054597 	33.000000	0.00553136	33.000000	2.49982e-06	
35.000000	0.00625046	35.000000	0.00528476	35.000000	0.00522003	35.000000	0.00521825	35.000000	0.00528239	35.000000	2.37051e-06	
38.000000	0.00584982	38.000000	0.00495553	38.000000	0.00490122	38.000000	0.00489882	38.000000	0.00495333	38.000000	2.20078e-06	
41.000000	0.00550375	41.000000	0.00467002	41.000000	0.00462392	41.000000	0.00462145	41.000000	0.00466797	41.000000	2.05466e-06	
44.000000	0.00520163	44.000000	0.00441998	44.000000	0.00438043	44.000000	0.00437817	44.000000	0.00441805	44.000000	1.92748e-06	
47.000000	0.00493543	47.000000	0.00419911	47.000000	0.00416508	47.000000	0.00416294	47.000000	0.00419729	47.000000	1.81575e-06	
50.000000	0.00469899	50.000000	0.00400252	50.000000	0.0039731 	50.000000	0.00397109	50.000000	0.0040008 	50.000000	1.71676e-06	
55.000000	0.00435842	55.000000	0.00371876	55.000000	0.00369547	55.000000	0.00369362	55.000000	0.00371718	55.000000	1.57464e-06	
60.000000	0.00407086	60.000000	0.00347872	60.000000	0.00346016	60.000000	0.00345832	60.000000	0.00347726	60.000000	1.45509e-06	
65.000000	0.00382462	65.000000	0.00327291	65.000000	0.00325829	65.000000	0.00325612	65.000000	0.00327156	65.000000	1.35307e-06	
70.000000	0.00361122	70.000000	0.00309442	70.000000	0.00308236	70.000000	0.00308038	70.000000	0.00309316	70.000000	1.26494e-06	
75.000000	0.00342438	75.000000	0.0029381 	75.000000	0.00292802	75.000000	0.00292616	75.000000	0.00293692	75.000000	1.18801e-06	
80.000000	0.00325933	80.000000	0.00280002	80.000000	0.00279143	80.000000	0.00278967	80.000000	0.0027989 	80.000000	1.12025e-06	
85.000000	0.00311239	85.000000	0.00267713	85.000000	0.00266965	85.000000	0.00266799	85.000000	0.00267607	85.000000	1.0601e-06	
90.000000	0.00298068	90.000000	0.00256702	90.000000	0.00256038	90.000000	0.00255879	90.000000	0.00256601	90.000000	1.00631e-06	
95.000000	0.00286188	95.000000	0.00246779	95.000000	0.00246212	95.000000	0.00246022	95.000000	0.00246683	95.000000	9.57929e-07	
100.000000	0.00275415	100.000000	0.00237787	100.000000	0.00237261	100.000000	0.00237079	100.000000	0.00237696	100.000000	9.1416e-07	
105.000000	0.00265598	105.000000	0.00229602	105.000000	0.00229101	105.000000	0.00228927	105.000000	0.00229514	105.000000	8.74368e-07	
110.000000	0.00256611	110.000000	0.00222117	110.000000	0.00221632	110.000000	0.00221465	110.000000	0.00222034	110.000000	8.38028e-07	
115.000000	0.00248352	115.000000	0.00215247	115.000000	0.00214768	115.000000	0.00214607	115.000000	0.00215166	115.000000	8.04702e-07	
120.000000	0.00240733	120.000000	0.00208917	120.000000	0.00208437	120.000000	0.00208282	120.000000	0.00208839	120.000000	7.74027e-07	
125.000000	0.0023368 	125.000000	0.00203066	125.000000	0.00202581	125.000000	0.00202431	125.000000	0.00202991	125.000000	7.45694e-07	
130.000000	0.00227132	130.000000	0.00197641	130.000000	0.00197146	130.000000	0.00197001	130.000000	0.00197569	130.000000	7.19441e-07	
135.000000	0.00221034	135.000000	0.00192596	135.000000	0.00192086	135.000000	0.00191948	135.000000	0.00192527	135.000000	6.95045e-07	
140.000000	0.00215341	140.000000	0.00187894	140.000000	0.00187382	140.000000	0.00187235	140.000000	0.00187827	140.000000	6.72313e-07	
145.000000	0.00210013	145.000000	0.001835  	145.000000	0.00182988	145.000000	0.00182827	145.000000	0.00183435	145.000000	6.51077e-07	
150.000000	0.00205014	150.000000	0.00179384	150.000000	0.00178852	150.000000	0.00178696	150.000000	0.00179321	150.000000	6.31193e-07	
155.000000	0.00197975	155.000000	0.00175521	155.000000	0.00174967	155.000000	0.00174817	155.000000	0.0017546 	155.000000	6.12535e-07	
160.000000	0.0019385 	160.000000	0.00171888	160.000000	0.00171314	160.000000	0.00171167	160.000000	0.00171828	160.000000	5.9499e-07	
165.000000	0.00189959	165.000000	0.00168465	165.000000	0.0016787 	165.000000	0.00167726	165.000000	0.00168407	165.000000	5.7846e-07	
170.000000	0.00186284	170.000000	0.00165234	170.000000	0.00164618	170.000000	0.00164477	170.000000	0.00165178	170.000000	5.6286e-07	
175.000000	0.00182807	175.000000	0.0016218 	175.000000	0.00161543	175.000000	0.00161405	175.000000	0.00162125	175.000000	5.48111e-07	
180.000000	0.00179511	180.000000	0.00159288	180.000000	0.0015863 	180.000000	0.00158495	180.000000	0.00159235	180.000000	5.34146e-07	
185.000000	0.00176384	185.000000	0.00156546	185.000000	0.00155867	185.000000	0.00155735	185.000000	0.00156494	185.000000	5.20901e-07	
190.000000	0.00173411	190.000000	0.00153942	190.000000	0.00153244	190.000000	0.00153114	190.000000	0.00153891	190.000000	5.08323e-07	
195.000000	0.00170582	195.000000	0.00151466	195.000000	0.00150746	195.000000	0.00150621	195.000000	0.00151417	195.000000	4.96361e-07	
200.000000	0.00167887	200.000000	0.00149109	200.000000	0.0014837 	200.000000	0.00148247	200.000000	0.00149061	200.000000	4.8497e-07	
210.000000	0.00162861	210.000000	0.0014472 	210.000000	0.00143962	210.000000	0.00143825	210.000000	0.00144674	210.000000	4.63746e-07	
220.000000	0.00158266	220.000000	0.00140715	220.000000	0.00139927	220.000000	0.00139791	220.000000	0.00140671	220.000000	4.44369e-07	
230.000000	0.00154051	230.000000	0.00137047	230.000000	0.00136225	230.000000	0.00136094	230.000000	0.00137005	230.000000	4.26603e-07	
240.000000	0.00150169	240.000000	0.00133675	240.000000	0.00132824	240.000000	0.00132697	240.000000	0.00133634	240.000000	4.10255e-07	
250.000000	0.00146582	250.000000	0.00130565	250.000000	0.00129686	250.000000	0.00129563	250.000000	0.00130525	250.000000	3.95159e-07	
260.000000	0.00143257	260.000000	0.00127687	260.000000	0.00126784	260.000000	0.00126664	260.000000	0.00127649	260.000000	3.81175e-07	
270.000000	0.00140167	270.000000	0.00125017	270.000000	0.00124092	270.000000	0.00123974	270.000000	0.0012498 	270.000000	3.68182e-07	
280.000000	0.00137288	280.000000	0.00122533	280.000000	0.00121588	280.000000	0.00121473	280.000000	0.00122498	280.000000	3.56078e-07	
290.000000	0.00134599	290.000000	0.00120217	290.000000	0.00119252	290.000000	0.00119142	290.000000	0.00120183	290.000000	3.44773e-07	
300.000000	0.00132082	300.000000	0.00118052	300.000000	0.00117079	300.000000	0.00116964	300.000000	0.00118019	300.000000	3.3419e-07	
310.000000	0.0012972 	310.000000	0.00116025	310.000000	0.00115048	310.000000	0.00114925	310.000000	0.00115993	310.000000	3.24261e-07	
320.000000	0.001275  	320.000000	0.00114123	320.000000	0.00113133	320.000000	0.00113012	320.000000	0.00114091	320.000000	3.14926e-07	
330.000000	0.0012541 	330.000000	0.00112334	330.000000	0.00111332	330.000000	0.00111215	330.000000	0.00112304	330.000000	3.06133e-07	
340.000000	0.00123439	340.000000	0.0011065 	340.000000	0.00109639	340.000000	0.00109523	340.000000	0.0011062 	340.000000	2.97836e-07	
350.000000	0.00121577	350.000000	0.00109061	350.000000	0.00108042	350.000000	0.00107929	350.000000	0.00109032	350.000000	2.89993e-07	
360.000000	0.00119815	360.000000	0.0010756 	360.000000	0.00106534	360.000000	0.00106423	360.000000	0.00107532	360.000000	2.82567e-07	
370.000000	0.00118146	370.000000	0.0010614 	370.000000	0.00105109	370.000000	0.00104999	370.000000	0.00106113	370.000000	2.75526e-07	
380.000000	0.00116563	380.000000	0.00104795	380.000000	0.00103759	380.000000	0.00103651	380.000000	0.00104768	380.000000	2.6884e-07	
390.000000	0.00115059	390.000000	0.00103519	390.000000	0.0010248 	390.000000	0.00102374	390.000000	0.00103493	390.000000	2.62483e-07	
400.000000	0.00113629	400.000000	0.00102307	400.000000	0.00101263	400.000000	0.00101158	400.000000	0.00102282	400.000000	2.5643e-07	
410.000000	0.00112267	410.000000	0.00101155	410.000000	0.00100104	410.000000	0.00100001	410.000000	0.0010113 	410.000000	2.50661e-07	
420.000000	0.00110969	420.000000	0.00100059	420.000000	0.000990019	420.000000	0.000988999	420.000000	0.00100034	420.000000	2.45154e-07	
430.000000	0.00109731	430.000000	0.000990138	430.000000	0.000979521	430.000000	0.000978516	430.000000	0.000989898	430.000000	2.39893e-07	
440.000000	0.00108549	440.000000	0.000980174	440.000000	0.000969504	440.000000	0.000968523	440.000000	0.000979939	440.000000	2.34862e-07	
450.000000	0.00107419	450.000000	0.000970661	450.000000	0.000959961	450.000000	0.000958991	450.000000	0.000970431	450.000000	2.30044e-07	
460.000000	0.00106338	460.000000	0.000961573	460.000000	0.000950886	460.000000	0.000949888	460.000000	0.000961348	460.000000	2.25428e-07	
470.000000	0.00105303	470.000000	0.000952882	470.000000	0.000942235	470.000000	0.000941189	470.000000	0.000952661	470.000000	2.21e-07  	
480.000000	0.00104312	480.000000	0.000944565	480.000000	0.00093394	480.000000	0.000932868	480.000000	0.000944348	480.000000	2.16749e-07	
490.000000	0.00103361	490.000000	0.000936599	490.000000	0.000925968	490.000000	0.000924904	490.000000	0.000936386	490.000000	2.12664e-07	
500.000000	0.00102449	500.000000	0.000928964	500.000000	0.000918318	500.000000	0.000917275	500.000000	0.000928755	500.000000	2.08736e-07	
520.000000	0.00100732	520.000000	0.000914611	520.000000	0.000903966	520.000000	0.000902947	520.000000	0.00091441	520.000000	2.01314e-07	
540.000000	0.000991446	540.000000	0.000901374	540.000000	0.00089075	540.000000	0.000889747	540.000000	0.000901179	540.000000	1.94421e-07	
560.000000	0.000976744	560.000000	0.000889135	560.000000	0.000878541	560.000000	0.000877556	560.000000	0.000888947	560.000000	1.88e-07  	
580.000000	0.000963095	580.000000	0.000877794	580.000000	0.00086724	580.000000	0.000866272	580.000000	0.000877612	580.000000	1.82004e-07	
600.000000	0.0009504 	600.000000	0.000867263	600.000000	0.000856757	600.000000	0.000855804	600.000000	0.000867087	600.000000	1.76392e-07	
620.000000	0.000938572	620.000000	0.000857468	620.000000	0.000847014	620.000000	0.000846075	620.000000	0.000857297	620.000000	1.71127e-07	
640.000000	0.000927533	640.000000	0.00084834	640.000000	0.000837946	640.000000	0.000837017	640.000000	0.000848174	640.000000	1.66179e-07	
660.000000	0.000917215	660.000000	0.000839821	660.000000	0.00082948	660.000000	0.000828568	660.000000	0.000839659	660.000000	1.61518e-07	
680.000000	0.000907558	680.000000	0.000831858	680.000000	0.000821567	680.000000	0.000820676	680.000000	0.000831701	680.000000	1.57121e-07	
700.000000	0.000898509	700.000000	0.000824405	700.000000	0.00081419	700.000000	0.000813292	700.000000	0.000824252	700.000000	1.52965e-07	
720.000000	0.000890019	720.000000	0.00081742	720.000000	0.000807347	720.000000	0.000806409	720.000000	0.000817271	720.000000	1.49031e-07	
740.000000	0.000882045	740.000000	0.000810867	740.000000	0.000800923	740.000000	0.000799953	740.000000	0.000810722	740.000000	1.45301e-07	
760.000000	0.00087455	760.000000	0.000804713	760.000000	0.000794859	760.000000	0.000793891	760.000000	0.000804571	760.000000	1.4176e-07	
780.000000	0.000867497	780.000000	0.000798927	780.000000	0.000789142	780.000000	0.000788192	780.000000	0.000798788	780.000000	1.38393e-07	
800.000000	0.000860856	800.000000	0.000793482	800.000000	0.000783766	800.000000	0.000782829	800.000000	0.000793347	800.000000	1.35188e-07	
820.000000	0.000854599	820.000000	0.000788355	820.000000	0.000778706	820.000000	0.000777777	820.000000	0.000788223	820.000000	1.32133e-07	
840.000000	0.000848698	840.000000	0.000783523	840.000000	0.000773936	840.000000	0.000773013	840.000000	0.000783394	840.000000	1.29218e-07	
860.000000	0.000843132	860.000000	0.000778966	860.000000	0.000769433	860.000000	0.000768518	860.000000	0.000778839	860.000000	1.26433e-07	
880.000000	0.000837878	880.000000	0.000774665	880.000000	0.00076518	880.000000	0.000764272	880.000000	0.000774542	880.000000	1.23769e-07	
900.000000	0.000832916	900.000000	0.000770605	900.000000	0.00076116	900.000000	0.000760259	900.000000	0.000770484	900.000000	1.2122e-07	
920.000000	0.00082823	920.000000	0.000766769	920.000000	0.000757357	920.000000	0.000756464	920.000000	0.000766651	920.000000	1.18777e-07	
940.000000	0.000823801	940.000000	0.000763145	940.000000	0.000753758	940.000000	0.000752871	940.000000	0.000763028	940.000000	1.16434e-07	
960.000000	0.000819616	960.000000	0.000759718	960.000000	0.000750349	960.000000	0.000749468	960.000000	0.000759603	960.000000	1.14185e-07	
980.000000	0.000815659	980.000000	0.000756477	980.000000	0.000747118	980.000000	0.000746243	980.000000	0.000756365	980.000000	1.12024e-07	
1000.000000	0.000811919	1000.000000	0.000753411	1000.000000	0.000744055	1000.000000	0.000743185	1000.000000	0.000753301	1000.000000	1.09946e-07	
1020.000000	0.000808383	1020.000000	0.00075051	1020.000000	0.000741149	1020.000000	0.000740284	1020.000000	0.000750402	1020.000000	1.07946e-07	
1040.000000	0.00080504	1040.000000	0.000747765	1040.000000	0.00073839	1040.000000	0.000737531	1040.000000	0.000747659	1040.000000	1.06021e-07	
1060.000000	0.000801879	1060.000000	0.000745167	1060.000000	0.00073577	1060.000000	0.000734916	1060.000000	0.000745063	1060.000000	1.04165e-07	
1080.000000	0.000798892	1080.000000	0.000742708	1080.000000	0.000733281	1080.000000	0.000732432	1080.000000	0.000742606	1080.000000	1.02375e-07	
1100.000000	0.00079607	1100.000000	0.000740381	1100.000000	0.000730916	1100.000000	0.000730071	1100.000000	0.00074028	1100.000000	1.00648e-07	
1120.000000	0.000793403	1120.000000	0.000738179	1120.000000	0.000728668	1120.000000	0.000727827	1120.000000	0.00073808	1120.000000	9.89803e-08	
1140.000000	0.000790885	1140.000000	0.000736094	1140.000000	0.000726531	1140.000000	0.000725692	1140.000000	0.000735997	1140.000000	9.73687e-08	
1160.000000	0.000788508	1160.000000	0.000734123	1160.000000	0.000724497	1160.000000	0.000723662	1160.000000	0.000734027	1160.000000	9.58106e-08	
1180.000000	0.000786266	1180.000000	0.000732258	1180.000000	0.000722561	1180.000000	0.00072173	1180.000000	0.000732164	1180.000000	9.43033e-08	
1200.000000	0.000784152	1200.000000	0.000730494	1200.000000	0.000720717	1200.000000	0.000719891	1200.000000	0.000730401	1200.000000	9.28442e-08	
1220.000000	0.00078216	1220.000000	0.000728827	1220.000000	0.000718959	1220.000000	0.00071814	1220.000000	0.000728736	1220.000000	9.14312e-08	
1240.000000	0.000780285	1240.000000	0.000727253	1240.000000	0.000717285	1240.000000	0.000716473	1240.000000	0.000727163	1240.000000	9.00621e-08	
1260.000000	0.000778522	1260.000000	0.000725766	1260.000000	0.000715692	1260.000000	0.000714886	1260.000000	0.000725677	1260.000000	8.87347e-08	
1280.000000	0.000776866	1280.000000	0.000724362	1280.000000	0.000714176	1280.000000	0.000713374	1280.000000	0.000724275	1280.000000	8.74472e-08	
1300.000000	0.000775312	1300.000000	0.000723039	1300.000000	0.000712736	1300.000000	0.000711933	1300.000000	0.000722952	1300.000000	8.61979e-08	
1320.000000	0.000773855	1320.000000	0.000721791	1320.000000	0.000711368	1320.000000	0.000710561	1320.000000	0.000721706	1320.000000	8.49849e-08	
1340.000000	0.000772493	1340.000000	0.000720617	1340.000000	0.00071007	1340.000000	0.000709254	1340.000000	0.000720533	1340.000000	8.38068e-08	
1360.000000	0.00077122	1360.000000	0.000719513	1360.000000	0.000708835	1360.000000	0.000708008	1360.000000	0.00071943	1360.000000	8.2662e-08	
1380.000000	0.000770034	1380.000000	0.000718475	1380.000000	0.00070766	1380.000000	0.000706821	1380.000000	0.000718393	1380.000000	8.15491e-08	
1400.000000	0.000768931	1400.000000	0.000717501	1400.000000	0.00070654	1400.000000	0.000705691	1400.000000	0.000717421	1400.000000	8.04669e-08	
1420.000000	0.000767907	1420.000000	0.000716589	1420.000000	0.000705473	1420.000000	0.000704614	1420.000000	0.00071651	1420.000000	7.94139e-08	
1440.000000	0.00076696	1440.000000	0.000715735	1440.000000	0.000704454	1440.000000	0.000703587	1440.000000	0.000715657	1440.000000	7.83891e-08	
1460.000000	0.000766086	1460.000000	0.000714938	1460.000000	0.00070348	1460.000000	0.00070261	1460.000000	0.000714861	1460.000000	7.73913e-08	
1480.000000	0.000765283	1480.000000	0.000714196	1480.000000	0.00070255	1480.000000	0.000701679	1480.000000	0.000714119	1480.000000	7.64195e-08	
1500.000000	0.000764549	1500.000000	0.000713505	1500.000000	0.000701662	1500.000000	0.000700793	1500.000000	0.000713429	1500.000000	7.54726e-08	
1520.000000	0.00076388	1520.000000	0.000712864	1520.000000	0.000700815	1520.000000	0.000699949	1520.000000	0.000712789	1520.000000	7.45496e-08	
1540.000000	0.000763275	1540.000000	0.000712271	1540.000000	0.000700008	1540.000000	0.000699146	1540.000000	0.000712197	1540.000000	7.36497e-08	
1560.000000	0.000762731	1560.000000	0.000711725	1560.000000	0.000699239	1560.000000	0.000698382	1560.000000	0.000711652	1560.000000	7.27721e-08	
1580.000000	0.000762247	1580.000000	0.000711223	1580.000000	0.000698508	1580.000000	0.000697655	1580.000000	0.000711151	1580.000000	7.19158e-08	
1600.000000	0.000761819	1600.000000	0.000710764	1600.000000	0.000697812	1600.000000	0.000696963	1600.000000	0.000710693	1600.000000	7.10801e-08	
1620.000000	0.000761446	1620.000000	0.000710346	1620.000000	0.000697152	1620.000000	0.000696306	1620.000000	0.000710276	1620.000000	7.02643e-08	
1640.000000	0.000761126	1640.000000	0.000709968	1640.000000	0.000696525	1640.000000	0.000695682	1640.000000	0.000709899	1640.000000	6.94676e-08	
1660.000000	0.000760858	1660.000000	0.000709629	1660.000000	0.000695929	1660.000000	0.000695088	1660.000000	0.00070956	1660.000000	6.86894e-08	
1680.000000	0.00076064	1680.000000	0.000709326	1680.000000	0.000695364	1680.000000	0.000694526	1680.000000	0.000709258	1680.000000	6.79291e-08	
1700.000000	0.00076047	1700.000000	0.000709059	1700.000000	0.000694829	1700.000000	0.000693991	1700.000000	0.000708992	1700.000000	6.71859e-08	
1750.000000	0.000760246	1750.000000	0.000708541	1750.000000	0.000693609	1750.000000	0.000692775	1750.000000	0.000708476	1750.000000	6.53996e-08	
1800.000000	0.000760292	1800.000000	0.000708221	1800.000000	0.000692546	1800.000000	0.000691716	1800.000000	0.000708157	1800.000000	6.37089e-08	
1850.000000	0.000760587	1850.000000	0.000708083	1850.000000	0.000691626	1850.000000	0.000690798	1850.000000	0.000708021	1850.000000	6.21062e-08	
1900.000000	0.000761115	1900.000000	0.000708112	1900.000000	0.000690833	1900.000000	0.000690009	1900.000000	0.000708052	1900.000000	6.05848e-08	
1950.000000	0.000761858	1950.000000	0.000708297	1950.000000	0.000690158	1950.000000	0.000689338	1950.000000	0.000708238	1950.000000	5.91386e-08	
2000.000000	0.000762803	2000.000000	0.000708625	2000.000000	0.000689589	2000.000000	0.000688772	2000.000000	0.000708568	2000.000000	5.7762e-08	
2100.000000	0.000765246	2100.000000	0.000709671	2100.000000	0.000688734	2100.000000	0.000687924	2100.000000	0.000709616	2100.000000	5.51984e-08	
2200.000000	0.000768351	2200.000000	0.000711177	2200.000000	0.000688205	2200.000000	0.000687399	2200.000000	0.000711124	2200.000000	5.28595e-08	
2300.000000	0.000772042	2300.000000	0.000713084	2300.000000	0.000687947	2300.000000	0.000687147	2300.000000	0.000713033	2300.000000	5.07168e-08	
2400.000000	0.000776256	2400.000000	0.00071534	2400.000000	0.000687918	2400.000000	0.000687122	2400.000000	0.000715291	2400.000000	4.87463e-08	
2500.000000	0.000780937	2500.000000	0.000717905	2500.000000	0.000688083	2500.000000	0.00068729	2500.000000	0.000717858	2500.000000	4.69279e-08	
2600.000000	0.00078604	2600.000000	0.000720741	2600.000000	0.00068841	2600.000000	0.000687621	2600.000000	0.000720696	2600.000000	4.52443e-08	
2700.000000	0.000791525	2700.000000	0.00072382	2700.000000	0.000688875	2700.000000	0.00068809	2700.000000	0.000723776	2700.000000	4.36811e-08	
2800.000000	0.000797359	2800.000000	0.000727113	2800.000000	0.000689458	2800.000000	0.000688676	2800.000000	0.000727071	2800.000000	4.22256e-08	
2900.000000	0.000803511	2900.000000	0.000730599	2900.000000	0.000690141	2900.000000	0.000689361	2900.000000	0.000730559	2900.000000	4.08669e-08	
3000.000000	0.000809956	3000.000000	0.000734259	3000.000000	0.000690909	3000.000000	0.000690131	3000.000000	0.000734219	3000.000000	3.95956e-08	
3200.000000	0.000823636	3200.000000	0.00074203	3200.000000	0.000692649	3200.000000	0.000691875	3200.000000	0.000741993	3200.000000	3.72832e-08	
3400.000000	0.00083825	3400.000000	0.000750314	3400.000000	0.000694597	3400.000000	0.000693828	3400.000000	0.000750279	3400.000000	3.52336e-08	
3600.000000	0.00085368	3600.000000	0.000759023	3600.000000	0.000696694	3600.000000	0.000695928	3600.000000	0.00075899	3600.000000	3.34039e-08	
3800.000000	0.000869831	3800.000000	0.000768086	3800.000000	0.000698894	3800.000000	0.00069813	3800.000000	0.000768055	3800.000000	3.17603e-08	
4000.000000	0.000886628	4000.000000	0.000777449	4000.000000	0.000701163	4000.000000	0.000700402	4000.000000	0.000777418	4000.000000	3.02755e-08	
4200.000000	0.000904009	4200.000000	0.000787065	4200.000000	0.000703476	4200.000000	0.000702717	4200.000000	0.000787036	4200.000000	2.89273e-08	
4400.000000	0.000921924	4400.000000	0.000796898	4400.000000	0.000705814	4400.000000	0.000705056	4400.000000	0.00079687	4400.000000	2.76975e-08	
4600.000000	0.000940329	4600.000000	0.000806917	4600.000000	0.00070816	4600.000000	0.000707404	4600.000000	0.000806891	4600.000000	2.6571e-08	
4800.000000	0.000959189	4800.000000	0.000817098	4800.000000	0.000710504	4800.000000	0.00070975	4800.000000	0.000817073	4800.000000	2.55352e-08	
5000.000000	0.000978475	5000.000000	0.000827419	5000.000000	0.000712837	5000.000000	0.000712084	5000.000000	0.000827395	5000.000000	2.45795e-08	
5250.000000	0.00100314	5250.000000	0.00084049	5250.000000	0.000715728	5250.000000	0.000714976	5250.000000	0.000840467	5250.000000	2.34839e-08	
5500.000000	0.00102839	5500.000000	0.000853723	5500.000000	0.000718581	5500.000000	0.000717831	5500.000000	0.000853701	5500.000000	2.24845e-08	
6000.000000	0.0010805 	6000.000000	0.000880583	6000.000000	0.000724151	6000.000000	0.000723403	6000.000000	0.000880562	6000.000000	2.07275e-08	
6500.000000	0.0011346 	6500.000000	0.00090785	6500.000000	0.000729516	6500.000000	0.00072877	6500.000000	0.000907831	6500.000000	1.92322e-08	
7000.000000	0.00119051	7000.000000	0.00093542	7000.000000	0.000734664	7000.000000	0.00073392	7000.000000	0.000935402	7000.000000	1.79436e-08	
7500.000000	0.00124813	7500.000000	0.000963218	7500.000000	0.000739596	7500.000000	0.000738853	7500.000000	0.000963202	7500.000000	1.68214e-08	
8000.000000	0.00130737	8000.000000	0.000991189	8000.000000	0.000744318	8000.000000	0.000743575	8000.000000	0.000991173	8000.000000	1.5835e-08	
8500.000000	0.00136817	8500.000000	0.00101929	8500.000000	0.000748836	8500.000000	0.000748095	8500.000000	0.00101927	8500.000000	1.49609e-08	
9000.000000	0.00143046	9000.000000	0.00104749	9000.000000	0.000753161	9000.000000	0.000752423	9000.000000	0.00104747	9000.000000	1.41809e-08	
9500.000000	0.00149421	9500.000000	0.00107576	9500.000000	0.00075731	9500.000000	0.00075657	9500.000000	0.00107575	9500.000000	1.34803e-08	
10000.000000	0.00155938	10000.000000	0.00110409	10000.000000	0.000761291	10000.000000	0.000760547	10000.000000	0.00110407	10000.000000	1.28476e-08	
11000.000000	0.00169391	11000.000000	0.00116084	11000.000000	0.000768773	11000.000000	0.000768032	11000.000000	0.00116083	11000.000000	1.17493e-08	
12000.000000	0.00183387	12000.000000	0.00121767	12000.000000	0.000775672	12000.000000	0.000774956	12000.000000	0.00121766	12000.000000	1.08286e-08	
13000.000000	0.00197918	13000.000000	0.00127451	13000.000000	0.000782091	13000.000000	0.000781387	13000.000000	0.0012745 	13000.000000	1.00452e-08	
14000.000000	0.00212975	14000.000000	0.00133133	14000.000000	0.000788101	14000.000000	0.000787382	14000.000000	0.00133132	14000.000000	9.37025e-09	
15000.000000	0.00228554	15000.000000	0.00138809	15000.000000	0.000793739	15000.000000	0.000792992	15000.000000	0.00138808	15000.000000	8.78258e-09	
16000.000000	0.00244652	16000.000000	0.00144479	16000.000000	0.000799024	16000.000000	0.000798257	16000.000000	0.00144478	16000.000000	8.26613e-09	
17000.000000	0.00261268	17000.000000	0.00150141	17000.000000	0.000803985	17000.000000	0.000803216	17000.000000	0.00150141	17000.000000	7.80858e-09	
18000.000000	0.00278399	18000.000000	0.00155795	18000.000000	0.000808652	18000.000000	0.000807899	18000.000000	0.00155794	18000.000000	7.40033e-09	
19000.000000	0.00296047	19000.000000	0.0016144 	19000.000000	0.000813058	19000.000000	0.000812333	19000.000000	0.00161439	19000.000000	7.03374e-09	
20000.000000	0.00314211	20000.000000	0.00167076	20000.000000	0.000817227	20000.000000	0.000816541	20000.000000	0.00167075	20000.000000	6.70269e-09	
21000.000000	0.00332893	21000.000000	0.00172702	21000.000000	0.00082119	21000.000000	0.000820543	21000.000000	0.00172701	21000.000000	6.40221e-09	
22000.000000	0.00352093	22000.000000	0.00178319	22000.000000	0.000824985	22000.000000	0.000824359	22000.000000	0.00178318	22000.000000	6.12822e-09	
23000.000000	0.00371812	23000.000000	0.00183926	23000.000000	0.000828627	23000.000000	0.000828003	23000.000000	0.00183926	23000.000000	5.87733e-09	
24000.000000	0.00392052	24000.000000	0.00189524	24000.000000	0.000832112	24000.000000	0.000831489	24000.000000	0.00189524	24000.000000	5.64671e-09	
25000.000000	0.00412816	25000.000000	0.00195114	25000.000000	0.000835438	25000.000000	0.000834829	25000.000000	0.00195113	25000.000000	5.43398e-09	
26000.000000	0.00434104	26000.000000	0.00200694	26000.000000	0.000838636	26000.000000	0.000838036	26000.000000	0.00200693	26000.000000	5.23712e-09	
27000.000000	0.00455919	27000.000000	0.00206265	27000.000000	0.000841722	27000.000000	0.000841117	27000.000000	0.00206264	27000.000000	5.0544e-09	
28000.000000	0.00478264	28000.000000	0.00211827	28000.000000	0.000844688	28000.000000	0.000844083	28000.000000	0.00211827	28000.000000	4.88434e-09	
29000.000000	0.00501139	29000.000000	0.00217382	29000.000000	0.000847533	29000.000000	0.000846941	29000.000000	0.00217381	29000.000000	4.72565e-09	
30000.000000	0.00524549	30000.000000	0.00222927	30000.000000	0.000850265	30000.000000	0.000849698	30000.000000	0.00222927	30000.000000	4.57722e-09	
32000.000000	0.00572979	32000.000000	0.00233995	32000.000000	0.000855447	32000.000000	0.000854936	32000.000000	0.00233994	32000.000000	4.30738e-09	
34000.000000	0.00623573	34000.000000	0.00245031	34000.000000	0.000860311	34000.000000	0.000859842	34000.000000	0.0024503 	34000.000000	4.06835e-09	
36000.000000	0.00676354	36000.000000	0.00256037	36000.000000	0.00086489	36000.000000	0.000864453	36000.000000	0.00256037	36000.000000	3.85511e-09	
38000.000000	0.00731343	38000.000000	0.00267015	38000.000000	0.000869211	38000.000000	0.000868802	38000.000000	0.00267015	38000.000000	3.66366e-09	
40000.000000	0.00788562	40000.000000	0.00277966	40000.000000	0.000873299	40000.000000	0.000872916	40000.000000	0.00277966	40000.000000	3.4908e-09	
42000.000000	0.00848035	42000.000000	0.00288891	42000.000000	0.000877174	42000.000000	0.000876817	42000.000000	0.0028889 	42000.000000	3.33392e-09	
44000.000000	0.00909784	44000.000000	0.0029979 	44000.000000	0.000880857	44000.000000	0.000880525	44000.000000	0.0029979 	44000.000000	3.19088e-09	
46000.000000	0.00973834	46000.000000	0.00310666	46000.000000	0.000884364	46000.000000	0.000884059	46000.000000	0.00310666	46000.000000	3.05992e-09	
48000.000000	0.0104021 	48000.000000	0.00321519	48000.000000	0.00088771	48000.000000	0.000887433	48000.000000	0.00321519	48000.000000	2.93956e-09	
50000.000000	0.0110893 	50000.000000	0.0033235 	50000.000000	0.000890903	50000.000000	0.00089066	50000.000000	0.0033235 	50000.000000	2.82855e-09	
