*Energy (MeV/u)1	0 - [He-base] F.Hubert et al, AD&ND Tables 46(1990)1	Energy (MeV/u)2	1 - [H -base] J.F.Ziegler et al, Pergamon Press, NY (low energy)	Energy (MeV/u)3	2 - ATIMA 1.2  LS-theory (recommended for high energy)	Energy (MeV/u)4	3 - ATIMA 1.2  without LS-correction	Energy (MeV/u)5	4 - electrical component of [1] - J.F.Ziegler et al	Energy (MeV/u)6	5 - nuclear component of [1] - J.F.Ziegler et al	
0.001000	0.0515075 	0.001000	0.0515075 	0.001000	0.0774175 	0.001000	0.0774175 	0.001000	0.0328055 	0.001000	0.018702  	
0.002000	0.0658155 	0.002000	0.0658155 	0.002000	0.101301  	0.002000	0.101301  	0.002000	0.0529686 	0.002000	0.012847  	
0.005000	0.101825  	0.005000	0.101825  	0.005000	0.15141   	0.005000	0.15141   	0.005000	0.0946766 	0.005000	0.00714858	
0.008000	0.128813  	0.008000	0.128813  	0.008000	0.184955  	0.008000	0.184955  	0.008000	0.123724  	0.008000	0.0050895 	
0.010000	0.143702  	0.010000	0.143702  	0.010000	0.202474  	0.010000	0.202474  	0.010000	0.139375  	0.010000	0.00432639	
0.015000	0.183344  	0.015000	0.183344  	0.015000	0.236769  	0.015000	0.236769  	0.015000	0.180151  	0.015000	0.0031929 	
0.020000	0.216509  	0.020000	0.216509  	0.020000	0.263295  	0.020000	0.263295  	0.020000	0.21395   	0.020000	0.00255891	
0.025000	0.244788  	0.025000	0.244788  	0.025000	0.285534  	0.025000	0.285534  	0.025000	0.242639  	0.025000	0.00214904	
0.030000	0.26903   	0.030000	0.26903   	0.030000	0.296488  	0.030000	0.296488  	0.030000	0.26717   	0.030000	0.00186026	
0.035000	0.28975   	0.035000	0.28975   	0.035000	0.305163  	0.035000	0.305163  	0.035000	0.288106  	0.035000	0.0016448 	
0.040000	0.307303  	0.040000	0.307303  	0.040000	0.312147  	0.040000	0.312147  	0.040000	0.305826  	0.040000	0.00147731	
0.045000	0.321973  	0.045000	0.321973  	0.045000	0.31782   	0.045000	0.31782   	0.045000	0.32063   	0.045000	0.00134305	
0.050000	0.334016  	0.050000	0.334016  	0.050000	0.322442  	0.050000	0.322442  	0.050000	0.332783  	0.050000	0.00123281	
0.055000	0.343679  	0.055000	0.343679  	0.055000	0.326199  	0.055000	0.326199  	0.055000	0.342539  	0.055000	0.00114052	
0.060000	0.351208  	0.060000	0.351208  	0.060000	0.329232  	0.060000	0.329232  	0.060000	0.350146  	0.060000	0.00106204	
0.070000	0.360838  	0.070000	0.360838  	0.070000	0.333539  	0.070000	0.333539  	0.070000	0.359903  	0.070000	0.000935461	
0.080000	0.364776  	0.080000	0.364776  	0.080000	0.33601   	0.080000	0.33601   	0.080000	0.363939  	0.080000	0.000837587	
0.090000	0.36468   	0.090000	0.36468   	0.090000	0.337096  	0.090000	0.337096  	0.090000	0.36392   	0.090000	0.000759464	
0.100000	0.361906  	0.100000	0.361906  	0.100000	0.337127  	0.100000	0.337127  	0.100000	0.361211  	0.100000	0.000695548	
0.120000	0.352175  	0.120000	0.352175  	0.120000	0.334981  	0.120000	0.334981  	0.120000	0.351578  	0.120000	0.000596971	
0.140000	0.340682  	0.140000	0.340682  	0.140000	0.330978  	0.140000	0.330978  	0.140000	0.340158  	0.140000	0.000524262	
0.160000	0.3296    	0.160000	0.3296    	0.160000	0.325957  	0.160000	0.325957  	0.160000	0.329132  	0.160000	0.000468258	
0.180000	0.319613  	0.180000	0.319613  	0.180000	0.320408  	0.180000	0.320408  	0.180000	0.319189  	0.180000	0.000423701	
0.200000	0.310772  	0.200000	0.310772  	0.200000	0.314615  	0.200000	0.314615  	0.200000	0.310385  	0.200000	0.000387346	
0.250000	0.292522  	0.250000	0.292522  	0.250000	0.299953  	0.250000	0.299953  	0.250000	0.292202  	0.250000	0.000320068	
0.300000	0.277618  	0.300000	0.277618  	0.300000	0.285722  	0.300000	0.285722  	0.300000	0.277344  	0.300000	0.000273662	
0.350000	0.264478  	0.350000	0.264478  	0.350000	0.272225  	0.350000	0.272225  	0.350000	0.264239  	0.350000	0.000239597	
0.400000	0.252444  	0.400000	0.252444  	0.400000	0.259559  	0.400000	0.259559  	0.400000	0.25223   	0.400000	0.000213459	
0.450000	0.241267  	0.450000	0.241267  	0.450000	0.247753  	0.450000	0.247753  	0.450000	0.241075  	0.450000	0.00019273	
0.500000	0.230855  	0.500000	0.230855  	0.500000	0.236799  	0.500000	0.236799  	0.500000	0.230679  	0.500000	0.000175863	
0.600000	0.212146  	0.600000	0.212146  	0.600000	0.217301  	0.600000	0.217301  	0.600000	0.211996  	0.600000	0.000150022	
0.700000	0.195992  	0.700000	0.195992  	0.700000	0.200662  	0.700000	0.200662  	0.700000	0.195861  	0.700000	0.000131105	
0.800000	0.182046  	0.800000	0.182046  	0.800000	0.186417  	0.800000	0.186417  	0.800000	0.181929  	0.800000	0.000116622	
0.900000	0.169957  	0.900000	0.169957  	0.900000	0.174139  	0.900000	0.174139  	0.900000	0.169852  	0.900000	0.000105159	
1.000000	0.159413  	1.000000	0.159413  	1.000000	0.163467  	1.000000	0.163467  	1.000000	0.159317  	1.000000	9.58457e-05	
1.250000	0.138193  	1.250000	0.138193  	1.250000	0.142057  	1.250000	0.142057  	1.250000	0.138115  	1.250000	7.87148e-05	
1.500000	0.122171  	1.500000	0.122171  	1.500000	0.125905  	1.500000	0.125905  	1.500000	0.122104  	1.500000	6.69835e-05	
1.750000	0.109622  	1.750000	0.109622  	1.750000	0.113242  	1.750000	0.113242  	1.750000	0.109564  	1.750000	5.84202e-05	
2.000000	0.099509  	2.000000	0.099509  	2.000000	0.103016  	2.000000	0.103016  	2.000000	0.0994571 	2.000000	5.188e-05 	
2.250000	0.0911733 	2.250000	0.0911733 	2.250000	0.0945703 	2.250000	0.0945703 	2.250000	0.0911266 	2.250000	4.67133e-05	
2.500000	0.0827683 	2.500000	0.0841785 	2.500000	0.087468  	2.500000	0.087468  	2.500000	0.084136  	2.500000	4.25232e-05	
3.000000	0.0722442 	3.000000	0.0730869 	3.000000	0.0761735 	3.000000	0.0761735 	3.000000	0.0730508 	3.000000	3.61299e-05	
3.500000	0.0642665 	3.500000	0.06468   	3.500000	0.0675828 	3.500000	0.0675828 	3.500000	0.0646486 	3.500000	3.14713e-05	
4.000000	0.0579923 	4.000000	0.0580839 	4.000000	0.0608224 	4.000000	0.0608224 	4.000000	0.0580559 	4.000000	2.79186e-05	
4.500000	0.0529176 	4.500000	0.0527671 	4.500000	0.0553595 	4.500000	0.0553595 	4.500000	0.052742  	4.500000	2.51154e-05	
5.000000	0.0487214 	5.000000	0.0483877 	5.000000	0.05085   	5.000000	0.05085   	5.000000	0.0483648 	5.000000	2.28444e-05	
5.500000	0.0451892 	5.500000	0.0447154 	5.500000	0.0470614 	5.500000	0.0470614 	5.500000	0.0446944 	5.500000	2.09655e-05	
6.000000	0.0421718 	6.000000	0.0415897 	6.000000	0.0438314 	6.000000	0.0438314 	6.000000	0.0415703 	6.000000	1.9384e-05	
6.500000	0.039562  	6.500000	0.0388954 	6.500000	0.0410431 	6.500000	0.0410431 	6.500000	0.0388773 	6.500000	1.80335e-05	
7.000000	0.0372809 	7.000000	0.0365475 	7.000000	0.0386099 	7.000000	0.0386099 	7.000000	0.0365306 	7.000000	1.68663e-05	
7.500000	0.0352687 	7.500000	0.0344821 	7.500000	0.036467  	7.500000	0.036467  	7.500000	0.0344662 	7.500000	1.58469e-05	
8.000000	0.0334796 	8.000000	0.0326501 	8.000000	0.0345642 	8.000000	0.0345642 	8.000000	0.0326352 	8.000000	1.49486e-05	
8.500000	0.0318778 	8.500000	0.0310135 	8.500000	0.0328624 	8.500000	0.0328624 	8.500000	0.0309993 	8.500000	1.41507e-05	
9.000000	0.0304347 	9.000000	0.0295418 	9.000000	0.0313308 	9.000000	0.0313308 	9.000000	0.0295283 	9.000000	1.34371e-05	
9.500000	0.0291274 	9.500000	0.0282108 	9.500000	0.0299444 	9.500000	0.0299444 	9.500000	0.028198  	9.500000	1.27948e-05	
10.000000	0.0279372 	10.000000	0.0278876 	10.000000	0.028683  	10.000000	0.028683  	10.000000	0.0278754 	10.000000	1.22137e-05	
11.000000	0.0258492 	11.000000	0.0258425 	11.000000	0.0264276 	11.000000	0.0264291 	11.000000	0.0258313 	11.000000	1.12023e-05	
12.000000	0.024076  	12.000000	0.0240975 	12.000000	0.0245202 	12.000000	0.0245227 	12.000000	0.0240871 	12.000000	1.03515e-05	
13.000000	0.0225502 	13.000000	0.0225899 	13.000000	0.0228861 	13.000000	0.0228889 	13.000000	0.0225803 	13.000000	9.62556e-06	
14.000000	0.0212225 	14.000000	0.0212738 	14.000000	0.0214704 	14.000000	0.021473  	14.000000	0.0212648 	14.000000	8.99846e-06	
15.000000	0.0200561 	15.000000	0.0201144 	15.000000	0.0202316 	15.000000	0.0202341 	15.000000	0.0201059 	15.000000	8.45108e-06	
16.000000	0.0190227 	16.000000	0.0190847 	16.000000	0.0191387 	16.000000	0.0191412 	16.000000	0.0190768 	16.000000	7.96894e-06	
17.000000	0.0181004 	17.000000	0.0181639 	17.000000	0.0181678 	17.000000	0.01817   	17.000000	0.0181564 	17.000000	7.5409e-06	
18.000000	0.0172719 	18.000000	0.0173354 	18.000000	0.0172998 	18.000000	0.0173015 	18.000000	0.0173282 	18.000000	7.15822e-06	
19.000000	0.0165234 	19.000000	0.0165856 	19.000000	0.0165191 	19.000000	0.0165203 	19.000000	0.0165788 	19.000000	6.81396e-06	
20.000000	0.0158435 	20.000000	0.0159037 	20.000000	0.0158131 	20.000000	0.0158143 	20.000000	0.0158972 	20.000000	6.50255e-06	
21.000000	0.0152231 	21.000000	0.0152808 	21.000000	0.0151719 	21.000000	0.0151732 	21.000000	0.0152745 	21.000000	6.21943e-06	
22.000000	0.0146545 	22.000000	0.0147093 	22.000000	0.0145878 	22.000000	0.0145888 	22.000000	0.0147034 	22.000000	5.96087e-06	
23.000000	0.0141315 	23.000000	0.0141831 	23.000000	0.0140538 	23.000000	0.014054  	23.000000	0.0141774 	23.000000	5.72377e-06	
24.000000	0.0136486 	24.000000	0.013697  	24.000000	0.0135635 	24.000000	0.0135631 	24.000000	0.0136915 	24.000000	5.50553e-06	
25.000000	0.0132013 	25.000000	0.0132464 	25.000000	0.0131121 	25.000000	0.013111  	25.000000	0.0132411 	25.000000	5.30395e-06	
27.000000	0.0123986 	27.000000	0.0124371 	27.000000	0.0123097 	27.000000	0.0123072 	27.000000	0.0124322 	27.000000	4.94361e-06	
29.000000	0.0116984 	29.000000	0.0117306 	29.000000	0.0116183 	29.000000	0.0116151 	29.000000	0.0117259 	29.000000	4.63081e-06	
31.000000	0.0110819 	31.000000	0.0111082 	31.000000	0.0110104 	31.000000	0.011007  	31.000000	0.0111038 	31.000000	4.35661e-06	
33.000000	0.0105348 	33.000000	0.0105555 	33.000000	0.0104666 	33.000000	0.0104622 	33.000000	0.0105513 	33.000000	4.11421e-06	
35.000000	0.0100457 	35.000000	0.0100613 	35.000000	0.00997903	35.000000	0.00997482	35.000000	0.0100574 	35.000000	3.8983e-06	
38.000000	0.00940179	38.000000	0.00941054	38.000000	0.00933773	38.000000	0.00933284	38.000000	0.00940692	38.000000	3.61525e-06	
41.000000	0.0088456 	41.000000	0.00884847	41.000000	0.00878299	41.000000	0.00877799	41.000000	0.0088451 	41.000000	3.37188e-06	
44.000000	0.00836003	44.000000	0.00835788	44.000000	0.00829783	44.000000	0.0082934 	44.000000	0.00835472	44.000000	3.16031e-06	
47.000000	0.00793219	47.000000	0.00792578	47.000000	0.00787136	47.000000	0.00786633	47.000000	0.0079228 	47.000000	2.97461e-06	
50.000000	0.00755218	50.000000	0.00754217	50.000000	0.00749202	50.000000	0.00748694	50.000000	0.00753936	50.000000	2.81026e-06	
55.000000	0.00700482	55.000000	0.00699007	55.000000	0.006946  	55.000000	0.00694048	55.000000	0.0069875 	55.000000	2.57457e-06	
60.000000	0.00654266	60.000000	0.00652448	60.000000	0.00648428	60.000000	0.0064792 	60.000000	0.00652211	60.000000	2.37658e-06	
65.000000	0.00614691	65.000000	0.00612634	65.000000	0.0060896 	65.000000	0.00608438	65.000000	0.00612413	65.000000	2.20783e-06	
70.000000	0.00580394	70.000000	0.00578182	70.000000	0.00574775	70.000000	0.00574245	70.000000	0.00577976	70.000000	2.06221e-06	
75.000000	0.00550365	75.000000	0.00548067	75.000000	0.00544821	75.000000	0.00544333	75.000000	0.00547873	75.000000	1.93524e-06	
80.000000	0.00523838	80.000000	0.00521509	80.000000	0.00518467	80.000000	0.00517937	80.000000	0.00521326	80.000000	1.8235e-06	
85.000000	0.00500222	85.000000	0.00497907	85.000000	0.00494966	85.000000	0.00494463	85.000000	0.00497734	85.000000	1.72437e-06	
90.000000	0.00479052	90.000000	0.00476789	90.000000	0.00473929	90.000000	0.00473448	90.000000	0.00476625	90.000000	1.63583e-06	
95.000000	0.00459959	95.000000	0.00457778	95.000000	0.00455035	95.000000	0.0045452 	95.000000	0.00457622	95.000000	1.55623e-06	
100.000000	0.00442645	100.000000	0.00440571	100.000000	0.00437873	100.000000	0.0043738 	100.000000	0.00440422	100.000000	1.48427e-06	
105.000000	0.00426867	105.000000	0.0042492 	105.000000	0.00422257	105.000000	0.00421785	105.000000	0.00424779	105.000000	1.4189e-06	
110.000000	0.00412424	110.000000	0.00410622	110.000000	0.00407981	110.000000	0.00407532	110.000000	0.00410487	110.000000	1.35923e-06	
115.000000	0.0039915 	115.000000	0.00397507	115.000000	0.00394919	115.000000	0.00394454	115.000000	0.00397377	115.000000	1.30455e-06	
120.000000	0.00386904	120.000000	0.00385433	120.000000	0.00382886	120.000000	0.00382411	120.000000	0.00385308	120.000000	1.25424e-06	
125.000000	0.00375569	125.000000	0.0037428 	125.000000	0.00371734	125.000000	0.00371284	125.000000	0.00374159	125.000000	1.2078e-06	
130.000000	0.00365045	130.000000	0.00363945	130.000000	0.00361408	130.000000	0.00360971	130.000000	0.00363828	130.000000	1.16479e-06	
135.000000	0.00355245	135.000000	0.0035434 	135.000000	0.00351842	135.000000	0.00351385	135.000000	0.00354228	135.000000	1.12484e-06	
140.000000	0.00346095	140.000000	0.00345392	140.000000	0.00342912	140.000000	0.00342453	140.000000	0.00345283	140.000000	1.08764e-06	
145.000000	0.00337531	145.000000	0.00337033	145.000000	0.00334551	145.000000	0.0033411 	145.000000	0.00336928	145.000000	1.0529e-06	
150.000000	0.00329497	150.000000	0.00329208	150.000000	0.00326728	150.000000	0.00326298	150.000000	0.00329106	150.000000	1.02038e-06	
155.000000	0.00318184	155.000000	0.00321866	155.000000	0.00319383	155.000000	0.00318968	155.000000	0.00321767	155.000000	9.8988e-07	
160.000000	0.00311554	160.000000	0.00314965	160.000000	0.00312489	160.000000	0.00312078	160.000000	0.00314868	160.000000	9.61212e-07	
165.000000	0.00305301	165.000000	0.00308464	165.000000	0.00306015	165.000000	0.00305588	165.000000	0.00308371	165.000000	9.34214e-07	
170.000000	0.00299394	170.000000	0.00302331	170.000000	0.00299893	170.000000	0.00299465	170.000000	0.0030224 	170.000000	9.08742e-07	
175.000000	0.00293806	175.000000	0.00296535	175.000000	0.00294094	175.000000	0.00293678	175.000000	0.00296446	175.000000	8.8467e-07	
180.000000	0.00288509	180.000000	0.00291048	180.000000	0.00288608	180.000000	0.00288201	180.000000	0.00290962	180.000000	8.61882e-07	
185.000000	0.00283482	185.000000	0.00285847	185.000000	0.00283408	185.000000	0.0028301 	185.000000	0.00285763	185.000000	8.40279e-07	
190.000000	0.00278705	190.000000	0.0028091 	190.000000	0.00278469	190.000000	0.00278082	190.000000	0.00280828	190.000000	8.19769e-07	
195.000000	0.00274159	195.000000	0.00276217	195.000000	0.00273788	195.000000	0.00273399	195.000000	0.00276137	195.000000	8.00271e-07	
200.000000	0.00269827	200.000000	0.0027175 	200.000000	0.00269343	200.000000	0.00268942	200.000000	0.00271672	200.000000	7.81709e-07	
210.000000	0.00261748	210.000000	0.00263434	210.000000	0.00261039	210.000000	0.00260646	210.000000	0.0026336 	210.000000	7.47138e-07	
220.000000	0.00254365	220.000000	0.00255851	220.000000	0.00253463	220.000000	0.00253083	220.000000	0.00255779	220.000000	7.15591e-07	
230.000000	0.0024759 	230.000000	0.00248907	230.000000	0.00246525	230.000000	0.0024616 	230.000000	0.00248838	230.000000	6.86685e-07	
240.000000	0.0024135 	240.000000	0.00242525	240.000000	0.00240176	240.000000	0.00239801	240.000000	0.00242459	240.000000	6.60098e-07	
250.000000	0.00235585	250.000000	0.00236641	250.000000	0.00234316	250.000000	0.0023394 	250.000000	0.00236578	250.000000	6.35559e-07	
260.000000	0.00230242	260.000000	0.00231199	260.000000	0.00228885	260.000000	0.00228522	260.000000	0.00231137	260.000000	6.12837e-07	
270.000000	0.00225276	270.000000	0.0022615 	270.000000	0.00223851	270.000000	0.00223498	270.000000	0.00226091	270.000000	5.91735e-07	
280.000000	0.00220649	280.000000	0.00221455	280.000000	0.00219173	280.000000	0.00218828	280.000000	0.00221398	280.000000	5.72085e-07	
290.000000	0.00216327	290.000000	0.00217078	290.000000	0.00214832	290.000000	0.00214477	290.000000	0.00217022	290.000000	5.53739e-07	
300.000000	0.00212281	300.000000	0.00212987	300.000000	0.00210769	300.000000	0.00210413	300.000000	0.00212934	300.000000	5.36571e-07	
310.000000	0.00208485	310.000000	0.00209157	310.000000	0.00206956	310.000000	0.0020661 	310.000000	0.00209105	310.000000	5.2047e-07	
320.000000	0.00204918	320.000000	0.00205564	320.000000	0.00203383	320.000000	0.00203044	320.000000	0.00205513	320.000000	5.05339e-07	
330.000000	0.00201559	330.000000	0.00202186	330.000000	0.00200024	330.000000	0.00199693	330.000000	0.00202137	330.000000	4.9109e-07	
340.000000	0.00198391	340.000000	0.00199005	340.000000	0.00196868	340.000000	0.0019654 	340.000000	0.00198958	340.000000	4.77649e-07	
350.000000	0.00195398	350.000000	0.00196006	350.000000	0.00193904	350.000000	0.00193568	350.000000	0.00195959	350.000000	4.64947e-07	
360.000000	0.00192567	360.000000	0.00193172	360.000000	0.00191101	360.000000	0.00190762	360.000000	0.00193127	360.000000	4.52925e-07	
370.000000	0.00189884	370.000000	0.00190492	370.000000	0.00188441	370.000000	0.00188109	370.000000	0.00190447	370.000000	4.4153e-07	
380.000000	0.00187339	380.000000	0.00187953	380.000000	0.00185924	380.000000	0.00185598	380.000000	0.0018791 	380.000000	4.30712e-07	
390.000000	0.00184922	390.000000	0.00185544	390.000000	0.00183538	390.000000	0.00183217	390.000000	0.00185502	390.000000	4.20428e-07	
400.000000	0.00182623	400.000000	0.00183258	400.000000	0.00181272	400.000000	0.00180958	400.000000	0.00183217	400.000000	4.1064e-07	
410.000000	0.00180435	410.000000	0.00181084	410.000000	0.00179122	410.000000	0.00178811	410.000000	0.00181044	410.000000	4.01312e-07	
420.000000	0.00178349	420.000000	0.00179015	420.000000	0.00177084	420.000000	0.00176768	420.000000	0.00178975	420.000000	3.92413e-07	
430.000000	0.00176359	430.000000	0.00177043	430.000000	0.00175144	430.000000	0.00174823	430.000000	0.00177005	430.000000	3.83911e-07	
440.000000	0.00174459	440.000000	0.00175163	440.000000	0.00173289	440.000000	0.00172969	440.000000	0.00175126	440.000000	3.75783e-07	
450.000000	0.00172643	450.000000	0.00173369	450.000000	0.00171515	450.000000	0.001712  	450.000000	0.00173332	450.000000	3.68002e-07	
460.000000	0.00170906	460.000000	0.00171654	460.000000	0.00169821	460.000000	0.0016951 	460.000000	0.00171618	460.000000	3.60548e-07	
470.000000	0.00169243	470.000000	0.00170015	470.000000	0.00168203	470.000000	0.00167895	470.000000	0.00169979	470.000000	3.53399e-07	
480.000000	0.00167649	480.000000	0.00168446	480.000000	0.00166654	480.000000	0.0016635 	480.000000	0.00168411	480.000000	3.46537e-07	
490.000000	0.00166122	490.000000	0.00166943	490.000000	0.00165169	490.000000	0.0016487 	490.000000	0.00166909	490.000000	3.39946e-07	
500.000000	0.00164656	500.000000	0.00165503	500.000000	0.00163749	500.000000	0.00163452	500.000000	0.00165469	500.000000	3.33608e-07	
520.000000	0.00161895	520.000000	0.00162795	520.000000	0.00161092	520.000000	0.00160788	520.000000	0.00162763	520.000000	3.21638e-07	
540.000000	0.00159345	540.000000	0.00160298	540.000000	0.00158636	540.000000	0.00158332	540.000000	0.00160267	540.000000	3.10524e-07	
560.000000	0.00156982	560.000000	0.0015799 	560.000000	0.00156358	560.000000	0.00156061	560.000000	0.0015796 	560.000000	3.00175e-07	
580.000000	0.00154788	580.000000	0.0015585 	580.000000	0.0015425 	580.000000	0.00153957	580.000000	0.00155821	580.000000	2.90515e-07	
600.000000	0.00152748	600.000000	0.00153864	600.000000	0.0015229 	600.000000	0.00152003	600.000000	0.00153836	600.000000	2.81476e-07	
620.000000	0.00150847	620.000000	0.00152016	620.000000	0.00150469	620.000000	0.00150186	620.000000	0.00151989	620.000000	2.73e-07  	
640.000000	0.00149072	640.000000	0.00150294	640.000000	0.0014878 	640.000000	0.00148491	640.000000	0.00150267	640.000000	2.65035e-07	
660.000000	0.00147414	660.000000	0.00148687	660.000000	0.00147201	660.000000	0.00146909	660.000000	0.00148661	660.000000	2.57536e-07	
680.000000	0.00145862	680.000000	0.00147184	680.000000	0.00145718	680.000000	0.00145429	680.000000	0.00147159	680.000000	2.50463e-07	
700.000000	0.00144408	700.000000	0.00145777	700.000000	0.00144327	700.000000	0.00144043	700.000000	0.00145753	700.000000	2.4378e-07	
720.000000	0.00143043	720.000000	0.00144459	720.000000	0.00143024	720.000000	0.00142743	720.000000	0.00144435	720.000000	2.37455e-07	
740.000000	0.00141762	740.000000	0.00143222	740.000000	0.00141799	740.000000	0.00141522	740.000000	0.00143199	740.000000	2.3146e-07	
760.000000	0.00140557	760.000000	0.0014206 	760.000000	0.00140646	760.000000	0.00140373	760.000000	0.00142038	760.000000	2.2577e-07	
780.000000	0.00139424	780.000000	0.00140968	780.000000	0.00139562	780.000000	0.00139291	780.000000	0.00140945	780.000000	2.20361e-07	
800.000000	0.00138356	800.000000	0.00139939	800.000000	0.00138544	800.000000	0.00138271	800.000000	0.00139918	800.000000	2.15213e-07	
820.000000	0.00137351	820.000000	0.00138971	820.000000	0.00137586	820.000000	0.00137308	820.000000	0.0013895 	820.000000	2.10308e-07	
840.000000	0.00136402	840.000000	0.00138058	840.000000	0.00136678	840.000000	0.00136399	840.000000	0.00138037	840.000000	2.05628e-07	
860.000000	0.00135508	860.000000	0.00137196	860.000000	0.00135817	860.000000	0.00135539	860.000000	0.00137176	860.000000	2.01158e-07	
880.000000	0.00134663	880.000000	0.00136384	880.000000	0.00135   	880.000000	0.00134725	880.000000	0.00136364	880.000000	1.96885e-07	
900.000000	0.00133866	900.000000	0.00135616	900.000000	0.00134226	900.000000	0.00133954	900.000000	0.00135597	900.000000	1.92795e-07	
920.000000	0.00133113	920.000000	0.0013489 	920.000000	0.00133493	920.000000	0.00133223	920.000000	0.00134871	920.000000	1.88876e-07	
940.000000	0.00132401	940.000000	0.00134205	940.000000	0.00132798	940.000000	0.0013253 	940.000000	0.00134186	940.000000	1.85119e-07	
960.000000	0.00131728	960.000000	0.00133556	960.000000	0.00132138	960.000000	0.00131872	960.000000	0.00133538	960.000000	1.81513e-07	
980.000000	0.00131092	980.000000	0.00132942	980.000000	0.00131511	980.000000	0.00131246	980.000000	0.00132925	980.000000	1.78049e-07	
1000.000000	0.00130491	1000.000000	0.00132362	1000.000000	0.00130915	1000.000000	0.00130651	1000.000000	0.00132344	1000.000000	1.74718e-07	
1020.000000	0.00129923	1020.000000	0.00131812	1020.000000	0.00130347	1020.000000	0.00130086	1020.000000	0.00131795	1020.000000	1.71514e-07	
1040.000000	0.00129385	1040.000000	0.00131292	1040.000000	0.00129806	1040.000000	0.00129547	1040.000000	0.00131275	1040.000000	1.68429e-07	
1060.000000	0.00128878	1060.000000	0.00130799	1060.000000	0.00129291	1060.000000	0.00129034	1060.000000	0.00130783	1060.000000	1.65456e-07	
1080.000000	0.00128397	1080.000000	0.00130333	1080.000000	0.00128801	1080.000000	0.00128545	1080.000000	0.00130317	1080.000000	1.6259e-07	
1100.000000	0.00127944	1100.000000	0.00129891	1100.000000	0.00128334	1100.000000	0.00128079	1100.000000	0.00129875	1100.000000	1.59824e-07	
1120.000000	0.00127515	1120.000000	0.00129473	1120.000000	0.0012789 	1120.000000	0.00127635	1120.000000	0.00129457	1120.000000	1.57154e-07	
1140.000000	0.0012711 	1140.000000	0.00129077	1140.000000	0.00127467	1140.000000	0.00127211	1140.000000	0.00129062	1140.000000	1.54574e-07	
1160.000000	0.00126728	1160.000000	0.00128702	1160.000000	0.00127064	1160.000000	0.00126806	1160.000000	0.00128687	1160.000000	1.5208e-07	
1180.000000	0.00126368	1180.000000	0.00128347	1180.000000	0.00126679	1180.000000	0.00126419	1180.000000	0.00128333	1180.000000	1.49668e-07	
1200.000000	0.00126028	1200.000000	0.00128012	1200.000000	0.00126311	1200.000000	0.00126049	1200.000000	0.00127997	1200.000000	1.47333e-07	
1220.000000	0.00125708	1220.000000	0.00127694	1220.000000	0.00125957	1220.000000	0.00125696	1220.000000	0.0012768 	1220.000000	1.45073e-07	
1240.000000	0.00125407	1240.000000	0.00127394	1240.000000	0.00125619	1240.000000	0.00125358	1240.000000	0.0012738 	1240.000000	1.42883e-07	
1260.000000	0.00125124	1260.000000	0.0012711 	1260.000000	0.00125295	1260.000000	0.00125035	1260.000000	0.00127096	1260.000000	1.4076e-07	
1280.000000	0.00124857	1280.000000	0.00126842	1280.000000	0.00124984	1280.000000	0.00124726	1280.000000	0.00126829	1280.000000	1.38701e-07	
1300.000000	0.00124608	1300.000000	0.00126589	1300.000000	0.00124687	1300.000000	0.0012443 	1300.000000	0.00126576	1300.000000	1.36703e-07	
1320.000000	0.00124374	1320.000000	0.00126351	1320.000000	0.00124403	1320.000000	0.00124147	1320.000000	0.00126337	1320.000000	1.34764e-07	
1340.000000	0.00124155	1340.000000	0.00126126	1340.000000	0.00124131	1340.000000	0.00123876	1340.000000	0.00126113	1340.000000	1.32881e-07	
1360.000000	0.0012395 	1360.000000	0.00125914	1360.000000	0.0012387 	1360.000000	0.00123616	1360.000000	0.00125901	1360.000000	1.31051e-07	
1380.000000	0.00123759	1380.000000	0.00125715	1380.000000	0.00123621	1380.000000	0.00123368	1380.000000	0.00125702	1380.000000	1.29272e-07	
1400.000000	0.00123582	1400.000000	0.00125528	1400.000000	0.00123382	1400.000000	0.0012313 	1400.000000	0.00125515	1400.000000	1.27543e-07	
1420.000000	0.00123417	1420.000000	0.00125352	1420.000000	0.00123153	1420.000000	0.00122901	1420.000000	0.0012534 	1420.000000	1.25861e-07	
1440.000000	0.00123265	1440.000000	0.00125188	1440.000000	0.00122933	1440.000000	0.00122682	1440.000000	0.00125175	1440.000000	1.24224e-07	
1460.000000	0.00123125	1460.000000	0.00125034	1460.000000	0.00122722	1460.000000	0.00122473	1460.000000	0.00125021	1460.000000	1.2263e-07	
1480.000000	0.00122996	1480.000000	0.0012489 	1480.000000	0.0012252 	1480.000000	0.00122271	1480.000000	0.00124878	1480.000000	1.21078e-07	
1500.000000	0.00122878	1500.000000	0.00124756	1500.000000	0.00122326	1500.000000	0.00122079	1500.000000	0.00124744	1500.000000	1.19565e-07	
1520.000000	0.0012277 	1520.000000	0.00124631	1520.000000	0.0012214 	1520.000000	0.00121894	1520.000000	0.00124619	1520.000000	1.18092e-07	
1540.000000	0.00122673	1540.000000	0.00124516	1540.000000	0.00121962	1540.000000	0.00121716	1540.000000	0.00124504	1540.000000	1.16655e-07	
1560.000000	0.00122586	1560.000000	0.00124409	1560.000000	0.00121791	1560.000000	0.00121546	1560.000000	0.00124397	1560.000000	1.15254e-07	
1580.000000	0.00122508	1580.000000	0.0012431 	1580.000000	0.00121628	1580.000000	0.00121383	1580.000000	0.00124299	1580.000000	1.13887e-07	
1600.000000	0.00122439	1600.000000	0.0012422 	1600.000000	0.00121472	1600.000000	0.00121227	1600.000000	0.00124208	1600.000000	1.12553e-07	
1620.000000	0.00122379	1620.000000	0.00124137	1620.000000	0.00121322	1620.000000	0.00121077	1620.000000	0.00124126	1620.000000	1.11251e-07	
1640.000000	0.00122328	1640.000000	0.00124062	1640.000000	0.00121179	1640.000000	0.00120933	1640.000000	0.00124051	1640.000000	1.0998e-07	
1660.000000	0.00122285	1660.000000	0.00123994	1660.000000	0.00121041	1660.000000	0.00120795	1660.000000	0.00123983	1660.000000	1.08738e-07	
1680.000000	0.0012225 	1680.000000	0.00123933	1680.000000	0.0012091 	1680.000000	0.00120662	1680.000000	0.00123922	1680.000000	1.07525e-07	
1700.000000	0.00122222	1700.000000	0.00123879	1700.000000	0.00120784	1700.000000	0.00120535	1700.000000	0.00123868	1700.000000	1.06339e-07	
1750.000000	0.00122186	1750.000000	0.00123771	1750.000000	0.0012049 	1750.000000	0.0012024 	1750.000000	0.0012376 	1750.000000	1.0349e-07	
1800.000000	0.00122194	1800.000000	0.001237  	1800.000000	0.00120226	1800.000000	0.00119975	1800.000000	0.0012369 	1800.000000	1.00794e-07	
1850.000000	0.00122241	1850.000000	0.00123664	1850.000000	0.00119987	1850.000000	0.00119736	1850.000000	0.00123654	1850.000000	9.82392e-08	
1900.000000	0.00122326	1900.000000	0.00123659	1900.000000	0.00119771	1900.000000	0.00119521	1900.000000	0.00123649	1900.000000	9.58142e-08	
1950.000000	0.00122445	1950.000000	0.00123683	1950.000000	0.00119578	1950.000000	0.00119329	1950.000000	0.00123674	1950.000000	9.35096e-08	
2000.000000	0.00122597	2000.000000	0.00123734	2000.000000	0.00119404	2000.000000	0.00119157	2000.000000	0.00123725	2000.000000	9.13164e-08	
2100.000000	0.0012299 	2100.000000	0.0012391 	2100.000000	0.00119112	2100.000000	0.00118867	2100.000000	0.00123901	2100.000000	8.72332e-08	
2200.000000	0.00123489	2200.000000	0.00124172	2200.000000	0.00118882	2200.000000	0.00118639	2200.000000	0.00124163	2200.000000	8.35095e-08	
2300.000000	0.00124082	2300.000000	0.00124509	2300.000000	0.00118705	2300.000000	0.00118463	2300.000000	0.00124501	2300.000000	8.00994e-08	
2400.000000	0.00124759	2400.000000	0.00124912	2400.000000	0.00118572	2400.000000	0.00118332	2400.000000	0.00124904	2400.000000	7.69644e-08	
2500.000000	0.00125512	2500.000000	0.00125373	2500.000000	0.00118477	2500.000000	0.00118238	2500.000000	0.00125365	2500.000000	7.40722e-08	
2600.000000	0.00126332	2600.000000	0.00125885	2600.000000	0.00118415	2600.000000	0.00118177	2600.000000	0.00125878	2600.000000	7.13955e-08	
2700.000000	0.00127213	2700.000000	0.00126442	2700.000000	0.0011838 	2700.000000	0.00118144	2700.000000	0.00126435	2700.000000	6.89109e-08	
2800.000000	0.00128151	2800.000000	0.0012704 	2800.000000	0.0011837 	2800.000000	0.00118134	2800.000000	0.00127034	2800.000000	6.65981e-08	
2900.000000	0.0012914 	2900.000000	0.00127674	2900.000000	0.0011838 	2900.000000	0.00118144	2900.000000	0.00127668	2900.000000	6.44397e-08	
3000.000000	0.00130176	3000.000000	0.00128341	3000.000000	0.00118409	3000.000000	0.00118173	3000.000000	0.00128335	3000.000000	6.24208e-08	
3200.000000	0.00132374	3200.000000	0.00129759	3200.000000	0.0011851 	3200.000000	0.00118273	3200.000000	0.00129753	3200.000000	5.87498e-08	
3400.000000	0.00134723	3400.000000	0.00131274	3400.000000	0.00118657	3400.000000	0.00118419	3400.000000	0.00131269	3400.000000	5.54975e-08	
3600.000000	0.00137203	3600.000000	0.00132869	3600.000000	0.00118838	3600.000000	0.00118599	3600.000000	0.00132863	3600.000000	5.25956e-08	
3800.000000	0.00139799	3800.000000	0.0013453 	3800.000000	0.00119045	3800.000000	0.00118805	3800.000000	0.00134525	3800.000000	4.99898e-08	
4000.000000	0.00142498	4000.000000	0.00136247	4000.000000	0.00119269	4000.000000	0.0011903 	4000.000000	0.00136242	4000.000000	4.76368e-08	
4200.000000	0.00145292	4200.000000	0.00138012	4200.000000	0.00119508	4200.000000	0.00119269	4200.000000	0.00138008	4200.000000	4.5501e-08	
4400.000000	0.00148171	4400.000000	0.00139818	4400.000000	0.00119756	4400.000000	0.00119518	4400.000000	0.00139814	4400.000000	4.35535e-08	
4600.000000	0.00151129	4600.000000	0.00141659	4600.000000	0.00120012	4600.000000	0.00119774	4600.000000	0.00141655	4600.000000	4.17702e-08	
4800.000000	0.0015416 	4800.000000	0.00143531	4800.000000	0.00120272	4800.000000	0.00120035	4800.000000	0.00143527	4800.000000	4.0131e-08	
5000.000000	0.0015726 	5000.000000	0.00145428	5000.000000	0.00120534	5000.000000	0.00120298	5000.000000	0.00145425	5000.000000	3.8619e-08	
5250.000000	0.00161224	5250.000000	0.00147833	5250.000000	0.00120865	5250.000000	0.00120629	5250.000000	0.00147829	5250.000000	3.68861e-08	
5500.000000	0.00165282	5500.000000	0.00150267	5500.000000	0.00121195	5500.000000	0.0012096 	5500.000000	0.00150264	5500.000000	3.5306e-08	
6000.000000	0.00173658	6000.000000	0.00155211	6000.000000	0.00121849	6000.000000	0.00121615	6000.000000	0.00155208	6000.000000	3.25294e-08	
6500.000000	0.00182352	6500.000000	0.00160232	6500.000000	0.00122488	6500.000000	0.00122254	6500.000000	0.00160229	6500.000000	3.01678e-08	
7000.000000	0.00191338	7000.000000	0.00165309	7000.000000	0.00123106	7000.000000	0.00122873	7000.000000	0.00165307	7000.000000	2.81338e-08	
7500.000000	0.00200599	7500.000000	0.0017043 	7500.000000	0.00123703	7500.000000	0.0012347 	7500.000000	0.00170428	7500.000000	2.63633e-08	
8000.000000	0.0021012 	8000.000000	0.00175584	8000.000000	0.00124278	8000.000000	0.00124044	8000.000000	0.00175581	8000.000000	2.48077e-08	
8500.000000	0.00219891	8500.000000	0.00180762	8500.000000	0.00124827	8500.000000	0.00124596	8500.000000	0.0018076 	8500.000000	2.34298e-08	
9000.000000	0.00229902	9000.000000	0.00185959	9000.000000	0.00125352	9000.000000	0.00125125	9000.000000	0.00185957	9000.000000	2.22007e-08	
9500.000000	0.00240148	9500.000000	0.0019117 	9500.000000	0.00125857	9500.000000	0.00125633	9500.000000	0.00191168	9500.000000	2.10972e-08	
10000.000000	0.00250623	10000.000000	0.00196392	10000.000000	0.00126343	10000.000000	0.00126121	10000.000000	0.0019639 	10000.000000	2.01009e-08	
11000.000000	0.00272244	11000.000000	0.00206855	11000.000000	0.00127263	11000.000000	0.0012704 	11000.000000	0.00206853	11000.000000	1.83725e-08	
12000.000000	0.00294739	12000.000000	0.00217333	12000.000000	0.00128114	12000.000000	0.00127891	12000.000000	0.00217331	12000.000000	1.69243e-08	
13000.000000	0.00318092	13000.000000	0.00227814	13000.000000	0.00128903	13000.000000	0.00128681	13000.000000	0.00227812	13000.000000	1.56927e-08	
14000.000000	0.00342292	14000.000000	0.00238291	14000.000000	0.00129637	14000.000000	0.00129417	14000.000000	0.00238289	14000.000000	1.46322e-08	
15000.000000	0.0036733 	15000.000000	0.00248759	15000.000000	0.00130322	15000.000000	0.00130105	15000.000000	0.00248758	15000.000000	1.37093e-08	
16000.000000	0.00393203	16000.000000	0.00259216	16000.000000	0.00130964	16000.000000	0.0013075 	16000.000000	0.00259214	16000.000000	1.28985e-08	
17000.000000	0.00419907	17000.000000	0.00269658	17000.000000	0.00131569	17000.000000	0.00131357	17000.000000	0.00269657	17000.000000	1.21805e-08	
18000.000000	0.00447441	18000.000000	0.00280086	18000.000000	0.0013214 	18000.000000	0.0013193 	18000.000000	0.00280085	18000.000000	1.154e-08 	
19000.000000	0.00475805	19000.000000	0.00290497	19000.000000	0.0013268 	19000.000000	0.00132471	19000.000000	0.00290496	19000.000000	1.09652e-08	
20000.000000	0.00504998	20000.000000	0.00300891	20000.000000	0.00133193	20000.000000	0.00132985	20000.000000	0.0030089 	20000.000000	1.04462e-08	
21000.000000	0.00535023	21000.000000	0.00311269	21000.000000	0.00133681	21000.000000	0.00133473	21000.000000	0.00311268	21000.000000	9.97527e-09	
22000.000000	0.00565881	22000.000000	0.00321629	22000.000000	0.00134146	22000.000000	0.00133938	22000.000000	0.00321628	22000.000000	9.54599e-09	
23000.000000	0.00597574	23000.000000	0.00331972	23000.000000	0.00134583	23000.000000	0.00134382	23000.000000	0.00331971	23000.000000	9.15302e-09	
24000.000000	0.00630104	24000.000000	0.00342298	24000.000000	0.00135002	24000.000000	0.00134806	24000.000000	0.00342297	24000.000000	8.79189e-09	
25000.000000	0.00663475	25000.000000	0.00352607	25000.000000	0.00135409	25000.000000	0.00135213	25000.000000	0.00352606	25000.000000	8.45886e-09	
26000.000000	0.00697689	26000.000000	0.003629  	26000.000000	0.00135798	26000.000000	0.00135602	26000.000000	0.00362899	26000.000000	8.15074e-09	
27000.000000	0.00732751	27000.000000	0.00373177	27000.000000	0.00136169	27000.000000	0.00135977	27000.000000	0.00373176	27000.000000	7.86482e-09	
28000.000000	0.00768662	28000.000000	0.00383437	28000.000000	0.00136523	28000.000000	0.00136337	28000.000000	0.00383437	28000.000000	7.59877e-09	
29000.000000	0.00805428	29000.000000	0.00393683	29000.000000	0.00136866	29000.000000	0.00136684	29000.000000	0.00393682	29000.000000	7.35056e-09	
30000.000000	0.00843051	30000.000000	0.00403912	30000.000000	0.00137198	30000.000000	0.00137019	30000.000000	0.00403912	30000.000000	7.11844e-09	
32000.000000	0.00920887	32000.000000	0.00424328	32000.000000	0.00137827	32000.000000	0.00137655	32000.000000	0.00424327	32000.000000	6.69657e-09	
34000.000000	0.010022  	34000.000000	0.00444685	34000.000000	0.00138414	34000.000000	0.00138252	34000.000000	0.00444685	34000.000000	6.32301e-09	
36000.000000	0.0108703 	36000.000000	0.00464989	36000.000000	0.00138966	36000.000000	0.00138812	36000.000000	0.00464988	36000.000000	5.98986e-09	
38000.000000	0.0117541 	38000.000000	0.00485239	38000.000000	0.00139487	38000.000000	0.00139342	38000.000000	0.00485239	38000.000000	5.69085e-09	
40000.000000	0.0126737 	40000.000000	0.0050544 	40000.000000	0.00139981	40000.000000	0.00139843	40000.000000	0.0050544 	40000.000000	5.42095e-09	
42000.000000	0.0136296 	42000.000000	0.00525593	42000.000000	0.00140449	42000.000000	0.0014032 	42000.000000	0.00525592	42000.000000	5.17607e-09	
44000.000000	0.014622  	44000.000000	0.005457  	44000.000000	0.00140895	44000.000000	0.00140774	44000.000000	0.00545699	44000.000000	4.95287e-09	
46000.000000	0.0156514 	46000.000000	0.00565763	46000.000000	0.00141319	46000.000000	0.00141208	46000.000000	0.00565762	46000.000000	4.74856e-09	
48000.000000	0.0167182 	48000.000000	0.00585783	48000.000000	0.00141725	48000.000000	0.00141624	48000.000000	0.00585783	48000.000000	4.56083e-09	
50000.000000	0.0178227 	50000.000000	0.00605763	50000.000000	0.00142114	50000.000000	0.00142024	50000.000000	0.00605762	50000.000000	4.38772e-09	
