*Energy (MeV/u)1	0 - [He-base] F.Hubert et al, AD&ND Tables 46(1990)1	Energy (MeV/u)2	1 - [H -base] J.F.Ziegler et al, Pergamon Press, NY (low energy)	Energy (MeV/u)3	2 - ATIMA 1.2  LS-theory (recommended for high energy)	Energy (MeV/u)4	3 - ATIMA 1.2  without LS-correction	Energy (MeV/u)5	4 - electrical component of [1] - J.F.Ziegler et al	Energy (MeV/u)6	5 - nuclear component of [1] - J.F.Ziegler et al	
0.001000	2.70226   	0.001000	0.256805  	0.001000	0.240703  	0.001000	0.240703  	0.001000	0.161939  	0.001000	0.0948661 	
0.002000	2.89371   	0.002000	0.323103  	0.002000	0.305042  	0.002000	0.305042  	0.002000	0.224303  	0.002000	0.0987992 	
0.005000	3.40069   	0.005000	0.437135  	0.005000	0.418194  	0.005000	0.418194  	0.005000	0.345039  	0.005000	0.0920965 	
0.008000	3.82316   	0.008000	0.513738  	0.008000	0.49589   	0.008000	0.49589   	0.008000	0.430332  	0.008000	0.0834061 	
0.010000	4.06973   	0.010000	0.556254  	0.010000	0.539508  	0.010000	0.539508  	0.010000	0.477916  	0.010000	0.0783374 	
0.015000	4.80551   	0.015000	0.646409  	0.015000	0.632976  	0.015000	0.632976  	0.015000	0.578249  	0.015000	0.0681599 	
0.020000	5.44066   	0.020000	0.738288  	0.020000	0.729138  	0.020000	0.729138  	0.020000	0.677691  	0.020000	0.0605971 	
0.025000	6.148     	0.025000	0.836316  	0.025000	0.833629  	0.025000	0.833629  	0.025000	0.781557  	0.025000	0.0547586 	
0.030000	6.75574   	0.030000	0.931504  	0.030000	0.905379  	0.030000	0.905379  	0.030000	0.881405  	0.030000	0.0500998 	
0.035000	7.10936   	0.035000	1.02267   	0.035000	0.975033  	0.035000	0.975033  	0.035000	0.976385  	0.035000	0.046283  	
0.040000	7.37794   	0.040000	1.08217   	0.040000	1.04273   	0.040000	1.04273   	0.040000	1.03908   	0.040000	0.0430895 	
0.045000	7.56694   	0.045000	1.13974   	0.045000	1.10854   	0.045000	1.10854   	0.045000	1.09937   	0.045000	0.0403713 	
0.050000	7.68247   	0.050000	1.19556   	0.050000	1.17251   	0.050000	1.17251   	0.050000	1.15753   	0.050000	0.0380248 	
0.055000	7.97242   	0.055000	1.24972   	0.055000	1.23466   	0.055000	1.23466   	0.055000	1.21375   	0.055000	0.035975  	
0.060000	8.2182    	0.060000	1.30231   	0.060000	1.295     	0.060000	1.295     	0.060000	1.26814   	0.060000	0.0341663 	
0.070000	8.60455   	0.070000	1.40282   	0.070000	1.4103    	0.070000	1.4103    	0.070000	1.37171   	0.070000	0.0311128 	
0.080000	9.12296   	0.080000	1.50927   	0.080000	1.51849   	0.080000	1.51849   	0.080000	1.48064   	0.080000	0.0286264 	
0.090000	9.5355    	0.090000	1.61439   	0.090000	1.61969   	0.090000	1.61969   	0.090000	1.58783   	0.090000	0.0265561 	
0.100000	9.86728   	0.100000	1.71147   	0.100000	1.71406   	0.100000	1.71406   	0.100000	1.68667   	0.100000	0.0248013 	
0.120000	10.1261   	0.120000	1.8826    	0.120000	1.88311   	0.120000	1.88311   	0.120000	1.86062   	0.120000	0.0219781 	
0.140000	10.2775   	0.140000	2.02542   	0.140000	2.02766   	0.140000	2.02766   	0.140000	2.00563   	0.140000	0.0197962 	
0.160000	10.3962   	0.160000	2.1434    	0.160000	2.15009   	0.160000	2.15009   	0.160000	2.12535   	0.160000	0.0180523 	
0.180000	10.5148   	0.180000	2.24018   	0.180000	2.25296   	0.180000	2.25296   	0.180000	2.22356   	0.180000	0.016622  	
0.200000	10.6445   	0.200000	2.31911   	0.200000	2.33867   	0.200000	2.33867   	0.200000	2.30382   	0.200000	0.0152815 	
0.250000	10.6993   	0.250000	2.46481   	0.250000	2.49422   	0.250000	2.49422   	0.250000	2.4518    	0.250000	0.0130141 	
0.300000	10.8162   	0.300000	2.56629   	0.300000	2.58961   	0.300000	2.58961   	0.300000	2.55491   	0.300000	0.0113822 	
0.350000	10.9015   	0.350000	2.62985   	0.350000	2.64735   	0.350000	2.64735   	0.350000	2.6197    	0.350000	0.0101454 	
0.400000	10.9513   	0.400000	2.67138   	0.400000	2.68215   	0.400000	2.68215   	0.400000	2.66221   	0.400000	0.00917226	
0.450000	11.0087   	0.450000	2.71063   	0.450000	2.71174   	0.450000	2.71174   	0.450000	2.70224   	0.450000	0.00838444	
0.500000	11.0219   	0.500000	2.73914   	0.500000	2.74754   	0.500000	2.74754   	0.500000	2.73141   	0.500000	0.00773223	
0.600000	10.6262   	0.600000	2.7853    	0.600000	2.78973   	0.600000	2.78973   	0.600000	2.77859   	0.600000	0.00671208	
0.700000	10.1454   	0.700000	2.8134    	0.700000	2.80818   	0.700000	2.80818   	0.700000	2.80746   	0.700000	0.00594783	
0.800000	10.0207   	0.800000	2.83186   	0.800000	2.80411   	0.800000	2.80411   	0.800000	2.82651   	0.800000	0.00535187	
0.900000	9.85268   	0.900000	2.83765   	0.900000	2.79427   	0.900000	2.79427   	0.900000	2.83278   	0.900000	0.00487288	
1.000000	9.65898   	1.000000	2.83391   	1.000000	2.78013   	1.000000	2.78013   	1.000000	2.82943   	1.000000	0.00447871	
1.250000	9.10635   	1.250000	2.79631   	1.250000	2.73119   	1.250000	2.73119   	1.250000	2.79257   	1.250000	0.00374074	
1.500000	8.55401   	1.500000	2.73478   	1.500000	2.65502   	1.500000	2.65502   	1.500000	2.73156   	1.500000	0.0032247 	
1.750000	8.03512   	1.750000	2.66172   	1.750000	2.5803    	1.750000	2.5803    	1.750000	2.65887   	1.750000	0.00284188	
2.000000	7.54118   	2.000000	2.57747   	2.000000	2.50672   	2.000000	2.50672   	2.000000	2.57492   	2.000000	0.00254565	
2.250000	7.1104    	2.250000	2.49502   	2.250000	2.43469   	2.250000	2.43469   	2.250000	2.49271   	2.250000	0.00230907	
2.500000	6.84981   	2.500000	2.41591   	2.500000	2.36478   	2.500000	2.36478   	2.500000	2.4138    	2.500000	0.00211541	
3.000000	6.15949   	3.000000	2.26148   	3.000000	2.23274   	3.000000	2.23274   	3.000000	2.25966   	3.000000	0.00181655	
3.500000	5.60016   	3.500000	2.126     	3.500000	2.11214   	3.500000	2.11214   	3.500000	2.1244    	3.500000	0.00159597	
4.000000	5.13823   	4.000000	2.00856   	4.000000	2.0029    	4.000000	2.0029    	4.000000	2.00713   	4.000000	0.00142597	
4.500000	4.75034   	4.500000	1.90521   	4.500000	1.90417   	4.500000	1.90417   	4.500000	1.90392   	4.500000	0.00129066	
5.000000	4.41997   	5.000000	1.81306   	5.000000	1.8149    	5.000000	1.8149    	5.000000	1.81188   	5.000000	0.00118022	
5.500000	4.13512   	5.500000	1.73053   	5.500000	1.734     	5.500000	1.734     	5.500000	1.72944   	5.500000	0.00108824	
6.000000	3.88691   	6.000000	1.65617   	6.000000	1.66044   	6.000000	1.66044   	6.000000	1.65515   	6.000000	0.00101037	
6.500000	3.66862   	6.500000	1.58874   	6.500000	1.59333   	6.500000	1.59333   	6.500000	1.5878    	6.500000	0.000943535	
7.000000	3.4751    	7.000000	1.52728   	7.000000	1.5319    	7.000000	1.5319    	7.000000	1.5264    	7.000000	0.000885497	
7.500000	3.3023    	7.500000	1.471     	7.500000	1.47546   	7.500000	1.47546   	7.500000	1.47017   	7.500000	0.000834593	
8.000000	3.14703   	8.000000	1.41925   	8.000000	1.42345   	8.000000	1.42345   	8.000000	1.41846   	8.000000	0.000789561	
8.500000	3.00672   	8.500000	1.37149   	8.500000	1.37536   	8.500000	1.37536   	8.500000	1.37074   	8.500000	0.00074942	
9.000000	2.87926   	9.000000	1.32725   	9.000000	1.33076   	9.000000	1.33076   	9.000000	1.32654   	9.000000	0.000713398	
9.500000	2.76296   	9.500000	1.28617   	9.500000	1.28928   	9.500000	1.28928   	9.500000	1.28549   	9.500000	0.000680881	
10.000000	2.65639   	10.000000	1.25204   	10.000000	1.25061   	10.000000	1.25061   	10.000000	1.25139   	10.000000	0.00065137	
11.000000	2.46786   	11.000000	1.19314   	11.000000	1.18242   	11.000000	1.18499   	11.000000	1.19254   	11.000000	0.000599812	
12.000000	2.30621   	12.000000	1.13817   	12.000000	1.1211    	12.000000	1.12543   	12.000000	1.13761   	12.000000	0.000556236	
13.000000	2.166     	13.000000	1.08726   	13.000000	1.06575   	13.000000	1.07125   	13.000000	1.08674   	13.000000	0.00051889	
14.000000	2.04318   	14.000000	1.0403    	14.000000	1.01562   	14.000000	1.0219    	14.000000	1.03981   	14.000000	0.000486505	
15.000000	1.93466   	15.000000	0.997019  	15.000000	0.970097  	15.000000	0.976868  	15.000000	0.996561  	15.000000	0.000458136	
16.000000	1.83804   	16.000000	0.957124  	16.000000	0.928612  	16.000000	0.93568   	16.000000	0.956691  	16.000000	0.000433068	
17.000000	1.75145   	17.000000	0.920305  	17.000000	0.890698  	17.000000	0.897919  	17.000000	0.919894  	17.000000	0.000410745	
18.000000	1.67338   	18.000000	0.88627   	18.000000	0.855965  	18.000000	0.863209  	18.000000	0.885879  	18.000000	0.000390732	
19.000000	1.60261   	19.000000	0.85475   	19.000000	0.824087  	19.000000	0.831266  	19.000000	0.854377  	19.000000	0.000372682	
20.000000	1.53815   	20.000000	0.8255    	20.000000	0.794678  	20.000000	0.80176   	20.000000	0.825143  	20.000000	0.000356315	
21.000000	1.47918   	21.000000	0.7983    	21.000000	0.767462  	21.000000	0.774427  	21.000000	0.797958  	21.000000	0.000341401	
22.000000	1.42501   	22.000000	0.772953  	22.000000	0.74222   	22.000000	0.749041  	22.000000	0.772626  	22.000000	0.000327751	
23.000000	1.37508   	23.000000	0.749287  	23.000000	0.718766  	23.000000	0.725407  	23.000000	0.748972  	23.000000	0.000315209	
24.000000	1.32889   	24.000000	0.727145  	24.000000	0.696937  	24.000000	0.703352  	24.000000	0.726841  	24.000000	0.000303643	
25.000000	1.28604   	25.000000	0.706389  	25.000000	0.67657   	25.000000	0.682725  	25.000000	0.706096  	25.000000	0.00029294	
27.000000	1.20897   	27.000000	0.668559  	27.000000	0.639609  	27.000000	0.645237  	27.000000	0.668285  	27.000000	0.00027376	
29.000000	1.14158   	29.000000	0.634966  	29.000000	0.606928  	29.000000	0.612055  	29.000000	0.634709  	29.000000	0.000257058	
31.000000	1.08212   	31.000000	0.604944  	31.000000	0.578516  	31.000000	0.582961  	31.000000	0.604702  	31.000000	0.000242375	
33.000000	1.02925   	33.000000	0.577959  	33.000000	0.553415  	33.000000	0.557114  	33.000000	0.577729  	33.000000	0.00022936	
35.000000	0.981916  	35.000000	0.553573  	35.000000	0.531112  	35.000000	0.534163  	35.000000	0.553355  	35.000000	0.000217739	
38.000000	0.919501  	38.000000	0.521104  	38.000000	0.50151   	38.000000	0.503717  	38.000000	0.520902  	38.000000	0.000202462	
41.000000	0.8655    	41.000000	0.492737  	41.000000	0.47558   	41.000000	0.47718   	41.000000	0.492547  	41.000000	0.000189286	
44.000000	0.818293  	44.000000	0.467738  	44.000000	0.452689  	44.000000	0.453811  	44.000000	0.46756   	44.000000	0.000177798	
47.000000	0.776654  	47.000000	0.445539  	47.000000	0.432354  	47.000000	0.433051  	47.000000	0.445371  	47.000000	0.00016769	
50.000000	0.739635  	50.000000	0.425692  	50.000000	0.41408   	50.000000	0.414468  	50.000000	0.425533  	50.000000	0.000158722	
55.000000	0.686259  	55.000000	0.396901  	55.000000	0.387432  	55.000000	0.387451  	55.000000	0.396755  	55.000000	0.000145824	
60.000000	0.641147  	60.000000	0.372418  	60.000000	0.364677  	60.000000	0.364396  	60.000000	0.372283  	60.000000	0.000134954	
65.000000	0.602485  	65.000000	0.351337  	65.000000	0.345001  	65.000000	0.344466  	65.000000	0.351211  	65.000000	0.000125661	
70.000000	0.568958  	70.000000	0.332988  	70.000000	0.327729  	70.000000	0.327051  	70.000000	0.332871  	70.000000	0.000117621	
75.000000	0.539589  	75.000000	0.316869  	75.000000	0.312529  	75.000000	0.311692  	75.000000	0.316759  	75.000000	0.000110593	
80.000000	0.513634  	80.000000	0.302593  	80.000000	0.298961  	80.000000	0.298037  	80.000000	0.302489  	80.000000	0.000104394	
85.000000	0.490519  	85.000000	0.289858  	85.000000	0.286803  	85.000000	0.285812  	85.000000	0.28976   	85.000000	9.88831e-05	
90.000000	0.469792  	90.000000	0.278426  	90.000000	0.275847  	90.000000	0.274799  	90.000000	0.278332  	90.000000	9.39508e-05	
95.000000	0.451094  	95.000000	0.268104  	95.000000	0.26592   	95.000000	0.264823  	95.000000	0.268014  	95.000000	8.9509e-05	
100.000000	0.434135  	100.000000	0.258736  	100.000000	0.256881  	100.000000	0.255743  	100.000000	0.258651  	100.000000	8.54869e-05	
105.000000	0.418677  	105.000000	0.250196  	105.000000	0.248615  	105.000000	0.24744   	105.000000	0.250114  	105.000000	8.18268e-05	
110.000000	0.404525  	110.000000	0.242377  	110.000000	0.241024  	110.000000	0.239817  	110.000000	0.242298  	110.000000	7.84811e-05	
115.000000	0.391516  	115.000000	0.23519   	115.000000	0.234027  	115.000000	0.232794  	115.000000	0.235115  	115.000000	7.54105e-05	
120.000000	0.379514  	120.000000	0.228562  	120.000000	0.227562  	120.000000	0.226302  	120.000000	0.22849   	120.000000	7.25819e-05	
125.000000	0.368404  	125.000000	0.22243   	125.000000	0.221553  	125.000000	0.220281  	125.000000	0.22236   	125.000000	6.99672e-05	
130.000000	0.358088  	130.000000	0.216739  	130.000000	0.215942  	130.000000	0.214683  	130.000000	0.216671  	130.000000	6.75428e-05	
135.000000	0.34848   	135.000000	0.211443  	135.000000	0.210734  	135.000000	0.209462  	135.000000	0.211377  	135.000000	6.52883e-05	
140.000000	0.339509  	140.000000	0.206502  	140.000000	0.205878  	140.000000	0.204584  	140.000000	0.206438  	140.000000	6.31861e-05	
145.000000	0.331113  	145.000000	0.201881  	145.000000	0.201313  	145.000000	0.200013  	145.000000	0.20182   	145.000000	6.12212e-05	
150.000000	0.323235  	150.000000	0.19755   	150.000000	0.197008  	150.000000	0.195723  	150.000000	0.197491  	150.000000	5.93802e-05	
155.000000	0.312141  	155.000000	0.193483  	155.000000	0.19298   	155.000000	0.191688  	155.000000	0.193425  	155.000000	5.76517e-05	
160.000000	0.305639  	160.000000	0.189655  	160.000000	0.189185  	160.000000	0.187886  	160.000000	0.189599  	160.000000	5.60255e-05	
165.000000	0.299507  	165.000000	0.186047  	165.000000	0.185583  	165.000000	0.184297  	165.000000	0.185993  	165.000000	5.44925e-05	
170.000000	0.293715  	170.000000	0.18264   	170.000000	0.182191  	170.000000	0.180904  	170.000000	0.182587  	170.000000	5.3045e-05	
175.000000	0.288234  	175.000000	0.179417  	175.000000	0.178988  	175.000000	0.177692  	175.000000	0.179366  	175.000000	5.16758e-05	
180.000000	0.283039  	180.000000	0.176365  	180.000000	0.175935  	180.000000	0.174645  	180.000000	0.176314  	180.000000	5.03787e-05	
185.000000	0.278109  	185.000000	0.173469  	185.000000	0.173028  	185.000000	0.171753  	185.000000	0.173419  	185.000000	4.9148e-05	
190.000000	0.273424  	190.000000	0.170718  	190.000000	0.170266  	190.000000	0.169003  	190.000000	0.17067   	190.000000	4.79787e-05	
195.000000	0.268965  	195.000000	0.168101  	195.000000	0.167648  	195.000000	0.166385  	195.000000	0.168054  	195.000000	4.68662e-05	
200.000000	0.264716  	200.000000	0.165609  	200.000000	0.16516   	200.000000	0.16389   	200.000000	0.165563  	200.000000	4.58064e-05	
210.000000	0.256792  	210.000000	0.160965  	210.000000	0.160495  	210.000000	0.159236  	210.000000	0.160922  	210.000000	4.38305e-05	
220.000000	0.24955   	220.000000	0.156726  	220.000000	0.156221  	220.000000	0.154983  	220.000000	0.156684  	220.000000	4.20251e-05	
230.000000	0.242904  	230.000000	0.152841  	230.000000	0.152326  	230.000000	0.151082  	230.000000	0.152801  	230.000000	4.03687e-05	
240.000000	0.236783  	240.000000	0.149268  	240.000000	0.148727  	240.000000	0.147491  	240.000000	0.149229  	240.000000	3.88434e-05	
250.000000	0.231128  	250.000000	0.14597   	250.000000	0.145395  	250.000000	0.144175  	250.000000	0.145933  	250.000000	3.7434e-05	
260.000000	0.225887  	260.000000	0.142918  	260.000000	0.142309  	260.000000	0.141105  	260.000000	0.142882  	260.000000	3.61275e-05	
270.000000	0.221015  	270.000000	0.140084  	270.000000	0.13945   	270.000000	0.138254  	270.000000	0.14005   	270.000000	3.4913e-05	
280.000000	0.216476  	280.000000	0.137448  	280.000000	0.136803  	280.000000	0.135601  	280.000000	0.137414  	280.000000	3.37809e-05	
290.000000	0.212236  	290.000000	0.134988  	290.000000	0.134318  	290.000000	0.133126  	290.000000	0.134956  	290.000000	3.2723e-05	
300.000000	0.208267  	300.000000	0.132689  	300.000000	0.131991  	300.000000	0.130813  	300.000000	0.132657  	300.000000	3.17321e-05	
310.000000	0.204543  	310.000000	0.130535  	310.000000	0.129814  	310.000000	0.128646  	310.000000	0.130504  	310.000000	3.0802e-05	
320.000000	0.201044  	320.000000	0.128513  	320.000000	0.127771  	320.000000	0.126612  	320.000000	0.128483  	320.000000	2.99271e-05	
330.000000	0.197748  	330.000000	0.126611  	330.000000	0.125847  	330.000000	0.124701  	330.000000	0.126582  	330.000000	2.91026e-05	
340.000000	0.19464   	340.000000	0.12482   	340.000000	0.124041  	340.000000	0.122901  	340.000000	0.124792  	340.000000	2.83243e-05	
350.000000	0.191704  	350.000000	0.12313   	350.000000	0.122348  	350.000000	0.121204  	350.000000	0.123103  	350.000000	2.75882e-05	
360.000000	0.188926  	360.000000	0.121533  	360.000000	0.120744  	360.000000	0.119601  	360.000000	0.121507  	360.000000	2.6891e-05	
370.000000	0.186295  	370.000000	0.120023  	370.000000	0.119219  	370.000000	0.118086  	370.000000	0.119996  	370.000000	2.62297e-05	
380.000000	0.183798  	380.000000	0.118591  	380.000000	0.117775  	380.000000	0.116651  	380.000000	0.118565  	380.000000	2.56014e-05	
390.000000	0.181427  	390.000000	0.117233  	390.000000	0.116407  	390.000000	0.115291  	390.000000	0.117208  	390.000000	2.50039e-05	
400.000000	0.179171  	400.000000	0.115943  	400.000000	0.11511   	400.000000	0.114     	400.000000	0.115918  	400.000000	2.44347e-05	
410.000000	0.177024  	410.000000	0.114716  	410.000000	0.113876  	410.000000	0.112774  	410.000000	0.114692  	410.000000	2.3892e-05	
420.000000	0.174978  	420.000000	0.113548  	420.000000	0.112703  	420.000000	0.111607  	420.000000	0.113525  	420.000000	2.33738e-05	
430.000000	0.173026  	430.000000	0.112435  	430.000000	0.111586  	430.000000	0.110497  	430.000000	0.112412  	430.000000	2.28786e-05	
440.000000	0.171162  	440.000000	0.111374  	440.000000	0.110522  	440.000000	0.109439  	440.000000	0.111351  	440.000000	2.24048e-05	
450.000000	0.16938   	450.000000	0.11036   	450.000000	0.109507  	450.000000	0.10843   	450.000000	0.110338  	450.000000	2.19511e-05	
460.000000	0.167676  	460.000000	0.109392  	460.000000	0.108537  	460.000000	0.107467  	460.000000	0.109371  	460.000000	2.15161e-05	
470.000000	0.166044  	470.000000	0.108466  	470.000000	0.107611  	470.000000	0.106547  	470.000000	0.108445  	470.000000	2.10987e-05	
480.000000	0.164481  	480.000000	0.10758   	480.000000	0.106729  	480.000000	0.105667  	480.000000	0.107559  	480.000000	2.06979e-05	
490.000000	0.162982  	490.000000	0.106731  	490.000000	0.10589   	490.000000	0.104825  	490.000000	0.10671   	490.000000	2.03127e-05	
500.000000	0.161544  	500.000000	0.105917  	500.000000	0.105085  	500.000000	0.10402   	500.000000	0.105897  	500.000000	1.99422e-05	
520.000000	0.158836  	520.000000	0.104387  	520.000000	0.103565  	520.000000	0.102508  	520.000000	0.104367  	520.000000	1.92418e-05	
540.000000	0.156333  	540.000000	0.102975  	540.000000	0.102164  	540.000000	0.101117  	540.000000	0.102957  	540.000000	1.85909e-05	
560.000000	0.154015  	560.000000	0.10167   	560.000000	0.100873  	560.000000	0.0998337 	560.000000	0.101652  	560.000000	1.79844e-05	
580.000000	0.151863  	580.000000	0.100461  	580.000000	0.0996789 	580.000000	0.0986478 	580.000000	0.100443  	580.000000	1.74177e-05	
600.000000	0.149861  	600.000000	0.0993378 	600.000000	0.0985732 	600.000000	0.0975497 	600.000000	0.0993209 	600.000000	1.6887e-05	
620.000000	0.147996  	620.000000	0.098293  	620.000000	0.0975474 	620.000000	0.0965308 	620.000000	0.0982766 	620.000000	1.6389e-05	
640.000000	0.146255  	640.000000	0.0973194 	640.000000	0.0965939 	640.000000	0.0955839 	640.000000	0.0973034 	640.000000	1.59207e-05	
660.000000	0.144628  	660.000000	0.0964106 	660.000000	0.0957064 	660.000000	0.0947026 	660.000000	0.0963951 	660.000000	1.54795e-05	
680.000000	0.143106  	680.000000	0.0955611 	680.000000	0.0948789 	680.000000	0.0938811 	680.000000	0.0955461 	680.000000	1.5063e-05	
700.000000	0.141679  	700.000000	0.094766  	700.000000	0.0941065 	700.000000	0.0931142 	700.000000	0.0947514 	700.000000	1.46692e-05	
720.000000	0.14034   	720.000000	0.0940209 	720.000000	0.0933846 	720.000000	0.0923976 	720.000000	0.0940066 	720.000000	1.42963e-05	
740.000000	0.139083  	740.000000	0.0933219 	740.000000	0.092709  	740.000000	0.091727  	740.000000	0.0933079 	740.000000	1.39427e-05	
760.000000	0.137901  	760.000000	0.0926653 	760.000000	0.0920761 	760.000000	0.0910989 	760.000000	0.0926517 	760.000000	1.36068e-05	
780.000000	0.136789  	780.000000	0.0920481 	780.000000	0.0914827 	780.000000	0.09051   	780.000000	0.0920348 	780.000000	1.32873e-05	
800.000000	0.135742  	800.000000	0.0914673 	800.000000	0.0909257 	800.000000	0.0899572 	800.000000	0.0914543 	800.000000	1.29831e-05	
820.000000	0.134755  	820.000000	0.0909204 	820.000000	0.0904024 	820.000000	0.0894381 	820.000000	0.0909077 	820.000000	1.2693e-05	
840.000000	0.133825  	840.000000	0.090405  	840.000000	0.0899104 	840.000000	0.08895   	840.000000	0.0903926 	840.000000	1.24162e-05	
860.000000	0.132947  	860.000000	0.089919  	860.000000	0.0894475 	860.000000	0.0884908 	860.000000	0.0899068 	860.000000	1.21516e-05	
880.000000	0.132118  	880.000000	0.0894604 	880.000000	0.0890116 	880.000000	0.0880585 	880.000000	0.0894485 	880.000000	1.18985e-05	
900.000000	0.131336  	900.000000	0.0890274 	900.000000	0.0886009 	900.000000	0.0876513 	900.000000	0.0890157 	900.000000	1.16562e-05	
920.000000	0.130597  	920.000000	0.0886184 	920.000000	0.0882138 	920.000000	0.0872674 	920.000000	0.088607  	920.000000	1.14239e-05	
940.000000	0.129899  	940.000000	0.0882319 	940.000000	0.0878486 	940.000000	0.0869054 	940.000000	0.0882207 	940.000000	1.12011e-05	
960.000000	0.129239  	960.000000	0.0878666 	960.000000	0.087504  	960.000000	0.0865638 	960.000000	0.0878556 	960.000000	1.09871e-05	
980.000000	0.128615  	980.000000	0.0875211 	980.000000	0.0871787 	980.000000	0.0862413 	980.000000	0.0875104 	980.000000	1.07815e-05	
1000.000000	0.128025  	1000.000000	0.0871944 	1000.000000	0.0868714 	1000.000000	0.0859368 	1000.000000	0.0871838 	1000.000000	1.05837e-05	
1020.000000	0.127468  	1020.000000	0.0868853 	1020.000000	0.086581  	1020.000000	0.0856491 	1020.000000	0.0868749 	1020.000000	1.03933e-05	
1040.000000	0.12694   	1040.000000	0.0865929 	1040.000000	0.0863065 	1040.000000	0.0853772 	1040.000000	0.0865827 	1040.000000	1.02099e-05	
1060.000000	0.126442  	1060.000000	0.0863161 	1060.000000	0.0860471 	1060.000000	0.0851202 	1060.000000	0.0863061 	1060.000000	1.00332e-05	
1080.000000	0.125971  	1080.000000	0.0860543 	1080.000000	0.0858017 	1080.000000	0.0848771 	1080.000000	0.0860444 	1080.000000	9.86269e-06	
1100.000000	0.125526  	1100.000000	0.0858065 	1100.000000	0.0855695 	1100.000000	0.0846473 	1100.000000	0.0857968 	1100.000000	9.69811e-06	
1120.000000	0.125105  	1120.000000	0.085572  	1120.000000	0.0853499 	1120.000000	0.0844299 	1120.000000	0.0855625 	1120.000000	9.53914e-06	
1140.000000	0.124708  	1140.000000	0.0853503 	1140.000000	0.0851421 	1140.000000	0.0842242 	1140.000000	0.0853409 	1140.000000	9.38551e-06	
1160.000000	0.124334  	1160.000000	0.0851405 	1160.000000	0.0849455 	1160.000000	0.0840297 	1160.000000	0.0851312 	1160.000000	9.23694e-06	
1180.000000	0.12398   	1180.000000	0.0849421 	1180.000000	0.0847594 	1180.000000	0.0838456 	1180.000000	0.084933  	1180.000000	9.09319e-06	
1200.000000	0.123647  	1200.000000	0.0847546 	1200.000000	0.0845833 	1200.000000	0.0836714 	1200.000000	0.0847457 	1200.000000	8.95401e-06	
1220.000000	0.123333  	1220.000000	0.0845774 	1220.000000	0.0844167 	1220.000000	0.0835066 	1220.000000	0.0845686 	1220.000000	8.8192e-06	
1240.000000	0.123037  	1240.000000	0.0844101 	1240.000000	0.084259  	1240.000000	0.0833506 	1240.000000	0.0844014 	1240.000000	8.68854e-06	
1260.000000	0.122759  	1260.000000	0.0842521 	1260.000000	0.0841097 	1260.000000	0.0832031 	1260.000000	0.0842436 	1260.000000	8.56185e-06	
1280.000000	0.122498  	1280.000000	0.0841031 	1280.000000	0.0839686 	1280.000000	0.0830636 	1280.000000	0.0840947 	1280.000000	8.43895e-06	
1300.000000	0.122253  	1300.000000	0.0839627 	1300.000000	0.083835  	1300.000000	0.0829317 	1300.000000	0.0839544 	1300.000000	8.31966e-06	
1320.000000	0.122023  	1320.000000	0.0838304 	1320.000000	0.0837087 	1320.000000	0.0828069 	1320.000000	0.0838222 	1320.000000	8.20383e-06	
1340.000000	0.121808  	1340.000000	0.0837059 	1340.000000	0.0835893 	1340.000000	0.082689  	1340.000000	0.0836978 	1340.000000	8.0913e-06	
1360.000000	0.121608  	1360.000000	0.0835889 	1360.000000	0.0834764 	1360.000000	0.0825776 	1360.000000	0.0835809 	1360.000000	7.98194e-06	
1380.000000	0.121421  	1380.000000	0.083479  	1380.000000	0.0833698 	1380.000000	0.0824724 	1380.000000	0.0834712 	1380.000000	7.87561e-06	
1400.000000	0.121247  	1400.000000	0.083376  	1400.000000	0.0832691 	1400.000000	0.0823731 	1400.000000	0.0833682 	1400.000000	7.77218e-06	
1420.000000	0.121085  	1420.000000	0.0832796 	1420.000000	0.083174  	1420.000000	0.0822794 	1420.000000	0.0832719 	1420.000000	7.67154e-06	
1440.000000	0.120936  	1440.000000	0.0831894 	1440.000000	0.0830843 	1440.000000	0.082191  	1440.000000	0.0831818 	1440.000000	7.57358e-06	
1460.000000	0.120798  	1460.000000	0.0831053 	1460.000000	0.0829998 	1460.000000	0.0821077 	1460.000000	0.0830978 	1460.000000	7.47818e-06	
1480.000000	0.120672  	1480.000000	0.083027  	1480.000000	0.0829186 	1480.000000	0.0820277 	1480.000000	0.0830196 	1480.000000	7.38525e-06	
1500.000000	0.120556  	1500.000000	0.0829542 	1500.000000	0.0828497 	1500.000000	0.08196   	1500.000000	0.0829469 	1500.000000	7.29468e-06	
1520.000000	0.12045   	1520.000000	0.0828868 	1520.000000	0.0827852 	1520.000000	0.0818966 	1520.000000	0.0828796 	1520.000000	7.2064e-06	
1540.000000	0.120355  	1540.000000	0.0828246 	1540.000000	0.0827248 	1540.000000	0.0818374 	1540.000000	0.0828174 	1540.000000	7.12032e-06	
1560.000000	0.120269  	1560.000000	0.0827673 	1560.000000	0.0826684 	1560.000000	0.0817821 	1560.000000	0.0827602 	1560.000000	7.03634e-06	
1580.000000	0.120193  	1580.000000	0.0827147 	1580.000000	0.0826159 	1580.000000	0.0817306 	1580.000000	0.0827078 	1580.000000	6.9544e-06	
1600.000000	0.120125  	1600.000000	0.0826668 	1600.000000	0.082567  	1600.000000	0.0816828 	1600.000000	0.0826599 	1600.000000	6.87442e-06	
1620.000000	0.120066  	1620.000000	0.0826233 	1620.000000	0.0825216 	1620.000000	0.0816384 	1620.000000	0.0826165 	1620.000000	6.79632e-06	
1640.000000	0.120016  	1640.000000	0.082584  	1640.000000	0.0824795 	1640.000000	0.0815973 	1640.000000	0.0825773 	1640.000000	6.72005e-06	
1660.000000	0.119974  	1660.000000	0.0825489 	1660.000000	0.0824407 	1660.000000	0.0815594 	1660.000000	0.0825422 	1660.000000	6.64554e-06	
1680.000000	0.119939  	1680.000000	0.0825177 	1680.000000	0.0824049 	1680.000000	0.0815245 	1680.000000	0.0825111 	1680.000000	6.57273e-06	
1700.000000	0.119913  	1700.000000	0.0824903 	1700.000000	0.082372  	1700.000000	0.0814926 	1700.000000	0.0824838 	1700.000000	6.50156e-06	
1750.000000	0.119877  	1750.000000	0.0824378 	1750.000000	0.082302  	1750.000000	0.0814247 	1750.000000	0.0824315 	1750.000000	6.33044e-06	
1800.000000	0.119884  	1800.000000	0.0824066 	1800.000000	0.0822478 	1800.000000	0.0813725 	1800.000000	0.0824004 	1800.000000	6.16842e-06	
1850.000000	0.119931  	1850.000000	0.0823948 	1850.000000	0.0822079 	1850.000000	0.0813346 	1850.000000	0.0823888 	1850.000000	6.0148e-06	
1900.000000	0.120014  	1900.000000	0.082401  	1900.000000	0.082181  	1900.000000	0.0813094 	1900.000000	0.0823951 	1900.000000	5.86892e-06	
1950.000000	0.120131  	1950.000000	0.0824238 	1950.000000	0.0821657 	1950.000000	0.0812958 	1950.000000	0.082418  	1950.000000	5.73021e-06	
2000.000000	0.12028   	2000.000000	0.0824619 	2000.000000	0.0821611 	2000.000000	0.0812928 	2000.000000	0.0824563 	2000.000000	5.59814e-06	
2100.000000	0.120666  	2100.000000	0.0825799 	2100.000000	0.0821796 	2100.000000	0.0813143 	2100.000000	0.0825746 	2100.000000	5.35209e-06	
2200.000000	0.121155  	2200.000000	0.0827473 	2200.000000	0.08223   	2200.000000	0.0813672 	2200.000000	0.0827421 	2200.000000	5.1275e-06	
2300.000000	0.121737  	2300.000000	0.0829575 	2300.000000	0.0823065 	2300.000000	0.0814462 	2300.000000	0.0829526 	2300.000000	4.92165e-06	
2400.000000	0.122402  	2400.000000	0.0832052 	2400.000000	0.0824049 	2400.000000	0.0815467 	2400.000000	0.0832005 	2400.000000	4.73225e-06	
2500.000000	0.12314   	2500.000000	0.0834859 	2500.000000	0.0825212 	2500.000000	0.081665  	2500.000000	0.0834813 	2500.000000	4.5574e-06	
2600.000000	0.123944  	2600.000000	0.0837958 	2600.000000	0.0826526 	2600.000000	0.0817981 	2600.000000	0.0837914 	2600.000000	4.39544e-06	
2700.000000	0.124809  	2700.000000	0.0841315 	2700.000000	0.0827964 	2700.000000	0.0819435 	2700.000000	0.0841273 	2700.000000	4.245e-06 	
2800.000000	0.125729  	2800.000000	0.0844903 	2800.000000	0.0829505 	2800.000000	0.0820991 	2800.000000	0.0844862 	2800.000000	4.10487e-06	
2900.000000	0.126699  	2900.000000	0.0848698 	2900.000000	0.0831131 	2900.000000	0.082263  	2900.000000	0.0848658 	2900.000000	3.97402e-06	
3000.000000	0.127716  	3000.000000	0.0852678 	3000.000000	0.0832826 	3000.000000	0.0824339 	3000.000000	0.085264  	3000.000000	3.85154e-06	
3200.000000	0.129873  	3200.000000	0.0861124 	3200.000000	0.0836378 	3200.000000	0.0827913 	3200.000000	0.0861087 	3200.000000	3.62864e-06	
3400.000000	0.132177  	3400.000000	0.0870119 	3400.000000	0.084008  	3400.000000	0.0831634 	3400.000000	0.0870084 	3400.000000	3.43095e-06	
3600.000000	0.13461   	3600.000000	0.0879568 	3600.000000	0.0843872 	3600.000000	0.0835443 	3600.000000	0.0879536 	3600.000000	3.25438e-06	
3800.000000	0.137157  	3800.000000	0.0889398 	3800.000000	0.0847713 	3800.000000	0.0839297 	3800.000000	0.0889367 	3800.000000	3.09567e-06	
4000.000000	0.139805  	4000.000000	0.0899548 	4000.000000	0.0851568 	4000.000000	0.0843164 	4000.000000	0.0899518 	4000.000000	2.95222e-06	
4200.000000	0.142546  	4200.000000	0.090997  	4200.000000	0.0855416 	4200.000000	0.0847022 	4200.000000	0.0909942 	4200.000000	2.8219e-06	
4400.000000	0.145371  	4400.000000	0.0920624 	4400.000000	0.0859237 	4400.000000	0.0850854 	4400.000000	0.0920597 	4400.000000	2.70298e-06	
4600.000000	0.148273  	4600.000000	0.0931479 	4600.000000	0.0863019 	4600.000000	0.0854647 	4600.000000	0.0931453 	4600.000000	2.594e-06 	
4800.000000	0.151247  	4800.000000	0.0942506 	4800.000000	0.0866753 	4800.000000	0.0858392 	4800.000000	0.0942481 	4800.000000	2.49375e-06	
5000.000000	0.154288  	5000.000000	0.0953683 	5000.000000	0.0870433 	5000.000000	0.0862082 	5000.000000	0.0953659 	5000.000000	2.40122e-06	
5250.000000	0.158177  	5250.000000	0.0967836 	5250.000000	0.0874949 	5250.000000	0.0866611 	5250.000000	0.0967813 	5250.000000	2.29509e-06	
5500.000000	0.162159  	5500.000000	0.0982163 	5500.000000	0.0879368 	5500.000000	0.0871042 	5500.000000	0.0982141 	5500.000000	2.19824e-06	
6000.000000	0.170376  	6000.000000	0.101124  	6000.000000	0.0887902 	6000.000000	0.08796   	6000.000000	0.101122  	6000.000000	2.02787e-06	
6500.000000	0.178906  	6500.000000	0.104075  	6500.000000	0.0896033 	6500.000000	0.0887751 	6500.000000	0.104073  	6500.000000	1.88276e-06	
7000.000000	0.187723  	7000.000000	0.107058  	7000.000000	0.0903773 	7000.000000	0.0895507 	7000.000000	0.107057  	7000.000000	1.75764e-06	
7500.000000	0.196808  	7500.000000	0.110066  	7500.000000	0.0911138 	7500.000000	0.0902886 	7500.000000	0.110065  	7500.000000	1.64859e-06	
8000.000000	0.20615   	8000.000000	0.113092  	8000.000000	0.0918159 	8000.000000	0.0909912 	8000.000000	0.113091  	8000.000000	1.55268e-06	
8500.000000	0.215736  	8500.000000	0.116133  	8500.000000	0.0924833 	8500.000000	0.0916606 	8500.000000	0.116131  	8500.000000	1.46765e-06	
9000.000000	0.225558  	9000.000000	0.119183  	9000.000000	0.0931178 	9000.000000	0.0922993 	9000.000000	0.119182  	9000.000000	1.39173e-06	
9500.000000	0.23561   	9500.000000	0.122242  	9500.000000	0.0937244 	9500.000000	0.0929093 	9500.000000	0.12224   	9500.000000	1.32351e-06	
10000.000000	0.245887  	10000.000000	0.125306  	10000.000000	0.0943059 	10000.000000	0.0934927 	10000.000000	0.125304  	10000.000000	1.26187e-06	
11000.000000	0.267099  	11000.000000	0.131445  	11000.000000	0.0953986 	11000.000000	0.0945872 	11000.000000	0.131444  	11000.000000	1.15481e-06	
12000.000000	0.289169  	12000.000000	0.137592  	12000.000000	0.0964054 	12000.000000	0.095596  	12000.000000	0.137591  	12000.000000	1.06498e-06	
13000.000000	0.312081  	13000.000000	0.14374   	13000.000000	0.0973348 	13000.000000	0.0965301 	13000.000000	0.143739  	13000.000000	9.88504e-07	
14000.000000	0.335823  	14000.000000	0.149885  	14000.000000	0.0981959 	14000.000000	0.097399  	14000.000000	0.149884  	14000.000000	9.22575e-07	
15000.000000	0.360389  	15000.000000	0.156024  	15000.000000	0.0989982 	15000.000000	0.0982103 	15000.000000	0.156023  	15000.000000	8.65135e-07	
16000.000000	0.385773  	16000.000000	0.162156  	16000.000000	0.0997509 	16000.000000	0.0989707 	16000.000000	0.162155  	16000.000000	8.14629e-07	
17000.000000	0.411972  	17000.000000	0.16828   	17000.000000	0.10046   	17000.000000	0.0996858 	17000.000000	0.168279  	17000.000000	7.69861e-07	
18000.000000	0.438986  	18000.000000	0.174394  	18000.000000	0.101131  	18000.000000	0.10036   	18000.000000	0.174394  	18000.000000	7.29897e-07	
19000.000000	0.466813  	19000.000000	0.180499  	19000.000000	0.101767  	19000.000000	0.100998  	19000.000000	0.180498  	19000.000000	6.93997e-07	
20000.000000	0.495455  	20000.000000	0.186594  	20000.000000	0.102371  	20000.000000	0.101603  	20000.000000	0.186593  	20000.000000	6.61563e-07	
21000.000000	0.524913  	21000.000000	0.192678  	21000.000000	0.102944  	21000.000000	0.102178  	21000.000000	0.192678  	21000.000000	6.32114e-07	
22000.000000	0.555187  	22000.000000	0.198753  	22000.000000	0.103483  	22000.000000	0.102725  	22000.000000	0.198752  	22000.000000	6.0525e-07	
23000.000000	0.586281  	23000.000000	0.204817  	23000.000000	0.103999  	23000.000000	0.103248  	23000.000000	0.204816  	23000.000000	5.80643e-07	
24000.000000	0.618197  	24000.000000	0.210871  	24000.000000	0.104493  	24000.000000	0.103748  	24000.000000	0.21087   	24000.000000	5.58017e-07	
25000.000000	0.650937  	25000.000000	0.216915  	25000.000000	0.104963  	25000.000000	0.104226  	25000.000000	0.216915  	25000.000000	5.37139e-07	
26000.000000	0.684505  	26000.000000	0.22295   	26000.000000	0.105413  	26000.000000	0.104685  	26000.000000	0.222949  	26000.000000	5.17813e-07	
27000.000000	0.718904  	27000.000000	0.228975  	27000.000000	0.105845  	27000.000000	0.105126  	27000.000000	0.228974  	27000.000000	4.9987e-07	
28000.000000	0.754137  	28000.000000	0.23499   	28000.000000	0.106261  	28000.000000	0.10555   	28000.000000	0.23499   	28000.000000	4.83166e-07	
29000.000000	0.790207  	29000.000000	0.240997  	29000.000000	0.106661  	29000.000000	0.105959  	29000.000000	0.240996  	29000.000000	4.67574e-07	
30000.000000	0.82712   	30000.000000	0.246994  	30000.000000	0.107046  	30000.000000	0.106353  	30000.000000	0.246993  	30000.000000	4.52987e-07	
32000.000000	0.903485  	32000.000000	0.258962  	32000.000000	0.107778  	32000.000000	0.107101  	32000.000000	0.258962  	32000.000000	4.26458e-07	
34000.000000	0.983264  	34000.000000	0.270897  	34000.000000	0.108463  	34000.000000	0.107801  	34000.000000	0.270896  	34000.000000	4.02948e-07	
36000.000000	1.06649   	36000.000000	0.282799  	36000.000000	0.109103  	36000.000000	0.108459  	36000.000000	0.282799  	36000.000000	3.81965e-07	
38000.000000	1.1532    	38000.000000	0.294671  	38000.000000	0.109703  	38000.000000	0.109079  	38000.000000	0.29467   	38000.000000	3.63119e-07	
40000.000000	1.24342   	40000.000000	0.306513  	40000.000000	0.110266  	40000.000000	0.109665  	40000.000000	0.306512  	40000.000000	3.46097e-07	
42000.000000	1.3372    	42000.000000	0.318327  	42000.000000	0.110798  	42000.000000	0.110221  	42000.000000	0.318326  	42000.000000	3.30642e-07	
44000.000000	1.43457   	44000.000000	0.330114  	44000.000000	0.111302  	44000.000000	0.110749  	44000.000000	0.330113  	44000.000000	3.16548e-07	
46000.000000	1.53556   	46000.000000	0.341875  	46000.000000	0.111782  	46000.000000	0.111252  	46000.000000	0.341874  	46000.000000	3.03639e-07	
48000.000000	1.64022   	48000.000000	0.353611  	48000.000000	0.112238  	48000.000000	0.111732  	48000.000000	0.353611  	48000.000000	2.91771e-07	
50000.000000	1.74859   	50000.000000	0.365323  	50000.000000	0.112672  	50000.000000	0.112191  	50000.000000	0.365323  	50000.000000	2.80821e-07	
