*Energy (MeV/u)1	0 - [He-base] F.Hubert et al. AD&ND Tables 46(1990)1	Energy (MeV/u)2	1 - [H -base] J.F.Ziegler et al.Pergamon Press.NY(low energy)	Energy (MeV/u)3	2 - ATIMA 1.2 LS-theory (recommended for high energy)	Energy (MeV/u)4	3 - ATIMA 1.2 without LS-correction	Energy (MeV/u)5	4 - ATIMA 1.4 H.Weick. improved mean charge formula for HI	Energy (MeV/u)6	5 - electrical component of [1] - J.F.Ziegler et al	Energy (MeV/u)7	6 - nuclear component of [1] - J.F.Ziegler et al	
0.001000	0.130869  	0.001000	0.119718  	0.001000	0.132095  	0.001000	0.132095  	0.001000	0.132056  	0.001000	0.07211   	0.001000	0.0476084 	
0.002000	0.154558  	0.002000	0.139564  	0.002000	0.15347   	0.002000	0.15347   	0.002000	0.153448  	0.002000	0.105575  	0.002000	0.0339892 	
0.005000	0.218886  	0.005000	0.194396  	0.005000	0.208556  	0.005000	0.208556  	0.005000	0.208547  	0.005000	0.174755  	0.005000	0.0196411 	
0.008000	0.272461  	0.008000	0.240623  	0.008000	0.253279  	0.008000	0.253279  	0.008000	0.253273  	0.008000	0.226305  	0.008000	0.0143181 	
0.010000	0.304058  	0.010000	0.267983  	0.010000	0.279293  	0.010000	0.279293  	0.010000	0.279289  	0.010000	0.255856  	0.010000	0.0121269 	
0.015000	0.357249  	0.015000	0.318277  	0.015000	0.322103  	0.015000	0.322103  	0.015000	0.3221    	0.015000	0.309235  	0.015000	0.00904251	
0.020000	0.398918  	0.020000	0.360935  	0.020000	0.356713  	0.020000	0.356713  	0.020000	0.356711  	0.020000	0.353643  	0.020000	0.00729161	
0.025000	0.444213  	0.025000	0.400262  	0.025000	0.389345  	0.025000	0.389345  	0.025000	0.389343  	0.025000	0.394113  	0.025000	0.00614959	
0.030000	0.480931  	0.030000	0.435814  	0.030000	0.425267  	0.030000	0.425267  	0.030000	0.425266  	0.030000	0.430474  	0.030000	0.00534002	
0.035000	0.510299  	0.035000	0.468341  	0.035000	0.458676  	0.035000	0.458676  	0.035000	0.458675  	0.035000	0.463608  	0.035000	0.00473324	
0.040000	0.532829  	0.040000	0.498433  	0.040000	0.489695  	0.040000	0.489695  	0.040000	0.489694  	0.040000	0.494174  	0.040000	0.00425988	
0.045000	0.548883  	0.045000	0.526206  	0.045000	0.518417  	0.045000	0.518417  	0.045000	0.518416  	0.045000	0.522327  	0.045000	0.00387931	
0.050000	0.558922  	0.050000	0.551755  	0.050000	0.544919  	0.050000	0.544919  	0.050000	0.544918  	0.050000	0.548189  	0.050000	0.00356605	
0.055000	0.581173  	0.055000	0.57517   	0.055000	0.569277  	0.055000	0.569277  	0.055000	0.569277  	0.055000	0.571866  	0.055000	0.00330328	
0.060000	0.599675  	0.060000	0.596538  	0.060000	0.591568  	0.060000	0.591568  	0.060000	0.591568  	0.060000	0.593458  	0.060000	0.00307939	
0.070000	0.626628  	0.070000	0.633496  	0.070000	0.630277  	0.070000	0.630277  	0.070000	0.630276  	0.070000	0.630778  	0.070000	0.00271752	
0.080000	0.655519  	0.080000	0.663378  	0.080000	0.661746  	0.080000	0.661746  	0.080000	0.661746  	0.080000	0.660941  	0.080000	0.00243698	
0.090000	0.676343  	0.090000	0.686963  	0.090000	0.686732  	0.090000	0.686732  	0.090000	0.686732  	0.090000	0.68475   	0.090000	0.00221258	
0.100000	0.691715  	0.100000	0.705234  	0.100000	0.706014  	0.100000	0.706014  	0.100000	0.706014  	0.100000	0.703205  	0.100000	0.00202866	
0.120000	0.701481  	0.120000	0.736821  	0.120000	0.730494  	0.120000	0.730494  	0.120000	0.730494  	0.120000	0.735077  	0.120000	0.00174439	
0.140000	0.703183  	0.140000	0.753313  	0.140000	0.740753  	0.140000	0.740753  	0.140000	0.740754  	0.140000	0.751779  	0.140000	0.00153421	
0.160000	0.703247  	0.160000	0.760397  	0.160000	0.741319  	0.160000	0.741319  	0.160000	0.741319  	0.160000	0.759025  	0.160000	0.00137201	
0.180000	0.702391  	0.180000	0.759325  	0.180000	0.735602  	0.180000	0.735602  	0.180000	0.735603  	0.180000	0.758082  	0.180000	0.00124275	
0.200000	0.704253  	0.200000	0.755963  	0.200000	0.726035  	0.200000	0.726035  	0.200000	0.726036  	0.200000	0.754826  	0.200000	0.00113714	
0.250000	0.689845  	0.250000	0.737229  	0.250000	0.694852  	0.250000	0.694852  	0.250000	0.694853  	0.250000	0.736288  	0.250000	0.000941345	
0.300000	0.687596  	0.300000	0.72353   	0.300000	0.666646  	0.300000	0.666646  	0.300000	0.666646  	0.300000	0.722724  	0.300000	0.00080599	
0.350000	0.679605  	0.350000	0.702675  	0.350000	0.640337  	0.350000	0.640337  	0.350000	0.640337  	0.350000	0.701969  	0.350000	0.000706456	
0.400000	0.668134  	0.400000	0.680043  	0.400000	0.615287  	0.400000	0.615287  	0.400000	0.615287  	0.400000	0.679413  	0.400000	0.000629979	
0.450000	0.653034  	0.450000	0.656062  	0.450000	0.591565  	0.450000	0.591565  	0.450000	0.591565  	0.450000	0.655492  	0.450000	0.000569257	
0.500000	0.638355  	0.500000	0.634724  	0.500000	0.570205  	0.500000	0.570205  	0.500000	0.570205  	0.500000	0.634204  	0.500000	0.000519798	
0.600000	0.585835  	0.600000	0.594264  	0.600000	0.533201  	0.600000	0.533201  	0.600000	0.533201  	0.600000	0.59382   	0.600000	0.000443933	
0.700000	0.533254  	0.700000	0.555945  	0.700000	0.501945  	0.700000	0.501945  	0.700000	0.501945  	0.700000	0.555556  	0.700000	0.000388318	
0.800000	0.510019  	0.800000	0.528132  	0.800000	0.474871  	0.800000	0.474871  	0.800000	0.474871  	0.800000	0.527786  	0.800000	0.000345693	
0.900000	0.485263  	0.900000	0.500261  	0.900000	0.450968  	0.900000	0.450968  	0.900000	0.450969  	0.900000	0.499949  	0.900000	0.000311921	
1.000000	0.460693  	1.000000	0.473483  	1.000000	0.428481  	1.000000	0.428481  	1.000000	0.428481  	1.000000	0.473198  	1.000000	0.000284462	
1.250000	0.404338  	1.250000	0.414916  	1.250000	0.382193  	1.250000	0.382193  	1.250000	0.382194  	1.250000	0.414682  	1.250000	0.000233896	
1.500000	0.351055  	1.500000	0.360215  	1.500000	0.345544  	1.500000	0.345544  	1.500000	0.345544  	1.500000	0.360015  	1.500000	0.00019922	
1.750000	0.312004  	1.750000	0.32071   	1.750000	0.315286  	1.750000	0.315286  	1.750000	0.315286  	1.750000	0.320536  	1.750000	0.000173882	
2.000000	0.281809  	2.000000	0.290445  	2.000000	0.289759  	2.000000	0.289759  	2.000000	0.289759  	2.000000	0.29029   	2.000000	0.000154513	
2.250000	0.257969  	2.250000	0.266265  	2.250000	0.267846  	2.250000	0.267846  	2.250000	0.267846  	2.250000	0.266125  	2.250000	0.0001392 	
2.500000	0.230236  	2.500000	0.246338  	2.500000	0.248873  	2.500000	0.248873  	2.500000	0.248873  	2.500000	0.246211  	2.500000	0.000126773	
3.000000	0.2023    	3.000000	0.215081  	3.000000	0.217786  	3.000000	0.217786  	3.000000	0.217786  	3.000000	0.214974  	3.000000	0.000107798	
3.500000	0.180773  	3.500000	0.191399  	3.500000	0.193525  	3.500000	0.193525  	3.500000	0.193525  	3.500000	0.191305  	3.500000	9.39589e-05	
4.000000	0.163646  	4.000000	0.172688  	4.000000	0.174162  	4.000000	0.174162  	4.000000	0.174162  	4.000000	0.172605  	4.000000	8.3397e-05	
4.500000	0.149678  	4.500000	0.15748   	4.500000	0.158399  	4.500000	0.158399  	4.500000	0.158399  	4.500000	0.157405  	4.500000	7.50582e-05	
5.000000	0.138056  	5.000000	0.144857  	5.000000	0.145344  	5.000000	0.145344  	5.000000	0.145344  	5.000000	0.144789  	5.000000	6.82991e-05	
5.500000	0.128224  	5.500000	0.134206  	5.500000	0.134364  	5.500000	0.134364  	5.500000	0.134364  	5.500000	0.134143  	5.500000	6.27042e-05	
6.000000	0.119793  	6.000000	0.125092  	6.000000	0.125006  	6.000000	0.125006  	6.000000	0.125006  	6.000000	0.125035  	6.000000	5.79927e-05	
6.500000	0.112479  	6.500000	0.117204  	6.500000	0.116935  	6.500000	0.116935  	6.500000	0.116935  	6.500000	0.11715   	6.500000	5.39681e-05	
7.000000	0.106069  	7.000000	0.110307  	7.000000	0.109902  	7.000000	0.109902  	7.000000	0.109902  	7.000000	0.110257  	7.000000	5.04884e-05	
7.500000	0.100404  	7.500000	0.104223  	7.500000	0.103718  	7.500000	0.103718  	7.500000	0.103718  	7.500000	0.104176  	7.500000	4.74485e-05	
8.000000	0.0953575 	8.000000	0.0988142 	8.000000	0.0982345 	8.000000	0.0982345 	8.000000	0.0982345 	8.000000	0.0987695 	8.000000	4.47689e-05	
8.500000	0.0908327 	8.500000	0.0939724 	8.500000	0.093338  	8.500000	0.093338  	8.500000	0.093338  	8.500000	0.09393   	8.500000	4.23882e-05	
9.000000	0.0867512 	9.000000	0.0896112 	9.000000	0.0889371 	9.000000	0.0889371 	9.000000	0.0889371 	9.000000	0.089571  	9.000000	4.02583e-05	
9.500000	0.0830497 	9.500000	0.0856614 	9.500000	0.0849587 	9.500000	0.0849587 	9.500000	0.0849588 	9.500000	0.085623  	9.500000	3.83411e-05	
10.000000	0.0796766 	10.000000	0.0809976 	10.000000	0.0813435 	10.000000	0.0813435 	10.000000	0.0813435 	10.000000	0.080961  	10.000000	3.66059e-05	
11.000000	0.0737525 	11.000000	0.075066  	11.000000	0.0749559 	11.000000	0.0749677 	11.000000	0.0749564 	11.000000	0.0750325 	11.000000	3.35851e-05	
12.000000	0.0687152 	12.000000	0.070002  	12.000000	0.0695733 	12.000000	0.0695926 	12.000000	0.0695742 	12.000000	0.069971  	12.000000	3.10433e-05	
13.000000	0.0643764 	13.000000	0.065626  	13.000000	0.0649751 	13.000000	0.0649989 	13.000000	0.0649762 	13.000000	0.0655971 	13.000000	2.88735e-05	
14.000000	0.0605981 	14.000000	0.061805  	14.000000	0.0610018 	14.000000	0.0610274 	14.000000	0.0610025 	14.000000	0.061778  	14.000000	2.69987e-05	
15.000000	0.0572765 	15.000000	0.0584384 	15.000000	0.0575343 	15.000000	0.0575599 	15.000000	0.057534  	15.000000	0.058413  	15.000000	2.53618e-05	
16.000000	0.0543323 	16.000000	0.0554485 	16.000000	0.0544814 	16.000000	0.0545066 	16.000000	0.0544807 	16.000000	0.0554246 	16.000000	2.39196e-05	
17.000000	0.0517035 	17.000000	0.0527746 	17.000000	0.0517734 	17.000000	0.051798  	17.000000	0.0517729 	17.000000	0.052752  	17.000000	2.2639e-05	
18.000000	0.0493412 	18.000000	0.0503684 	18.000000	0.0493567 	18.000000	0.0493796 	18.000000	0.0493557 	18.000000	0.0503469 	18.000000	2.14938e-05	
19.000000	0.0472062 	19.000000	0.048191  	19.000000	0.0471869 	19.000000	0.047208  	19.000000	0.0471856 	19.000000	0.0481706 	19.000000	2.04634e-05	
20.000000	0.0452666 	20.000000	0.0462109 	20.000000	0.0452277 	20.000000	0.0452479 	20.000000	0.0452274 	20.000000	0.0461913 	20.000000	1.95311e-05	
21.000000	0.0434963 	21.000000	0.0444018 	21.000000	0.0434512 	21.000000	0.0434707 	21.000000	0.0434521 	21.000000	0.0443832 	21.000000	1.86834e-05	
22.000000	0.0418736 	22.000000	0.0427424 	22.000000	0.0418357 	22.000000	0.0418528 	22.000000	0.0418362 	22.000000	0.0427245 	22.000000	1.7909e-05	
23.000000	0.0403806 	23.000000	0.0412145 	23.000000	0.0403607 	23.000000	0.0403743 	23.000000	0.0403599 	23.000000	0.0411973 	23.000000	1.71989e-05	
24.000000	0.039002  	24.000000	0.0398027 	24.000000	0.0390078 	24.000000	0.0390189 	24.000000	0.0390067 	24.000000	0.0397862 	24.000000	1.65451e-05	
25.000000	0.0377248 	25.000000	0.0384942 	25.000000	0.0377627 	25.000000	0.0377724 	25.000000	0.0377623 	25.000000	0.0384783 	25.000000	1.59412e-05	
27.000000	0.0354326 	27.000000	0.0361442 	27.000000	0.0355534 	27.000000	0.0355601 	27.000000	0.0355545 	27.000000	0.0361293 	27.000000	1.48613e-05	
29.000000	0.0334328 	29.000000	0.0340926 	29.000000	0.0336578 	29.000000	0.0336607 	29.000000	0.0336595 	29.000000	0.0340787 	29.000000	1.39237e-05	
31.000000	0.031672  	31.000000	0.0322853 	31.000000	0.0319511 	31.000000	0.0319502 	31.000000	0.0319531 	31.000000	0.0322722 	31.000000	1.31017e-05	
33.000000	0.0301089 	33.000000	0.0306804 	33.000000	0.0303791 	33.000000	0.0303749 	33.000000	0.0303811 	33.000000	0.0306681 	33.000000	1.23748e-05	
35.000000	0.0287115 	35.000000	0.0292455 	35.000000	0.0289726 	35.000000	0.0289655 	35.000000	0.0289744 	35.000000	0.0292337 	35.000000	1.17272e-05	
38.000000	0.0268717 	38.000000	0.0273561 	38.000000	0.027119  	38.000000	0.0271084 	38.000000	0.0271203 	38.000000	0.0273452 	38.000000	1.08781e-05	
41.000000	0.0252824 	41.000000	0.0257241 	41.000000	0.0255164 	41.000000	0.0255028 	41.000000	0.025517  	41.000000	0.025714  	41.000000	1.01478e-05	
44.000000	0.0238948 	44.000000	0.0242997 	44.000000	0.024116  	44.000000	0.0241001 	44.000000	0.024116  	44.000000	0.0242902 	44.000000	9.51277e-06	
47.000000	0.0226722 	47.000000	0.0230451 	47.000000	0.0228818 	47.000000	0.0228635 	47.000000	0.0228808 	47.000000	0.0230362 	47.000000	8.9553e-06	
50.000000	0.0215861 	50.000000	0.0219314 	50.000000	0.0217829 	50.000000	0.0217647 	50.000000	0.021783  	50.000000	0.0219229 	50.000000	8.46184e-06	
55.000000	0.0200218 	55.000000	0.0203284 	55.000000	0.0202007 	55.000000	0.0201816 	55.000000	0.020201  	55.000000	0.0203206 	55.000000	7.75399e-06	
60.000000	0.0187009 	60.000000	0.0189766 	60.000000	0.0188653 	60.000000	0.0188448 	60.000000	0.0188649 	60.000000	0.0189695 	60.000000	7.15921e-06	
65.000000	0.0175698 	65.000000	0.0178207 	65.000000	0.0177202 	65.000000	0.0177002 	65.000000	0.0177208 	65.000000	0.0178141 	65.000000	6.65214e-06	
70.000000	0.0165895 	70.000000	0.0168205 	70.000000	0.0167307 	70.000000	0.0167088 	70.000000	0.0167296 	70.000000	0.0168143 	70.000000	6.21451e-06	
75.000000	0.0157312 	75.000000	0.0159462 	75.000000	0.015862  	75.000000	0.0158412 	75.000000	0.0158621 	75.000000	0.0159403 	75.000000	5.8328e-06	
80.000000	0.014973  	80.000000	0.0151751 	80.000000	0.0150971 	80.000000	0.0150754 	80.000000	0.0150964 	80.000000	0.0151696 	80.000000	5.49684e-06	
85.000000	0.014298  	85.000000	0.0144899 	85.000000	0.0144149 	85.000000	0.0143943 	85.000000	0.0144152 	85.000000	0.0144847 	85.000000	5.19877e-06	
90.000000	0.0136929 	90.000000	0.0138768 	90.000000	0.0138058 	90.000000	0.0137844 	90.000000	0.0138052 	90.000000	0.0138719 	90.000000	4.93246e-06	
95.000000	0.0131472 	95.000000	0.0133249 	95.000000	0.0132554 	95.000000	0.0132349 	95.000000	0.0132556 	95.000000	0.0133202 	95.000000	4.69302e-06	
100.000000	0.0126523 	100.000000	0.0128253 	100.000000	0.0127584 	100.000000	0.0127373 	100.000000	0.0127579 	100.000000	0.0128208 	100.000000	4.47655e-06	
105.000000	0.0122013 	105.000000	0.012371  	105.000000	0.0123047 	105.000000	0.0122845 	105.000000	0.0123049 	105.000000	0.0123667 	105.000000	4.27985e-06	
110.000000	0.0117885 	110.000000	0.0119559 	110.000000	0.0118912 	110.000000	0.0118706 	110.000000	0.0118908 	110.000000	0.0119518 	110.000000	4.10029e-06	
115.000000	0.0114091 	115.000000	0.0115751 	115.000000	0.011511  	115.000000	0.0114907 	115.000000	0.0115108 	115.000000	0.0115712 	115.000000	3.93572e-06	
120.000000	0.0110591 	120.000000	0.0112246 	120.000000	0.0111609 	120.000000	0.0111409 	120.000000	0.0111608 	120.000000	0.0112208 	120.000000	3.7843e-06	
125.000000	0.0107351 	125.000000	0.0109008 	125.000000	0.010838  	125.000000	0.0108176 	125.000000	0.0108373 	125.000000	0.0108971 	125.000000	3.6445e-06	
130.000000	0.0104343 	130.000000	0.0106007 	130.000000	0.0105376 	130.000000	0.010518  	130.000000	0.0105375 	130.000000	0.0105972 	130.000000	3.51502e-06	
135.000000	0.0101541 	135.000000	0.0103219 	135.000000	0.0102583 	135.000000	0.0102394 	135.000000	0.0102588 	135.000000	0.0103185 	135.000000	3.39474e-06	
140.000000	0.0098926 	140.000000	0.0100621 	140.000000	0.00999886	140.000000	0.00997987	140.000000	0.00999909	140.000000	0.0100588 	140.000000	3.2827e-06	
145.000000	0.00964781	145.000000	0.00981944	145.000000	0.00975653	145.000000	0.00973736	145.000000	0.0097564 	145.000000	0.00981626	145.000000	3.17808e-06	
150.000000	0.00941816	150.000000	0.00959226	150.000000	0.00952885	150.000000	0.00951029	150.000000	0.00952917	150.000000	0.00958918	150.000000	3.08016e-06	
155.000000	0.00909482	155.000000	0.00937912	155.000000	0.0093159 	155.000000	0.00929723	155.000000	0.00931595	155.000000	0.00937613	155.000000	2.98829e-06	
160.000000	0.0089053 	160.000000	0.00917875	160.000000	0.00911575	160.000000	0.00909691	160.000000	0.00911547	160.000000	0.00917585	160.000000	2.90194e-06	
165.000000	0.00872657	165.000000	0.00899003	165.000000	0.00892653	165.000000	0.00890823	165.000000	0.00892664	165.000000	0.00898721	165.000000	2.82061e-06	
170.000000	0.00855774	170.000000	0.00881198	170.000000	0.00874845	170.000000	0.00873019	170.000000	0.00874845	170.000000	0.00880923	170.000000	2.74387e-06	
175.000000	0.008398  	175.000000	0.0086437 	175.000000	0.00858047	175.000000	0.00856193	175.000000	0.00858004	175.000000	0.00864103	175.000000	2.67135e-06	
180.000000	0.0082466 	180.000000	0.00848441	180.000000	0.00842095	180.000000	0.00840266	180.000000	0.00842063	180.000000	0.00848181	180.000000	2.60269e-06	
185.000000	0.00810292	185.000000	0.00833342	185.000000	0.00826942	185.000000	0.00825168	185.000000	0.00826951	185.000000	0.00833088	185.000000	2.5376e-06	
190.000000	0.00796637	190.000000	0.00819008	190.000000	0.00812567	190.000000	0.00810836	190.000000	0.00812606	190.000000	0.00818761	190.000000	2.47579e-06	
195.000000	0.00783642	195.000000	0.00805383	195.000000	0.00798944	195.000000	0.00797214	195.000000	0.00798971	195.000000	0.00805142	195.000000	2.41703e-06	
200.000000	0.0077126 	200.000000	0.00792416	200.000000	0.00786005	200.000000	0.0078425 	200.000000	0.00785994	200.000000	0.0079218 	200.000000	2.36109e-06	
210.000000	0.00748169	210.000000	0.00768273	210.000000	0.0076182 	210.000000	0.00760115	210.000000	0.00761836	210.000000	0.00768047	210.000000	2.25689e-06	
220.000000	0.00727064	220.000000	0.00746255	220.000000	0.00739832	220.000000	0.00738111	220.000000	0.00739808	220.000000	0.00746039	220.000000	2.1618e-06	
230.000000	0.00707698	230.000000	0.00726095	230.000000	0.0071966 	230.000000	0.00717969	230.000000	0.00719644	230.000000	0.00725888	230.000000	2.07465e-06	
240.000000	0.00689864	240.000000	0.00707568	240.000000	0.00701086	240.000000	0.00699464	240.000000	0.00701119	240.000000	0.00707369	240.000000	1.99449e-06	
250.000000	0.00673385	250.000000	0.00690485	250.000000	0.00684038	250.000000	0.00682407	250.000000	0.00684042	250.000000	0.00690293	250.000000	1.9205e-06	
260.000000	0.00658113	260.000000	0.00674683	260.000000	0.0066826 	260.000000	0.00666635	260.000000	0.00668253	260.000000	0.00674498	260.000000	1.85198e-06	
270.000000	0.00643918	270.000000	0.00660026	270.000000	0.00653602	270.000000	0.00652013	270.000000	0.00653613	270.000000	0.00659847	270.000000	1.78834e-06	
280.000000	0.00630692	280.000000	0.00646395	280.000000	0.00640032	280.000000	0.00638419	280.000000	0.00640002	280.000000	0.00646222	280.000000	1.72908e-06	
290.000000	0.00618338	290.000000	0.00633686	290.000000	0.00627337	290.000000	0.00625751	290.000000	0.00627319	290.000000	0.00633518	290.000000	1.67374e-06	
300.000000	0.00606773	300.000000	0.0062181 	300.000000	0.00615455	300.000000	0.00613919	300.000000	0.00615471	300.000000	0.00621648	300.000000	1.62195e-06	
310.000000	0.00595924	310.000000	0.0061069 	310.000000	0.00604363	310.000000	0.00602845	310.000000	0.00604383	310.000000	0.00610533	310.000000	1.57338e-06	
320.000000	0.00585727	320.000000	0.00600256	320.000000	0.00593996	320.000000	0.0059246 	320.000000	0.00593985	320.000000	0.00600103	320.000000	1.52773e-06	
330.000000	0.00576126	330.000000	0.00590449	330.000000	0.00584231	330.000000	0.00582703	330.000000	0.00584215	330.000000	0.005903  	330.000000	1.48474e-06	
340.000000	0.00567071	340.000000	0.00581214	340.000000	0.00575009	340.000000	0.0057352 	340.000000	0.0057502 	340.000000	0.00581069	340.000000	1.44418e-06	
350.000000	0.00558516	350.000000	0.00572504	350.000000	0.0056632 	350.000000	0.00564863	350.000000	0.00566351	350.000000	0.00572363	350.000000	1.40585e-06	
360.000000	0.00550423	360.000000	0.00564276	360.000000	0.00558146	360.000000	0.0055669 	360.000000	0.00558167	360.000000	0.00564139	360.000000	1.36958e-06	
370.000000	0.00542755	370.000000	0.00556494	370.000000	0.00550434	370.000000	0.00548963	370.000000	0.00550429	370.000000	0.0055636 	370.000000	1.33518e-06	
380.000000	0.00535481	380.000000	0.00549121	380.000000	0.00543103	380.000000	0.00541646	380.000000	0.00543102	380.000000	0.00548991	380.000000	1.30253e-06	
390.000000	0.00528572	390.000000	0.00542129	390.000000	0.00536142	390.000000	0.0053471 	390.000000	0.00536156	390.000000	0.00542002	390.000000	1.2715e-06	
400.000000	0.00522001	400.000000	0.00535489	400.000000	0.00529563	400.000000	0.00528127	400.000000	0.00529563	400.000000	0.00535365	400.000000	1.24195e-06	
410.000000	0.00515746	410.000000	0.00529176	410.000000	0.00523319	410.000000	0.0052187 	410.000000	0.00523297	410.000000	0.00529055	410.000000	1.21379e-06	
420.000000	0.00509784	420.000000	0.00523168	420.000000	0.00517357	420.000000	0.00515918	420.000000	0.00517336	420.000000	0.00523049	420.000000	1.18693e-06	
430.000000	0.00504097	430.000000	0.00517444	430.000000	0.00511663	430.000000	0.0051025 	430.000000	0.0051166 	430.000000	0.00517328	430.000000	1.16126e-06	
440.000000	0.00498666	440.000000	0.00511985	440.000000	0.00506198	440.000000	0.0050481 	440.000000	0.00506211	440.000000	0.00511871	440.000000	1.13672e-06	
450.000000	0.00493475	450.000000	0.00506773	450.000000	0.0050097 	450.000000	0.00499597	450.000000	0.0050099 	450.000000	0.00506662	450.000000	1.11323e-06	
460.000000	0.0048851 	460.000000	0.00501795	460.000000	0.00495993	460.000000	0.00494618	460.000000	0.00496004	460.000000	0.00501685	460.000000	1.09073e-06	
470.000000	0.00483756	470.000000	0.00497034	470.000000	0.00491244	470.000000	0.00489859	470.000000	0.00491238	470.000000	0.00496927	470.000000	1.06914e-06	
480.000000	0.00479201	480.000000	0.00492477	480.000000	0.00486693	480.000000	0.00485306	480.000000	0.00486677	480.000000	0.00492372	480.000000	1.04842e-06	
490.000000	0.00474834	490.000000	0.00488113	490.000000	0.00482322	490.000000	0.00480947	490.000000	0.00482311	490.000000	0.0048801 	490.000000	1.02852e-06	
500.000000	0.00470643	500.000000	0.00483931	500.000000	0.00478126	500.000000	0.0047677 	500.000000	0.00478128	500.000000	0.0048383 	500.000000	1.00938e-06	
520.000000	0.00462754	520.000000	0.00476068	520.000000	0.00470243	520.000000	0.00468922	520.000000	0.00470268	520.000000	0.00475971	520.000000	9.73227e-07	
540.000000	0.00455463	540.000000	0.00468817	540.000000	0.00463012	540.000000	0.00461687	540.000000	0.00463021	540.000000	0.00468723	540.000000	9.39659e-07	
560.000000	0.00448708	560.000000	0.00462111	560.000000	0.00456332	560.000000	0.00455001	560.000000	0.00456324	560.000000	0.00462021	560.000000	9.08401e-07	
580.000000	0.00442438	580.000000	0.00455898	580.000000	0.00450112	580.000000	0.00448806	580.000000	0.00450119	580.000000	0.0045581 	580.000000	8.79221e-07	
600.000000	0.00436606	600.000000	0.00450128	600.000000	0.00444358	600.000000	0.00443056	600.000000	0.00444359	600.000000	0.00450043	600.000000	8.51915e-07	
620.000000	0.00431173	620.000000	0.00444761	620.000000	0.0043902 	620.000000	0.00437706	620.000000	0.00439   	620.000000	0.00444678	620.000000	8.26308e-07	
640.000000	0.00426101	640.000000	0.00439758	640.000000	0.00434022	640.000000	0.0043272 	640.000000	0.00434005	640.000000	0.00439678	640.000000	8.02244e-07	
660.000000	0.00421362	660.000000	0.00435089	660.000000	0.00429342	660.000000	0.00428064	660.000000	0.00429341	660.000000	0.00435011	660.000000	7.79586e-07	
680.000000	0.00416925	680.000000	0.00430724	680.000000	0.00424968	680.000000	0.0042371 	680.000000	0.0042498 	680.000000	0.00430648	680.000000	7.58213e-07	
700.000000	0.00412768	700.000000	0.00426637	700.000000	0.00420884	700.000000	0.00419633	700.000000	0.00420895	700.000000	0.00426564	700.000000	7.38017e-07	
720.000000	0.00408868	720.000000	0.00422807	720.000000	0.00417067	720.000000	0.00415808	720.000000	0.00417063	720.000000	0.00422735	720.000000	7.18903e-07	
740.000000	0.00405205	740.000000	0.00419213	740.000000	0.00413479	740.000000	0.00412215	740.000000	0.00413464	740.000000	0.00419143	740.000000	7.00785e-07	
760.000000	0.00401761	760.000000	0.00415837	760.000000	0.00410092	760.000000	0.00408836	760.000000	0.00410079	760.000000	0.00415769	760.000000	6.83587e-07	
780.000000	0.00398522	780.000000	0.00412662	780.000000	0.00406894	780.000000	0.00405655	780.000000	0.00406891	780.000000	0.00412595	780.000000	6.67239e-07	
800.000000	0.00395471	800.000000	0.00409674	800.000000	0.00403878	800.000000	0.00402656	800.000000	0.00403887	800.000000	0.00409609	800.000000	6.5168e-07	
820.000000	0.00392596	820.000000	0.00406859	820.000000	0.00401036	820.000000	0.00399826	820.000000	0.00401052	820.000000	0.00406795	820.000000	6.36852e-07	
840.000000	0.00389885	840.000000	0.00404206	840.000000	0.00398359	840.000000	0.00397153	840.000000	0.00398373	840.000000	0.00404143	840.000000	6.22706e-07	
860.000000	0.00387328	860.000000	0.00401702	860.000000	0.00395836	860.000000	0.00394625	860.000000	0.00395841	860.000000	0.00401641	860.000000	6.09194e-07	
880.000000	0.00384915	880.000000	0.00399339	880.000000	0.0039345 	880.000000	0.00392233	880.000000	0.00393444	880.000000	0.0039928 	880.000000	5.96274e-07	
900.000000	0.00382635	900.000000	0.00397108	900.000000	0.00391186	900.000000	0.00389968	900.000000	0.00391174	900.000000	0.00397049	900.000000	5.83909e-07	
920.000000	0.00380482	920.000000	0.00394999	920.000000	0.00389032	920.000000	0.0038782 	920.000000	0.00389022	920.000000	0.00394941	920.000000	5.72061e-07	
940.000000	0.00378448	940.000000	0.00393005	940.000000	0.00386984	940.000000	0.00385783	940.000000	0.0038698 	940.000000	0.00392949	940.000000	5.60701e-07	
960.000000	0.00376525	960.000000	0.00391119	960.000000	0.00385038	960.000000	0.00383849	960.000000	0.00385042	960.000000	0.00391064	960.000000	5.49797e-07	
980.000000	0.00374708	980.000000	0.00389335	980.000000	0.00383189	980.000000	0.00382011	980.000000	0.00383201	980.000000	0.00389281	980.000000	5.39322e-07	
1000.000000	0.00372989	1000.000000	0.00387646	1000.000000	0.00381433	1000.000000	0.00380264	1000.000000	0.0038145 	1000.000000	0.00387593	1000.000000	5.29251e-07	
1020.000000	0.00371365	1020.000000	0.00386048	1020.000000	0.00379767	1020.000000	0.00378602	1020.000000	0.00379785	1020.000000	0.00385996	1020.000000	5.19562e-07	
1040.000000	0.00369829	1040.000000	0.00384534	1040.000000	0.00378186	1040.000000	0.00377021	1040.000000	0.003782  	1040.000000	0.00384483	1040.000000	5.10232e-07	
1060.000000	0.00368377	1060.000000	0.00383101	1060.000000	0.00376684	1060.000000	0.00375515	1060.000000	0.00376691	1060.000000	0.00383051	1060.000000	5.01242e-07	
1080.000000	0.00367005	1080.000000	0.00381744	1080.000000	0.00375253	1080.000000	0.0037408 	1080.000000	0.00375253	1080.000000	0.00381695	1080.000000	4.92573e-07	
1100.000000	0.00365708	1100.000000	0.00380459	1100.000000	0.00373888	1100.000000	0.00372712	1100.000000	0.00373881	1100.000000	0.0038041 	1100.000000	4.84208e-07	
1120.000000	0.00364483	1120.000000	0.00379242	1120.000000	0.00372581	1120.000000	0.00371407	1120.000000	0.00372574	1120.000000	0.00379194	1120.000000	4.76132e-07	
1140.000000	0.00363326	1140.000000	0.00378089	1140.000000	0.00371331	1140.000000	0.00370162	1140.000000	0.00371326	1140.000000	0.00378042	1140.000000	4.68329e-07	
1160.000000	0.00362235	1160.000000	0.00376998	1160.000000	0.00370135	1160.000000	0.00368974	1160.000000	0.00370135	1160.000000	0.00376952	1160.000000	4.60785e-07	
1180.000000	0.00361204	1180.000000	0.00375965	1180.000000	0.00368993	1180.000000	0.00367839	1180.000000	0.00368997	1180.000000	0.0037592 	1180.000000	4.53489e-07	
1200.000000	0.00360233	1200.000000	0.00374988	1200.000000	0.00367905	1200.000000	0.00366754	1200.000000	0.0036791 	1200.000000	0.00374943	1200.000000	4.46427e-07	
1220.000000	0.00359318	1220.000000	0.00374063	1220.000000	0.00366868	1220.000000	0.00365718	1220.000000	0.00366872	1220.000000	0.00374019	1220.000000	4.39588e-07	
1240.000000	0.00358457	1240.000000	0.00373188	1240.000000	0.00365879	1240.000000	0.00364728	1240.000000	0.00365879	1240.000000	0.00373145	1240.000000	4.32963e-07	
1260.000000	0.00357647	1260.000000	0.00372362	1260.000000	0.00364935	1260.000000	0.0036378 	1260.000000	0.0036493 	1260.000000	0.00372319	1260.000000	4.26541e-07	
1280.000000	0.00356886	1280.000000	0.00371581	1280.000000	0.00364032	1280.000000	0.00362874	1280.000000	0.00364021	1280.000000	0.00371539	1280.000000	4.20312e-07	
1300.000000	0.00356172	1300.000000	0.00370844	1300.000000	0.00363167	1300.000000	0.00362007	1300.000000	0.00363152	1300.000000	0.00370802	1300.000000	4.14268e-07	
1320.000000	0.00355503	1320.000000	0.00370148	1320.000000	0.00362338	1320.000000	0.00361177	1320.000000	0.0036232 	1320.000000	0.00370107	1320.000000	4.08401e-07	
1340.000000	0.00354877	1340.000000	0.00369492	1340.000000	0.00361542	1340.000000	0.00360383	1340.000000	0.00361524	1340.000000	0.00369452	1340.000000	4.02703e-07	
1360.000000	0.00354293	1360.000000	0.00368874	1360.000000	0.00360779	1360.000000	0.00359622	1360.000000	0.00360761	1360.000000	0.00368834	1360.000000	3.97167e-07	
1380.000000	0.00353748	1380.000000	0.00368293	1380.000000	0.00360046	1380.000000	0.00358894	1380.000000	0.0036003 	1380.000000	0.00368254	1380.000000	3.91786e-07	
1400.000000	0.00353241	1400.000000	0.00367747	1400.000000	0.00359343	1400.000000	0.00358196	1400.000000	0.00359331	1400.000000	0.00367708	1400.000000	3.86553e-07	
1420.000000	0.0035277 	1420.000000	0.00367234	1420.000000	0.0035867 	1420.000000	0.00357527	1420.000000	0.0035866 	1420.000000	0.00367195	1420.000000	3.81463e-07	
1440.000000	0.00352335	1440.000000	0.00366753	1440.000000	0.00358024	1440.000000	0.00356887	1440.000000	0.00358018	1440.000000	0.00366715	1440.000000	3.76509e-07	
1460.000000	0.00351934	1460.000000	0.00366303	1460.000000	0.00357405	1460.000000	0.00356273	1460.000000	0.00357402	1460.000000	0.00366266	1460.000000	3.71686e-07	
1480.000000	0.00351565	1480.000000	0.00365882	1480.000000	0.00356811	1480.000000	0.00355684	1480.000000	0.00356812	1480.000000	0.00365846	1480.000000	3.66989e-07	
1500.000000	0.00351228	1500.000000	0.0036549 	1500.000000	0.00356243	1500.000000	0.0035512 	1500.000000	0.00356246	1500.000000	0.00365454	1500.000000	3.62413e-07	
1520.000000	0.00350921	1520.000000	0.00365126	1520.000000	0.00355698	1520.000000	0.00354579	1520.000000	0.00355704	1520.000000	0.0036509 	1520.000000	3.57953e-07	
1540.000000	0.00350643	1540.000000	0.00364787	1540.000000	0.00355177	1540.000000	0.00354061	1540.000000	0.00355184	1540.000000	0.00364752	1540.000000	3.53605e-07	
1560.000000	0.00350393	1560.000000	0.00364474	1560.000000	0.00354677	1560.000000	0.00353564	1560.000000	0.00354685	1560.000000	0.00364439	1560.000000	3.49365e-07	
1580.000000	0.0035017 	1580.000000	0.00364185	1580.000000	0.00354199	1580.000000	0.00353087	1580.000000	0.00354208	1580.000000	0.0036415 	1580.000000	3.45228e-07	
1600.000000	0.00349974	1600.000000	0.00363919	1600.000000	0.00353741	1600.000000	0.0035263 	1600.000000	0.00353749	1600.000000	0.00363885	1600.000000	3.41192e-07	
1620.000000	0.00349802	1620.000000	0.00363676	1620.000000	0.00353303	1620.000000	0.00352192	1620.000000	0.00353309	1620.000000	0.00363642	1620.000000	3.37251e-07	
1640.000000	0.00349656	1640.000000	0.00363455	1640.000000	0.00352884	1640.000000	0.00351772	1640.000000	0.00352888	1640.000000	0.00363422	1640.000000	3.33404e-07	
1660.000000	0.00349532	1660.000000	0.00363255	1660.000000	0.00352483	1660.000000	0.00351369	1660.000000	0.00352484	1660.000000	0.00363222	1660.000000	3.29645e-07	
1680.000000	0.00349432	1680.000000	0.00363074	1680.000000	0.00352098	1680.000000	0.00350982	1680.000000	0.00352096	1680.000000	0.00363042	1680.000000	3.25974e-07	
1700.000000	0.00349354	1700.000000	0.00362914	1700.000000	0.00351729	1700.000000	0.00350612	1700.000000	0.00351725	1700.000000	0.00362882	1700.000000	3.22385e-07	
1750.000000	0.00349251	1750.000000	0.00362593	1750.000000	0.00350873	1750.000000	0.00349752	1750.000000	0.00350862	1750.000000	0.00362562	1750.000000	3.13761e-07	
1800.000000	0.00349272	1800.000000	0.00362381	1800.000000	0.00350101	1800.000000	0.00348979	1800.000000	0.00350086	1800.000000	0.0036235 	1800.000000	3.056e-07 	
1850.000000	0.00349408	1850.000000	0.00362267	1850.000000	0.00349405	1850.000000	0.00348285	1850.000000	0.00349389	1850.000000	0.00362238	1850.000000	2.97866e-07	
1900.000000	0.0034965 	1900.000000	0.00362246	1900.000000	0.00348778	1900.000000	0.00347662	1900.000000	0.00348764	1900.000000	0.00362217	1900.000000	2.90525e-07	
1950.000000	0.00349992	1950.000000	0.00362309	1950.000000	0.00348215	1950.000000	0.00347105	1950.000000	0.00348204	1950.000000	0.0036228 	1950.000000	2.83547e-07	
2000.000000	0.00350426	2000.000000	0.0036245 	2000.000000	0.00347712	2000.000000	0.00346607	2000.000000	0.00347704	2000.000000	0.00362422	2000.000000	2.76907e-07	
2100.000000	0.00351548	2100.000000	0.00362945	2100.000000	0.00346863	2100.000000	0.0034577 	2100.000000	0.00346863	2100.000000	0.00362918	2100.000000	2.64544e-07	
2200.000000	0.00352975	2200.000000	0.00363691	2200.000000	0.003462  	2200.000000	0.00345116	2200.000000	0.00346206	2200.000000	0.00363665	2200.000000	2.53269e-07	
2300.000000	0.0035467 	2300.000000	0.00364655	2300.000000	0.00345694	2300.000000	0.00344617	2300.000000	0.00345703	2300.000000	0.00364631	2300.000000	2.42942e-07	
2400.000000	0.00356606	2400.000000	0.00365811	2400.000000	0.00345324	2400.000000	0.00344248	2400.000000	0.00345332	2400.000000	0.00365787	2400.000000	2.33448e-07	
2500.000000	0.00358756	2500.000000	0.00367134	2500.000000	0.00345068	2500.000000	0.00343991	2500.000000	0.00345072	2500.000000	0.00367112	2500.000000	2.24689e-07	
2600.000000	0.00361101	2600.000000	0.00368606	2600.000000	0.00344909	2600.000000	0.00343829	2600.000000	0.00344907	2600.000000	0.00368584	2600.000000	2.16581e-07	
2700.000000	0.00363621	2700.000000	0.0037021 	2700.000000	0.00344831	2700.000000	0.00343748	2700.000000	0.00344824	2700.000000	0.00370189	2700.000000	2.09055e-07	
2800.000000	0.00366301	2800.000000	0.00371931	2800.000000	0.00344823	2800.000000	0.00343738	2800.000000	0.00344812	2800.000000	0.00371911	2800.000000	2.02049e-07	
2900.000000	0.00369127	2900.000000	0.00373757	2900.000000	0.00344873	2900.000000	0.00343787	2900.000000	0.00344859	2900.000000	0.00373738	2900.000000	1.95511e-07	
3000.000000	0.00372087	3000.000000	0.00375678	3000.000000	0.00344973	3000.000000	0.00343889	3000.000000	0.00344959	3000.000000	0.00375659	3000.000000	1.89394e-07	
3200.000000	0.00378372	3200.000000	0.00379766	3200.000000	0.003453  	3200.000000	0.00344221	3200.000000	0.00345287	3200.000000	0.00379749	3200.000000	1.78272e-07	
3400.000000	0.00385086	3400.000000	0.00384135	3400.000000	0.00345761	3400.000000	0.00344688	3400.000000	0.00345751	3400.000000	0.00384118	3400.000000	1.68417e-07	
3600.000000	0.00392174	3600.000000	0.00388735	3600.000000	0.00346323	3600.000000	0.00345256	3600.000000	0.00346317	3600.000000	0.00388719	3600.000000	1.59623e-07	
3800.000000	0.00399594	3800.000000	0.00393529	3800.000000	0.00346962	3800.000000	0.003459  	3800.000000	0.00346959	3800.000000	0.00393514	3800.000000	1.51726e-07	
4000.000000	0.0040731 	4000.000000	0.00398486	4000.000000	0.00347659	4000.000000	0.003466  	4000.000000	0.00347657	4000.000000	0.00398472	4000.000000	1.44594e-07	
4200.000000	0.00415295	4200.000000	0.00403582	4200.000000	0.00348397	4200.000000	0.00347342	4200.000000	0.00348397	4200.000000	0.00403568	4200.000000	1.38121e-07	
4400.000000	0.00423525	4400.000000	0.00408796	4400.000000	0.00349165	4400.000000	0.00348113	4400.000000	0.00349166	4400.000000	0.00408783	4400.000000	1.32217e-07	
4600.000000	0.0043198 	4600.000000	0.00414113	4600.000000	0.00349955	4600.000000	0.00348904	4600.000000	0.00349956	4600.000000	0.004141  	4600.000000	1.26811e-07	
4800.000000	0.00440644	4800.000000	0.00419517	4800.000000	0.00350758	4800.000000	0.0034971 	4800.000000	0.0035076 	4800.000000	0.00419505	4800.000000	1.21841e-07	
5000.000000	0.00449504	5000.000000	0.00424998	5000.000000	0.0035157 	5000.000000	0.00350523	5000.000000	0.00351571	5000.000000	0.00424987	5000.000000	1.17257e-07	
5250.000000	0.00460835	5250.000000	0.00431943	5250.000000	0.00352589	5250.000000	0.00351544	5250.000000	0.00352591	5250.000000	0.00431932	5250.000000	1.12003e-07	
5500.000000	0.00472435	5500.000000	0.00438976	5500.000000	0.00353608	5500.000000	0.00352565	5500.000000	0.0035361 	5500.000000	0.00438965	5500.000000	1.07211e-07	
6000.000000	0.00496375	6000.000000	0.00453257	6000.000000	0.00355625	6000.000000	0.00354585	6000.000000	0.00355627	6000.000000	0.00453248	6000.000000	9.87909e-08	
6500.000000	0.00521225	6500.000000	0.00467763	6500.000000	0.00357595	6500.000000	0.00356558	6500.000000	0.00357597	6500.000000	0.00467754	6500.000000	9.1628e-08	
7000.000000	0.00546912	7000.000000	0.00482435	7000.000000	0.00359506	7000.000000	0.0035847 	7000.000000	0.00359506	7000.000000	0.00482426	7000.000000	8.54583e-08	
7500.000000	0.00573383	7500.000000	0.00497232	7500.000000	0.0036135 	7500.000000	0.00360316	7500.000000	0.00361349	7500.000000	0.00497224	7500.000000	8.00871e-08	
8000.000000	0.00600598	8000.000000	0.00512125	8000.000000	0.00363126	8000.000000	0.00362092	8000.000000	0.00363123	8000.000000	0.00512117	8000.000000	7.53675e-08	
8500.000000	0.00628526	8500.000000	0.00527089	8500.000000	0.00364831	8500.000000	0.003638  	8500.000000	0.00364829	8500.000000	0.00527082	8500.000000	7.11869e-08	
9000.000000	0.00657142	9000.000000	0.00542108	9000.000000	0.00366467	9000.000000	0.00365442	9000.000000	0.00366467	9000.000000	0.00542101	9000.000000	6.74571e-08	
9500.000000	0.00686428	9500.000000	0.00557168	9500.000000	0.00368042	9500.000000	0.00367018	9500.000000	0.00368041	9500.000000	0.00557162	9500.000000	6.41084e-08	
10000.000000	0.00716369	10000.000000	0.00572259	10000.000000	0.0036956 	10000.000000	0.00368534	10000.000000	0.00369554	10000.000000	0.00572253	10000.000000	6.10848e-08	
11000.000000	0.00778168	11000.000000	0.006025  	11000.000000	0.00372416	11000.000000	0.00371393	11000.000000	0.00372407	11000.000000	0.00602494	11000.000000	5.58387e-08	
12000.000000	0.00842468	12000.000000	0.00632782	12000.000000	0.00375047	12000.000000	0.00374044	12000.000000	0.00375052	12000.000000	0.00632777	12000.000000	5.14424e-08	
13000.000000	0.00909219	13000.000000	0.00663075	13000.000000	0.00377499	13000.000000	0.0037651 	13000.000000	0.00377511	13000.000000	0.0066307 	13000.000000	4.77035e-08	
14000.000000	0.0097839 	14000.000000	0.00693357	14000.000000	0.00379801	14000.000000	0.0037881 	14000.000000	0.00379804	14000.000000	0.00693353	14000.000000	4.44837e-08	
15000.000000	0.0104996 	15000.000000	0.00723615	15000.000000	0.00381964	15000.000000	0.00380964	15000.000000	0.00381951	15000.000000	0.00723611	15000.000000	4.16811e-08	
16000.000000	0.0112391 	16000.000000	0.00753839	16000.000000	0.00383992	16000.000000	0.00382987	16000.000000	0.00383965	16000.000000	0.00753835	16000.000000	3.92189e-08	
17000.000000	0.0120024 	17000.000000	0.00784023	17000.000000	0.00385894	17000.000000	0.00384891	17000.000000	0.00385862	17000.000000	0.0078402 	17000.000000	3.70383e-08	
18000.000000	0.0127894 	18000.000000	0.00814163	18000.000000	0.00387681	18000.000000	0.0038669 	18000.000000	0.00387652	18000.000000	0.0081416 	18000.000000	3.50932e-08	
19000.000000	0.0136002 	19000.000000	0.00844256	19000.000000	0.00389365	19000.000000	0.00388393	19000.000000	0.00389346	19000.000000	0.00844253	19000.000000	3.3347e-08	
20000.000000	0.0144346 	20000.000000	0.00874301	20000.000000	0.00390958	20000.000000	0.00390009	20000.000000	0.00390952	20000.000000	0.00874298	20000.000000	3.17705e-08	
21000.000000	0.0152928 	21000.000000	0.00904297	21000.000000	0.00392473	21000.000000	0.00391546	21000.000000	0.0039248 	21000.000000	0.00904294	21000.000000	3.034e-08 	
22000.000000	0.0161749 	22000.000000	0.00934244	22000.000000	0.00393932	22000.000000	0.00393011	22000.000000	0.00393934	22000.000000	0.00934241	22000.000000	2.90358e-08	
23000.000000	0.0170808 	23000.000000	0.00964141	23000.000000	0.00395329	23000.000000	0.00394409	23000.000000	0.00395322	23000.000000	0.00964138	23000.000000	2.78419e-08	
24000.000000	0.0180106 	24000.000000	0.00993989	24000.000000	0.00396661	24000.000000	0.00395747	24000.000000	0.00396648	24000.000000	0.00993986	24000.000000	2.67446e-08	
25000.000000	0.0189644 	25000.000000	0.0102379 	25000.000000	0.00397928	25000.000000	0.00397029	25000.000000	0.00397918	25000.000000	0.0102379 	25000.000000	2.57327e-08	
26000.000000	0.0199424 	26000.000000	0.0105354 	26000.000000	0.00399142	26000.000000	0.00398258	26000.000000	0.00399135	26000.000000	0.0105354 	26000.000000	2.47965e-08	
27000.000000	0.0209446 	27000.000000	0.0108325 	27000.000000	0.0040031 	27000.000000	0.0039944 	27000.000000	0.00400304	27000.000000	0.0108324 	27000.000000	2.39276e-08	
28000.000000	0.0219711 	28000.000000	0.0111291 	28000.000000	0.00401433	28000.000000	0.00400577	28000.000000	0.00401428	28000.000000	0.011129  	28000.000000	2.31191e-08	
29000.000000	0.023022  	29000.000000	0.0114252 	29000.000000	0.00402512	29000.000000	0.00401673	29000.000000	0.0040251 	29000.000000	0.0114252 	29000.000000	2.23647e-08	
30000.000000	0.0240974 	30000.000000	0.0117209 	30000.000000	0.00403551	30000.000000	0.00402729	30000.000000	0.00403553	30000.000000	0.0117209 	30000.000000	2.16593e-08	
32000.000000	0.0263222 	32000.000000	0.012311  	32000.000000	0.00405524	32000.000000	0.00404736	32000.000000	0.00405531	32000.000000	0.012311  	32000.000000	2.03771e-08	
34000.000000	0.0286465 	34000.000000	0.0128995 	34000.000000	0.00407376	34000.000000	0.00406616	34000.000000	0.00407379	34000.000000	0.0128995 	34000.000000	1.92416e-08	
36000.000000	0.0310712 	36000.000000	0.0134864 	36000.000000	0.00409114	36000.000000	0.00408382	36000.000000	0.00409112	36000.000000	0.0134864 	36000.000000	1.82289e-08	
38000.000000	0.0335973 	38000.000000	0.0140718 	38000.000000	0.00410747	38000.000000	0.00410047	38000.000000	0.00410743	38000.000000	0.0140717 	38000.000000	1.73199e-08	
40000.000000	0.0362259 	40000.000000	0.0146557 	40000.000000	0.00412285	40000.000000	0.00411623	40000.000000	0.00412282	40000.000000	0.0146557 	40000.000000	1.64993e-08	
42000.000000	0.0389581 	42000.000000	0.0152382 	42000.000000	0.0041374 	42000.000000	0.00413117	42000.000000	0.00413737	42000.000000	0.0152382 	42000.000000	1.57548e-08	
44000.000000	0.0417948 	44000.000000	0.0158194 	44000.000000	0.00415122	44000.000000	0.00414537	44000.000000	0.00415119	44000.000000	0.0158194 	44000.000000	1.50762e-08	
46000.000000	0.0447372 	46000.000000	0.0163994 	46000.000000	0.00416437	46000.000000	0.00415891	46000.000000	0.0041643 	46000.000000	0.0163994 	46000.000000	1.44549e-08	
48000.000000	0.0477864 	48000.000000	0.0169781 	48000.000000	0.00417691	48000.000000	0.00417184	48000.000000	0.0041768 	48000.000000	0.0169781 	48000.000000	1.38841e-08	
50000.000000	0.0509435 	50000.000000	0.0175556 	50000.000000	0.00418887	50000.000000	0.00418421	50000.000000	0.00418872	50000.000000	0.0175556 	50000.000000	1.33576e-08	
