*Energy (MeV/u)1	0 - [He-base] F.Hubert et al. AD&ND Tables 46(1990)1	Energy (MeV/u)2	1 - [H -base] J.F.Ziegler et al.Pergamon Press.NY(low energy)	Energy (MeV/u)3	2 - ATIMA 1.2 LS-theory (recommended for high energy)	Energy (MeV/u)4	3 - ATIMA 1.2 without LS-correction	Energy (MeV/u)5	4 - ATIMA 1.4 H.Weick. improved mean charge formula for HI	Energy (MeV/u)6	5 - electrical component of [1] - J.F.Ziegler et al	Energy (MeV/u)7	6 - nuclear component of [1] - J.F.Ziegler et al	
0.001000	0.159051  	0.001000	0.134858  	0.001000	0.132645  	0.001000	0.132645  	0.001000	0.132652  	0.001000	0.0676768 	0.001000	0.0671811 	
0.002000	0.173781  	0.002000	0.141748  	0.002000	0.140356  	0.002000	0.140356  	0.002000	0.14036   	0.002000	0.0903693 	0.002000	0.0513788 	
0.005000	0.210494  	0.005000	0.16452   	0.005000	0.165867  	0.005000	0.165867  	0.005000	0.165869  	0.005000	0.132662  	0.005000	0.0318579 	
0.008000	0.239601  	0.008000	0.185525  	0.008000	0.18948   	0.008000	0.18948   	0.008000	0.189482  	0.008000	0.161654  	0.008000	0.0238717 	
0.010000	0.25628   	0.010000	0.198231  	0.010000	0.203832  	0.010000	0.203832  	0.010000	0.203834  	0.010000	0.177589  	0.010000	0.0206422 	
0.015000	0.298578  	0.015000	0.228498  	0.015000	0.237737  	0.015000	0.237737  	0.015000	0.237738  	0.015000	0.212859  	0.015000	0.0156391 	
0.020000	0.332371  	0.020000	0.258064  	0.020000	0.271432  	0.020000	0.271432  	0.020000	0.271433  	0.020000	0.245405  	0.020000	0.0126582 	
0.025000	0.369663  	0.025000	0.289486  	0.025000	0.304765  	0.025000	0.304765  	0.025000	0.304765  	0.025000	0.278721  	0.025000	0.0107645 	
0.030000	0.401271  	0.030000	0.319977  	0.030000	0.331725  	0.030000	0.331725  	0.030000	0.331726  	0.030000	0.310572  	0.030000	0.00940472	
0.035000	0.427256  	0.035000	0.349343  	0.035000	0.35751   	0.035000	0.35751   	0.035000	0.35751   	0.035000	0.340967  	0.035000	0.00837595	
0.040000	0.447736  	0.040000	0.377427  	0.040000	0.382137  	0.040000	0.382137  	0.040000	0.382138  	0.040000	0.36986   	0.040000	0.00756753	
0.045000	0.462927  	0.045000	0.40411   	0.045000	0.405629  	0.045000	0.405629  	0.045000	0.405629  	0.045000	0.397196  	0.045000	0.00691375	
0.050000	0.47314   	0.050000	0.429299  	0.050000	0.428005  	0.050000	0.428005  	0.050000	0.428005  	0.050000	0.422926  	0.050000	0.00637297	
0.055000	0.493744  	0.055000	0.454527  	0.055000	0.449285  	0.055000	0.449285  	0.055000	0.449286  	0.055000	0.44861   	0.055000	0.00591746	
0.060000	0.511294  	0.060000	0.478292  	0.060000	0.469493  	0.060000	0.469493  	0.060000	0.469494  	0.060000	0.472764  	0.060000	0.00552798	
0.070000	0.538103  	0.070000	0.521331  	0.070000	0.506785  	0.070000	0.506785  	0.070000	0.506786  	0.070000	0.516435  	0.070000	0.00489565	
0.080000	0.566868  	0.080000	0.558173  	0.080000	0.540091  	0.080000	0.540091  	0.080000	0.540091  	0.080000	0.55377   	0.080000	0.00440298	
0.090000	0.589466  	0.090000	0.589764  	0.090000	0.569644  	0.090000	0.569644  	0.090000	0.569645  	0.090000	0.585757  	0.090000	0.00400729	
0.100000	0.60759   	0.100000	0.616851  	0.100000	0.595699  	0.100000	0.595699  	0.100000	0.5957    	0.100000	0.613169  	0.100000	0.00368186	
0.120000	0.6186    	0.120000	0.657773  	0.120000	0.638377  	0.120000	0.638377  	0.120000	0.638378  	0.120000	0.654596  	0.120000	0.0031768 	
0.140000	0.622976  	0.140000	0.684269  	0.140000	0.670236  	0.140000	0.670236  	0.140000	0.670236  	0.140000	0.681467  	0.140000	0.00280166	
0.160000	0.624525  	0.160000	0.699672  	0.160000	0.693255  	0.160000	0.693255  	0.160000	0.693256  	0.160000	0.697161  	0.160000	0.00251109	
0.180000	0.624394  	0.180000	0.705853  	0.180000	0.709189  	0.180000	0.709189  	0.180000	0.709189  	0.180000	0.703574  	0.180000	0.00227885	
0.200000	0.62576   	0.200000	0.708232  	0.200000	0.719525  	0.200000	0.719525  	0.200000	0.719526  	0.200000	0.706143  	0.200000	0.00208861	
0.250000	0.61434   	0.250000	0.703697  	0.250000	0.728396  	0.250000	0.728396  	0.250000	0.728396  	0.250000	0.701962  	0.250000	0.00173468	
0.300000	0.616864  	0.300000	0.704683  	0.300000	0.722897  	0.300000	0.722897  	0.300000	0.722897  	0.300000	0.703194  	0.300000	0.001489  	
0.350000	0.621487  	0.350000	0.705337  	0.350000	0.710568  	0.350000	0.710568  	0.350000	0.710569  	0.350000	0.70403   	0.350000	0.00130776	
0.400000	0.620402  	0.400000	0.699245  	0.400000	0.69658   	0.400000	0.69658   	0.400000	0.69658   	0.400000	0.698077  	0.400000	0.00116815	
0.450000	0.616978  	0.450000	0.691264  	0.450000	0.686114  	0.450000	0.686114  	0.450000	0.686114  	0.450000	0.690207  	0.450000	0.00105706	
0.500000	0.615249  	0.500000	0.686183  	0.500000	0.674042  	0.500000	0.674042  	0.500000	0.674043  	0.500000	0.685216  	0.500000	0.000966414	
0.600000	0.58791   	0.600000	0.667529  	0.600000	0.648639  	0.600000	0.648639  	0.600000	0.648639  	0.600000	0.666702  	0.600000	0.000827061	
0.700000	0.557199  	0.700000	0.647801  	0.700000	0.622419  	0.700000	0.622419  	0.700000	0.62242   	0.700000	0.647077  	0.700000	0.000724648	
0.800000	0.545346  	0.800000	0.626881  	0.800000	0.598114  	0.800000	0.598114  	0.800000	0.598114  	0.800000	0.626235  	0.800000	0.000645996	
0.900000	0.532251  	0.900000	0.606177  	0.900000	0.576019  	0.900000	0.576019  	0.900000	0.57602   	0.900000	0.605593  	0.900000	0.000583571	
1.000000	0.518484  	1.000000	0.585903  	1.000000	0.555797  	1.000000	0.555797  	1.000000	0.555798  	1.000000	0.585371  	1.000000	0.000532744	
1.250000	0.479179  	1.250000	0.540363  	1.250000	0.51089   	1.250000	0.51089   	1.250000	0.51089   	1.250000	0.539924  	1.250000	0.000438953	
1.500000	0.43871   	1.500000	0.495133  	1.500000	0.471691  	1.500000	0.471691  	1.500000	0.471691  	1.500000	0.494758  	1.500000	0.000374481	
1.750000	0.404175  	1.750000	0.457374  	1.750000	0.439062  	1.750000	0.439062  	1.750000	0.439062  	1.750000	0.457047  	1.750000	0.000327279	
2.000000	0.372043  	2.000000	0.422522  	2.000000	0.411061  	2.000000	0.411061  	2.000000	0.411062  	2.000000	0.422231  	2.000000	0.00029114	
2.250000	0.345316  	2.250000	0.392091  	2.250000	0.386596  	2.250000	0.386596  	2.250000	0.386597  	2.250000	0.391828  	2.250000	0.000262533	
2.500000	0.321596  	2.500000	0.366527  	2.500000	0.364966  	2.500000	0.364966  	2.500000	0.364966  	2.500000	0.366288  	2.500000	0.000239291	
3.000000	0.286587  	3.000000	0.325479  	3.000000	0.328358  	3.000000	0.328358  	3.000000	0.328358  	3.000000	0.325276  	3.000000	0.000203753	
3.500000	0.258773  	3.500000	0.293416  	3.500000	0.298531  	3.500000	0.298531  	3.500000	0.298532  	3.500000	0.293239  	3.500000	0.000177793	
4.000000	0.236139  	4.000000	0.267589  	4.000000	0.273767  	4.000000	0.273767  	4.000000	0.273767  	4.000000	0.267431  	4.000000	0.000157954	
4.500000	0.21735   	4.500000	0.246255  	4.500000	0.252885  	4.500000	0.252885  	4.500000	0.252885  	4.500000	0.246113  	4.500000	0.000142275	
5.000000	0.201496  	5.000000	0.228264  	5.000000	0.235046  	5.000000	0.235046  	5.000000	0.235046  	5.000000	0.228134  	5.000000	0.000129553	
5.500000	0.187931  	5.500000	0.212946  	5.500000	0.219632  	5.500000	0.219632  	5.500000	0.219632  	5.500000	0.212827  	5.500000	0.000119014	
6.000000	0.176188  	6.000000	0.199658  	6.000000	0.206181  	6.000000	0.206181  	6.000000	0.206182  	6.000000	0.199548  	6.000000	0.000110133	
6.500000	0.165918  	6.500000	0.188012  	6.500000	0.19434   	6.500000	0.19434   	6.500000	0.194341  	6.500000	0.18791   	6.500000	0.000102541	
7.000000	0.156856  	7.000000	0.177715  	7.000000	0.183836  	7.000000	0.183836  	7.000000	0.183836  	7.000000	0.177619  	7.000000	9.59731e-05	
7.500000	0.148799  	7.500000	0.16854   	7.500000	0.174453  	7.500000	0.174453  	7.500000	0.174453  	7.500000	0.16845   	7.500000	9.02323e-05	
8.000000	0.141587  	8.000000	0.160312  	8.000000	0.16602   	8.000000	0.16602   	8.000000	0.16602   	8.000000	0.160227  	8.000000	8.51693e-05	
8.500000	0.13509   	8.500000	0.152889  	8.500000	0.158398  	8.500000	0.158398  	8.500000	0.158398  	8.500000	0.152809  	8.500000	8.06691e-05	
9.000000	0.129206  	9.000000	0.146157  	9.000000	0.151475  	9.000000	0.151475  	9.000000	0.151475  	9.000000	0.146081  	9.000000	7.66414e-05	
9.500000	0.123852  	9.500000	0.140023  	9.500000	0.145158  	9.500000	0.145158  	9.500000	0.145158  	9.500000	0.13995   	9.500000	7.30143e-05	
10.000000	0.118957  	10.000000	0.137017  	10.000000	0.13937   	10.000000	0.13937   	10.000000	0.13937   	10.000000	0.136947  	10.000000	6.97302e-05	
11.000000	0.110325  	11.000000	0.127352  	11.000000	0.129027  	11.000000	0.129114  	11.000000	0.129046  	11.000000	0.127288  	11.000000	6.40103e-05	
12.000000	0.102951  	12.000000	0.119026  	12.000000	0.120183  	12.000000	0.120328  	12.000000	0.120205  	12.000000	0.118967  	12.000000	5.91943e-05	
13.000000	0.0965749 	13.000000	0.111779  	13.000000	0.112537  	13.000000	0.112718  	13.000000	0.112554  	13.000000	0.111724  	13.000000	5.5081e-05	
14.000000	0.0910047 	14.000000	0.105415  	14.000000	0.105861  	14.000000	0.106066  	14.000000	0.10587   	14.000000	0.105364  	14.000000	5.15249e-05	
15.000000	0.0860945 	15.000000	0.0997818 	15.000000	0.0999836 	15.000000	0.100205  	15.000000	0.099985  	15.000000	0.0997333 	15.000000	4.84186e-05	
16.000000	0.0817319 	16.000000	0.0947599 	16.000000	0.0947741 	16.000000	0.0950021 	16.000000	0.0947656 	16.000000	0.0947142 	16.000000	4.56807e-05	
17.000000	0.0778288 	17.000000	0.0902548 	17.000000	0.090127  	17.000000	0.0903554 	17.000000	0.0901073 	17.000000	0.0902116 	17.000000	4.32485e-05	
18.000000	0.0743152 	18.000000	0.0861903 	18.000000	0.0859541 	18.000000	0.0861817 	18.000000	0.0859255 	18.000000	0.0861492 	18.000000	4.10727e-05	
19.000000	0.0711347 	19.000000	0.0825044 	19.000000	0.082188  	19.000000	0.0824137 	19.000000	0.0821532 	19.000000	0.0824653 	19.000000	3.91144e-05	
20.000000	0.0682414 	20.000000	0.0791464 	20.000000	0.0787763 	20.000000	0.0789965 	20.000000	0.0787347 	20.000000	0.079109  	20.000000	3.7342e-05	
21.000000	0.0655975 	21.000000	0.0760739 	21.000000	0.0756728 	21.000000	0.0758848 	21.000000	0.0756229 	21.000000	0.0760382 	21.000000	3.57298e-05	
22.000000	0.0631716 	22.000000	0.0732519 	22.000000	0.0728372 	22.000000	0.0730406 	22.000000	0.0727809 	22.000000	0.0732176 	22.000000	3.42568e-05	
23.000000	0.0609373 	23.000000	0.0706506 	23.000000	0.0702368 	23.000000	0.0704321 	23.000000	0.0701755 	23.000000	0.0706177 	23.000000	3.29055e-05	
24.000000	0.0588725 	24.000000	0.0682449 	24.000000	0.0678446 	24.000000	0.0680323 	24.000000	0.0677801 	24.000000	0.0682133 	24.000000	3.16612e-05	
25.000000	0.0569582 	25.000000	0.0660134 	25.000000	0.0656379 	25.000000	0.0658182 	25.000000	0.065571  	25.000000	0.0659829 	25.000000	3.05115e-05	
27.000000	0.0535189 	27.000000	0.0620016 	27.000000	0.0617075 	27.000000	0.061871  	27.000000	0.0616357 	27.000000	0.0619731 	27.000000	2.84551e-05	
29.000000	0.050515  	29.000000	0.0584955 	29.000000	0.05832   	29.000000	0.0584628 	29.000000	0.0582407 	29.000000	0.0584688 	29.000000	2.66687e-05	
31.000000	0.0478675 	31.000000	0.0554043 	31.000000	0.0553153 	31.000000	0.0554324 	31.000000	0.0552342 	31.000000	0.0553792 	31.000000	2.51019e-05	
33.000000	0.0455154 	33.000000	0.0526578 	33.000000	0.0525958 	33.000000	0.052689  	33.000000	0.0525207 	33.000000	0.0526341 	33.000000	2.3716e-05	
35.000000	0.0434112 	35.000000	0.0502007 	35.000000	0.050163  	35.000000	0.0502354 	35.000000	0.0500921 	35.000000	0.0501782 	35.000000	2.24809e-05	
38.000000	0.0406389 	38.000000	0.0469639 	38.000000	0.0469578 	38.000000	0.0470037 	38.000000	0.0468909 	38.000000	0.046943  	38.000000	2.08608e-05	
41.000000	0.0382424 	41.000000	0.0441669 	41.000000	0.0441879 	41.000000	0.044211  	41.000000	0.0441223 	41.000000	0.0441474 	41.000000	1.94668e-05	
44.000000	0.0361488 	44.000000	0.0417248 	44.000000	0.0417624 	44.000000	0.0417721 	44.000000	0.0417029 	44.000000	0.0417065 	44.000000	1.82543e-05	
47.000000	0.0343032 	47.000000	0.0395733 	47.000000	0.0396277 	47.000000	0.0396229 	47.000000	0.0395695 	47.000000	0.0395561 	47.000000	1.71894e-05	
50.000000	0.0326633 	50.000000	0.0376629 	50.000000	0.0377301 	50.000000	0.0377139 	50.000000	0.0376735 	50.000000	0.0376467 	50.000000	1.62465e-05	
55.000000	0.0303    	55.000000	0.0349129 	55.000000	0.0349921 	55.000000	0.0349644 	55.000000	0.0349409 	55.000000	0.034898  	55.000000	1.48934e-05	
60.000000	0.0283038 	60.000000	0.0325933 	60.000000	0.03268   	60.000000	0.0326436 	60.000000	0.032633  	60.000000	0.0325796 	60.000000	1.37559e-05	
65.000000	0.0265938 	65.000000	0.0306095 	65.000000	0.0306979 	65.000000	0.0306574 	65.000000	0.0306566 	65.000000	0.0305967 	65.000000	1.27857e-05	
70.000000	0.0251114 	70.000000	0.0288927 	70.000000	0.0289854 	70.000000	0.0289374 	70.000000	0.0289442 	70.000000	0.0288807 	70.000000	1.19481e-05	
75.000000	0.0238133 	75.000000	0.0273918 	75.000000	0.0274823 	75.000000	0.0274327 	75.000000	0.0274457 	75.000000	0.0273806 	75.000000	1.12173e-05	
80.000000	0.0226663 	80.000000	0.0260681 	80.000000	0.026159  	80.000000	0.0261049 	80.000000	0.0261228 	80.000000	0.0260576 	80.000000	1.05739e-05	
85.000000	0.0216451 	85.000000	0.0248917 	85.000000	0.024979  	85.000000	0.0249242 	85.000000	0.024946  	85.000000	0.0248817 	85.000000	1.00029e-05	
90.000000	0.0207296 	90.000000	0.023839  	90.000000	0.0239254 	90.000000	0.0238672 	90.000000	0.0238921 	90.000000	0.0238295 	90.000000	9.49256e-06	
95.000000	0.0199038 	95.000000	0.0228914 	95.000000	0.0229735 	95.000000	0.0229151 	95.000000	0.0229427 	95.000000	0.0228823 	95.000000	9.03363e-06	
100.000000	0.0191549 	100.000000	0.0220336 	100.000000	0.0221115 	100.000000	0.022053  	100.000000	0.0220828 	100.000000	0.0220249 	100.000000	8.6186e-06	
105.000000	0.0184723 	105.000000	0.0212533 	105.000000	0.0213269 	105.000000	0.0212686 	105.000000	0.0213001 	105.000000	0.0212451 	105.000000	8.2414e-06	
110.000000	0.0178475 	110.000000	0.0205405 	110.000000	0.0206122 	110.000000	0.0205517 	110.000000	0.0205848 	110.000000	0.0205326 	110.000000	7.89702e-06	
115.000000	0.0172732 	115.000000	0.0198866 	115.000000	0.0199551 	115.000000	0.019894  	115.000000	0.0199283 	115.000000	0.019879  	115.000000	7.58129e-06	
120.000000	0.0167434 	120.000000	0.0192846 	120.000000	0.0193489 	120.000000	0.0192883 	120.000000	0.0193237 	120.000000	0.0192773 	120.000000	7.29075e-06	
125.000000	0.016253  	125.000000	0.0187285 	125.000000	0.0187892 	125.000000	0.0187286 	125.000000	0.0187649 	125.000000	0.0187215 	125.000000	7.02246e-06	
130.000000	0.0157977 	130.000000	0.0182132 	130.000000	0.0182703 	130.000000	0.0182099 	130.000000	0.018247  	130.000000	0.0182064 	130.000000	6.77393e-06	
135.000000	0.0153736 	135.000000	0.0177343 	135.000000	0.017788  	135.000000	0.0177279 	135.000000	0.0177656 	135.000000	0.0177278 	135.000000	6.54302e-06	
140.000000	0.0149777 	140.000000	0.0172881 	140.000000	0.0173385 	140.000000	0.0172787 	140.000000	0.017317  	140.000000	0.0172818 	140.000000	6.32791e-06	
145.000000	0.0146072 	145.000000	0.0168713 	145.000000	0.0169187 	145.000000	0.016859  	145.000000	0.0168978 	145.000000	0.0168652 	145.000000	6.127e-06 	
150.000000	0.0142595 	150.000000	0.0164811 	150.000000	0.0165256 	150.000000	0.0164662 	150.000000	0.0165053 	150.000000	0.0164751 	150.000000	5.93892e-06	
155.000000	0.01377   	155.000000	0.016115  	155.000000	0.0161568 	155.000000	0.0160976 	155.000000	0.016137  	155.000000	0.0161092 	155.000000	5.76246e-06	
160.000000	0.0134831 	160.000000	0.0157708 	160.000000	0.01581   	160.000000	0.0157511 	160.000000	0.0157908 	160.000000	0.0157652 	160.000000	5.59656e-06	
165.000000	0.0132125 	165.000000	0.0154466 	165.000000	0.0154834 	165.000000	0.0154247 	165.000000	0.0154647 	165.000000	0.0154412 	165.000000	5.4403e-06	
170.000000	0.0129569 	170.000000	0.0151408 	170.000000	0.0151753 	170.000000	0.0151168 	170.000000	0.015157  	170.000000	0.0151355 	170.000000	5.29284e-06	
175.000000	0.0127151 	175.000000	0.0148517 	175.000000	0.0148841 	175.000000	0.0148259 	175.000000	0.0148662 	175.000000	0.0148466 	175.000000	5.15345e-06	
180.000000	0.0124859 	180.000000	0.0145781 	180.000000	0.0146085 	180.000000	0.0145505 	180.000000	0.0145909 	180.000000	0.0145731 	180.000000	5.02149e-06	
185.000000	0.0122683 	185.000000	0.0143187 	185.000000	0.0143473 	185.000000	0.0142895 	185.000000	0.01433   	185.000000	0.0143138 	185.000000	4.89635e-06	
190.000000	0.0120616 	190.000000	0.0140725 	190.000000	0.0140993 	190.000000	0.0140417 	190.000000	0.0140823 	190.000000	0.0140677 	190.000000	4.77753e-06	
195.000000	0.0118649 	195.000000	0.0138385 	195.000000	0.0138636 	195.000000	0.0138062 	195.000000	0.0138469 	195.000000	0.0138338 	195.000000	4.66455e-06	
200.000000	0.0116774 	200.000000	0.0136157 	200.000000	0.0136393 	200.000000	0.0135822 	200.000000	0.0136229 	200.000000	0.0136111 	200.000000	4.55699e-06	
210.000000	0.0113278 	210.000000	0.013201  	210.000000	0.0132218 	210.000000	0.0131651 	210.000000	0.0132059 	210.000000	0.0131966 	210.000000	4.35659e-06	
220.000000	0.0110083 	220.000000	0.0128227 	220.000000	0.0128412 	220.000000	0.012785  	220.000000	0.0128257 	220.000000	0.0128185 	220.000000	4.17368e-06	
230.000000	0.0107151 	230.000000	0.0124764 	230.000000	0.0124929 	230.000000	0.012437  	230.000000	0.0124778 	230.000000	0.0124724 	230.000000	4.00602e-06	
240.000000	0.0104451 	240.000000	0.0121581 	240.000000	0.0121729 	240.000000	0.0121175 	240.000000	0.0121581 	240.000000	0.0121542 	240.000000	3.85178e-06	
250.000000	0.0101956 	250.000000	0.0118646 	250.000000	0.0118782 	250.000000	0.011823  	250.000000	0.0118635 	250.000000	0.0118609 	250.000000	3.70938e-06	
260.000000	0.00996434	260.000000	0.0115931 	260.000000	0.011605  	260.000000	0.0115507 	260.000000	0.0115912 	260.000000	0.0115896 	260.000000	3.57749e-06	
270.000000	0.00974943	270.000000	0.0113413 	270.000000	0.0113514 	270.000000	0.0112984 	270.000000	0.0113387 	270.000000	0.0113379 	270.000000	3.45498e-06	
280.000000	0.00954918	280.000000	0.0111071 	280.000000	0.0111166 	280.000000	0.0110638 	280.000000	0.011104  	280.000000	0.0111038 	280.000000	3.34087e-06	
290.000000	0.00936213	290.000000	0.0108888 	290.000000	0.0108978 	290.000000	0.0108453 	290.000000	0.0108854 	290.000000	0.0108856 	290.000000	3.23432e-06	
300.000000	0.00918703	300.000000	0.0106848 	300.000000	0.0106935 	300.000000	0.0106413 	300.000000	0.0106812 	300.000000	0.0106817 	300.000000	3.13458e-06	
310.000000	0.00902277	310.000000	0.0104937 	310.000000	0.0105023 	310.000000	0.0104504 	310.000000	0.0104901 	310.000000	0.0104907 	310.000000	3.04103e-06	
320.000000	0.00886839	320.000000	0.0103145 	320.000000	0.0103231 	320.000000	0.0102714 	320.000000	0.010311  	320.000000	0.0103115 	320.000000	2.95308e-06	
330.000000	0.00872302	330.000000	0.010146  	330.000000	0.0101546 	330.000000	0.0101032 	330.000000	0.0101427 	330.000000	0.0101431 	330.000000	2.87026e-06	
340.000000	0.00858591	340.000000	0.00998733	340.000000	0.00999625	340.000000	0.00994507	340.000000	0.00998443	340.000000	0.00998454	340.000000	2.79212e-06	
350.000000	0.00845639	350.000000	0.00983769	350.000000	0.00984704	350.000000	0.009796  	350.000000	0.0098352 	350.000000	0.00983497	350.000000	2.71826e-06	
360.000000	0.00833386	360.000000	0.00969634	360.000000	0.00970575	360.000000	0.00965531	360.000000	0.00969436	360.000000	0.00969369	360.000000	2.64835e-06	
370.000000	0.00821776	370.000000	0.00956263	370.000000	0.00957155	370.000000	0.009522  	370.000000	0.00956093	370.000000	0.00956005	370.000000	2.58206e-06	
380.000000	0.00810763	380.000000	0.00943597	380.000000	0.00944493	380.000000	0.00939583	380.000000	0.0094346 	380.000000	0.00943345	380.000000	2.51913e-06	
390.000000	0.00800302	390.000000	0.00931584	390.000000	0.00932526	390.000000	0.00927625	390.000000	0.00931489	390.000000	0.00931338	390.000000	2.45929e-06	
400.000000	0.00790353	400.000000	0.00920177	400.000000	0.00921167	400.000000	0.00916279	400.000000	0.00920131	400.000000	0.00919936	400.000000	2.40234e-06	
410.000000	0.00780882	410.000000	0.00909331	410.000000	0.00910367	410.000000	0.00905501	410.000000	0.00909339	410.000000	0.00909096	410.000000	2.34805e-06	
420.000000	0.00771856	420.000000	0.00899009	420.000000	0.00900097	420.000000	0.00895252	420.000000	0.00899076	420.000000	0.00898779	420.000000	2.29624e-06	
430.000000	0.00763245	430.000000	0.00889175	430.000000	0.00890324	430.000000	0.00885494	430.000000	0.00889307	430.000000	0.0088895 	430.000000	2.24675e-06	
440.000000	0.00755022	440.000000	0.00879796	440.000000	0.00881019	440.000000	0.00876197	440.000000	0.00879996	440.000000	0.00879576	440.000000	2.19942e-06	
450.000000	0.00747162	450.000000	0.00870843	450.000000	0.00872133	450.000000	0.00867328	450.000000	0.00871115	450.000000	0.00870628	450.000000	2.15412e-06	
460.000000	0.00739644	460.000000	0.0086229 	460.000000	0.0086362 	460.000000	0.00858862	460.000000	0.00862637	460.000000	0.00862079	460.000000	2.1107e-06	
470.000000	0.00732447	470.000000	0.0085411 	470.000000	0.00855471	470.000000	0.00850772	470.000000	0.00854537	470.000000	0.00853903	470.000000	2.06906e-06	
480.000000	0.0072555 	480.000000	0.00846283	480.000000	0.00847692	480.000000	0.00843037	480.000000	0.00846789	480.000000	0.0084608 	480.000000	2.02909e-06	
490.000000	0.00718938	490.000000	0.00838786	490.000000	0.00840273	490.000000	0.00835633	490.000000	0.00839374	490.000000	0.00838587	490.000000	1.99069e-06	
500.000000	0.00712593	500.000000	0.008316  	500.000000	0.00833177	500.000000	0.00828543	500.000000	0.00832273	500.000000	0.00831405	500.000000	1.95376e-06	
520.000000	0.00700648	520.000000	0.00818094	520.000000	0.00819841	520.000000	0.0081523 	520.000000	0.00818939	520.000000	0.00817905	520.000000	1.88401e-06	
540.000000	0.00689609	540.000000	0.00805636	540.000000	0.00807554	540.000000	0.00802968	540.000000	0.00806656	540.000000	0.00805454	540.000000	1.81923e-06	
560.000000	0.00679382	560.000000	0.00794118	560.000000	0.0079621 	560.000000	0.00791646	560.000000	0.00795315	560.000000	0.00793942	560.000000	1.75889e-06	
580.000000	0.00669889	580.000000	0.00783444	580.000000	0.00785699	580.000000	0.00781168	580.000000	0.00784818	580.000000	0.00783274	580.000000	1.70257e-06	
600.000000	0.00661059	600.000000	0.00773533	600.000000	0.00775927	600.000000	0.0077145 	600.000000	0.00775084	600.000000	0.00773368	600.000000	1.64985e-06	
620.000000	0.00652832	620.000000	0.00764313	620.000000	0.00766844	620.000000	0.0076242 	620.000000	0.00766036	620.000000	0.00764153	620.000000	1.60041e-06	
640.000000	0.00645153	640.000000	0.0075572 	640.000000	0.00758414	640.000000	0.00754012	640.000000	0.00757613	640.000000	0.00755565	640.000000	1.55394e-06	
660.000000	0.00637977	660.000000	0.007477  	660.000000	0.00750562	660.000000	0.00746172	660.000000	0.00749758	660.000000	0.00747549	660.000000	1.51019e-06	
680.000000	0.0063126 	680.000000	0.00740202	680.000000	0.00743222	680.000000	0.00738849	680.000000	0.00742419	680.000000	0.00740055	680.000000	1.46891e-06	
700.000000	0.00624966	700.000000	0.00733184	700.000000	0.00736359	700.000000	0.00731998	700.000000	0.00735555	700.000000	0.00733041	700.000000	1.4299e-06	
720.000000	0.0061906 	720.000000	0.00726605	720.000000	0.00729934	720.000000	0.00725581	720.000000	0.00729124	720.000000	0.00726466	720.000000	1.39297e-06	
740.000000	0.00613514	740.000000	0.00720433	740.000000	0.00723891	740.000000	0.00719561	740.000000	0.00723091	740.000000	0.00720297	740.000000	1.35797e-06	
760.000000	0.006083  	760.000000	0.00714634	760.000000	0.00718192	760.000000	0.00713908	760.000000	0.00717426	760.000000	0.00714502	760.000000	1.32474e-06	
780.000000	0.00603395	780.000000	0.00709182	780.000000	0.00712832	780.000000	0.00708593	780.000000	0.00712099	780.000000	0.00709053	780.000000	1.29316e-06	
800.000000	0.00598776	800.000000	0.00704051	800.000000	0.00707805	800.000000	0.0070359 	800.000000	0.00707084	800.000000	0.00703924	800.000000	1.26309e-06	
820.000000	0.00594423	820.000000	0.00699217	820.000000	0.00703083	820.000000	0.00698876	820.000000	0.0070236 	820.000000	0.00699094	820.000000	1.23443e-06	
840.000000	0.00590319	840.000000	0.00694661	840.000000	0.00698632	840.000000	0.00694431	840.000000	0.00697905	840.000000	0.0069454 	840.000000	1.20709e-06	
860.000000	0.00586447	860.000000	0.00690363	860.000000	0.00694426	860.000000	0.00690235	860.000000	0.00693698	860.000000	0.00690245	860.000000	1.18098e-06	
880.000000	0.00582793	880.000000	0.00686306	880.000000	0.00690451	880.000000	0.00686271	880.000000	0.00689724	880.000000	0.0068619 	880.000000	1.156e-06 	
900.000000	0.00579342	900.000000	0.00682474	900.000000	0.00686696	900.000000	0.00682523	900.000000	0.00685968	900.000000	0.00682361	900.000000	1.1321e-06	
920.000000	0.00576082	920.000000	0.00678853	920.000000	0.00683145	920.000000	0.00678976	920.000000	0.00682412	920.000000	0.00678742	920.000000	1.1092e-06	
940.000000	0.00573002	940.000000	0.0067543 	940.000000	0.0067978 	940.000000	0.00675619	940.000000	0.00679046	940.000000	0.00675322	940.000000	1.08723e-06	
960.000000	0.00570091	960.000000	0.00672193	960.000000	0.00676582	960.000000	0.00672437	960.000000	0.00675856	960.000000	0.00672087	960.000000	1.06615e-06	
980.000000	0.00567339	980.000000	0.00669131	980.000000	0.0067354 	980.000000	0.00669421	980.000000	0.00672833	980.000000	0.00669026	980.000000	1.04589e-06	
1000.000000	0.00564737	1000.000000	0.00666233	1000.000000	0.0067065 	1000.000000	0.0066656 	1000.000000	0.00669964	1000.000000	0.0066613 	1000.000000	1.02642e-06	
1020.000000	0.00562278	1020.000000	0.00663489	1020.000000	0.00667908	1020.000000	0.00663845	1020.000000	0.00667241	1020.000000	0.00663388	1020.000000	1.00768e-06	
1040.000000	0.00559952	1040.000000	0.00660892	1040.000000	0.00665313	1040.000000	0.00661267	1040.000000	0.00664655	1040.000000	0.00660793	1040.000000	9.89636e-07	
1060.000000	0.00557754	1060.000000	0.00658433	1060.000000	0.00662854	1060.000000	0.00658817	1060.000000	0.006622  	1060.000000	0.00658336	1060.000000	9.72248e-07	
1080.000000	0.00555676	1080.000000	0.00656104	1080.000000	0.00660522	1080.000000	0.00656489	1080.000000	0.00659864	1080.000000	0.00656009	1080.000000	9.5548e-07	
1100.000000	0.00553713	1100.000000	0.00653899	1100.000000	0.00658305	1100.000000	0.00654275	1100.000000	0.00657643	1100.000000	0.00653805	1100.000000	9.393e-07 	
1120.000000	0.00551858	1120.000000	0.00651811	1120.000000	0.00656195	1120.000000	0.00652169	1120.000000	0.00655531	1120.000000	0.00651719	1120.000000	9.23677e-07	
1140.000000	0.00550107	1140.000000	0.00649834	1140.000000	0.00654186	1140.000000	0.00650165	1140.000000	0.00653522	1140.000000	0.00649744	1140.000000	9.08581e-07	
1160.000000	0.00548454	1160.000000	0.00647963	1160.000000	0.00652272	1160.000000	0.00648258	1160.000000	0.00651609	1160.000000	0.00647874	1160.000000	8.93988e-07	
1180.000000	0.00546894	1180.000000	0.00646192	1180.000000	0.00650451	1180.000000	0.00646442	1180.000000	0.00649787	1180.000000	0.00646104	1180.000000	8.79871e-07	
1200.000000	0.00545423	1200.000000	0.00644515	1200.000000	0.00648716	1200.000000	0.00644713	1200.000000	0.00648052	1200.000000	0.00644429	1200.000000	8.66207e-07	
1220.000000	0.00544038	1220.000000	0.0064293 	1220.000000	0.00647066	1220.000000	0.00643065	1220.000000	0.00646399	1220.000000	0.00642844	1220.000000	8.52975e-07	
1240.000000	0.00542734	1240.000000	0.00641431	1240.000000	0.00645493	1240.000000	0.00641495	1240.000000	0.00644825	1240.000000	0.00641347	1240.000000	8.40155e-07	
1260.000000	0.00541508	1260.000000	0.00640014	1260.000000	0.00643995	1260.000000	0.00639999	1260.000000	0.00643323	1260.000000	0.00639931	1260.000000	8.27726e-07	
1280.000000	0.00540356	1280.000000	0.00638675	1280.000000	0.00642564	1280.000000	0.00638573	1280.000000	0.00641892	1280.000000	0.00638594	1280.000000	8.15673e-07	
1300.000000	0.00539275	1300.000000	0.00637412	1300.000000	0.00641198	1300.000000	0.00637214	1300.000000	0.00640528	1300.000000	0.00637331	1300.000000	8.03976e-07	
1320.000000	0.00538262	1320.000000	0.0063622 	1320.000000	0.00639892	1320.000000	0.00635918	1320.000000	0.00639227	1320.000000	0.0063614 	1320.000000	7.92621e-07	
1340.000000	0.00537314	1340.000000	0.00635096	1340.000000	0.00638643	1340.000000	0.00634682	1340.000000	0.00637988	1340.000000	0.00635018	1340.000000	7.81593e-07	
1360.000000	0.00536429	1360.000000	0.00634038	1360.000000	0.0063745 	1360.000000	0.00633503	1360.000000	0.00636805	1360.000000	0.00633961	1360.000000	7.70878e-07	
1380.000000	0.00535604	1380.000000	0.00633043	1380.000000	0.00636312	1380.000000	0.0063238 	1380.000000	0.00635677	1380.000000	0.00632967	1380.000000	7.60461e-07	
1400.000000	0.00534836	1400.000000	0.00632107	1400.000000	0.00635226	1400.000000	0.00631308	1400.000000	0.00634601	1400.000000	0.00632032	1400.000000	7.50332e-07	
1420.000000	0.00534124	1420.000000	0.0063123 	1420.000000	0.00634191	1420.000000	0.00630286	1420.000000	0.00633575	1420.000000	0.00631156	1420.000000	7.40478e-07	
1440.000000	0.00533465	1440.000000	0.00630407	1440.000000	0.00633205	1440.000000	0.00629312	1440.000000	0.00632597	1440.000000	0.00630334	1440.000000	7.30888e-07	
1460.000000	0.00532858	1460.000000	0.00629637	1460.000000	0.00632268	1460.000000	0.00628383	1460.000000	0.00631664	1460.000000	0.00629565	1460.000000	7.21551e-07	
1480.000000	0.00532299	1480.000000	0.00628918	1480.000000	0.00631377	1480.000000	0.00627497	1480.000000	0.00630775	1480.000000	0.00628847	1480.000000	7.12457e-07	
1500.000000	0.00531789	1500.000000	0.00628248	1500.000000	0.00630528	1500.000000	0.00626652	1500.000000	0.00629927	1500.000000	0.00628178	1500.000000	7.03597e-07	
1520.000000	0.00531324	1520.000000	0.00627625	1520.000000	0.00629721	1520.000000	0.00625848	1520.000000	0.00629118	1520.000000	0.00627555	1520.000000	6.94962e-07	
1540.000000	0.00530903	1540.000000	0.00627047	1540.000000	0.00628952	1540.000000	0.00625081	1540.000000	0.00628348	1540.000000	0.00626978	1540.000000	6.86543e-07	
1560.000000	0.00530524	1560.000000	0.00626512	1560.000000	0.0062822 	1560.000000	0.0062435 	1560.000000	0.00627614	1560.000000	0.00626444	1560.000000	6.78333e-07	
1580.000000	0.00530187	1580.000000	0.00626019	1580.000000	0.00627523	1580.000000	0.00623654	1580.000000	0.00626915	1580.000000	0.00625952	1580.000000	6.70322e-07	
1600.000000	0.00529889	1600.000000	0.00625566	1600.000000	0.00626859	1600.000000	0.00622991	1600.000000	0.00626249	1600.000000	0.006255  	1600.000000	6.62505e-07	
1620.000000	0.0052963 	1620.000000	0.00625152	1620.000000	0.00626226	1620.000000	0.0062236 	1620.000000	0.00625615	1620.000000	0.00625087	1620.000000	6.54874e-07	
1640.000000	0.00529408	1640.000000	0.00624775	1640.000000	0.00625623	1640.000000	0.00621759	1640.000000	0.00625011	1640.000000	0.00624711	1640.000000	6.47422e-07	
1660.000000	0.00529222	1660.000000	0.00624435	1660.000000	0.0062505 	1660.000000	0.00621188	1660.000000	0.00624437	1660.000000	0.00624371	1660.000000	6.40144e-07	
1680.000000	0.0052907 	1680.000000	0.00624129	1680.000000	0.00624505	1680.000000	0.00620645	1680.000000	0.00623891	1680.000000	0.00624065	1680.000000	6.33033e-07	
1700.000000	0.00528951	1700.000000	0.00623856	1700.000000	0.00623986	1700.000000	0.00620129	1700.000000	0.00623372	1700.000000	0.00623794	1700.000000	6.26083e-07	
1750.000000	0.00528796	1750.000000	0.00623314	1750.000000	0.006228  	1750.000000	0.00618949	1750.000000	0.00622186	1750.000000	0.00623253	1750.000000	6.09379e-07	
1800.000000	0.00528827	1800.000000	0.00622958	1800.000000	0.0062176 	1800.000000	0.00617916	1800.000000	0.00621147	1800.000000	0.00622899	1800.000000	5.9357e-07	
1850.000000	0.00529033	1850.000000	0.00622772	1850.000000	0.00620853	1850.000000	0.00617016	1850.000000	0.00620241	1850.000000	0.00622714	1850.000000	5.78586e-07	
1900.000000	0.005294  	1900.000000	0.00622744	1900.000000	0.00620067	1900.000000	0.00616236	1900.000000	0.00619455	1900.000000	0.00622688	1900.000000	5.64363e-07	
1950.000000	0.00529917	1950.000000	0.00622861	1950.000000	0.00619389	1950.000000	0.00615566	1950.000000	0.0061878 	1950.000000	0.00622806	1950.000000	5.50844e-07	
2000.000000	0.00530574	2000.000000	0.00623113	2000.000000	0.0061881 	2000.000000	0.00614995	2000.000000	0.00618205	2000.000000	0.00623059	2000.000000	5.37978e-07	
2100.000000	0.00532273	2100.000000	0.00623981	2100.000000	0.00617915	2100.000000	0.0061412 	2100.000000	0.0061732 	2100.000000	0.0062393 	2100.000000	5.1402e-07	
2200.000000	0.00534433	2200.000000	0.00625281	2200.000000	0.00617323	2200.000000	0.0061355 	2200.000000	0.00616741	2200.000000	0.00625232	2200.000000	4.92167e-07	
2300.000000	0.00537001	2300.000000	0.00626956	2300.000000	0.0061699 	2300.000000	0.00613235	2300.000000	0.00616419	2300.000000	0.00626909	2300.000000	4.72149e-07	
2400.000000	0.00539931	2400.000000	0.00628959	2400.000000	0.00616878	2400.000000	0.00613138	2400.000000	0.00616315	2400.000000	0.00628914	2400.000000	4.53744e-07	
2500.000000	0.00543187	2500.000000	0.00631251	2500.000000	0.00616955	2500.000000	0.00613223	2500.000000	0.00616393	2500.000000	0.00631208	2500.000000	4.36761e-07	
2600.000000	0.00546737	2600.000000	0.00633799	2600.000000	0.00617191	2600.000000	0.00613463	2600.000000	0.00616628	2600.000000	0.00633757	2600.000000	4.21041e-07	
2700.000000	0.00550552	2700.000000	0.00636572	2700.000000	0.0061756 	2700.000000	0.00613835	2700.000000	0.00616995	2700.000000	0.00636532	2700.000000	4.06446e-07	
2800.000000	0.0055461 	2800.000000	0.00639548	2800.000000	0.00618042	2800.000000	0.0061432 	2800.000000	0.00617475	2800.000000	0.00639509	2800.000000	3.92858e-07	
2900.000000	0.00558889	2900.000000	0.00642704	2900.000000	0.00618621	2900.000000	0.00614901	2900.000000	0.00618051	2900.000000	0.00642666	2900.000000	3.80176e-07	
3000.000000	0.00563372	3000.000000	0.00646023	3000.000000	0.00619281	3000.000000	0.00615565	3000.000000	0.0061871 	3000.000000	0.00645986	3000.000000	3.68311e-07	
3200.000000	0.00572887	3200.000000	0.00653084	3200.000000	0.006208  	3200.000000	0.00617092	3200.000000	0.0062023 	3200.000000	0.0065305 	3200.000000	3.46733e-07	
3400.000000	0.00583052	3400.000000	0.00660627	3400.000000	0.00622524	3400.000000	0.00618826	3400.000000	0.00621956	3400.000000	0.00660594	3400.000000	3.27611e-07	
3600.000000	0.00593784	3600.000000	0.00668567	3600.000000	0.00624398	3600.000000	0.00620709	3600.000000	0.00623834	3600.000000	0.00668536	3600.000000	3.10545e-07	
3800.000000	0.00605018	3800.000000	0.00676841	3800.000000	0.0062638 	3800.000000	0.00622699	3800.000000	0.00625818	3800.000000	0.00676811	3800.000000	2.95218e-07	
4000.000000	0.00616702	4000.000000	0.00685394	4000.000000	0.00628436	4000.000000	0.00624764	4000.000000	0.00627877	4000.000000	0.00685366	4000.000000	2.81373e-07	
4200.000000	0.00628791	4200.000000	0.00694186	4200.000000	0.00630544	4200.000000	0.00626879	4200.000000	0.00629988	4200.000000	0.00694159	4200.000000	2.68805e-07	
4400.000000	0.00641252	4400.000000	0.00703182	4400.000000	0.00632683	4400.000000	0.00629025	4400.000000	0.00632129	4400.000000	0.00703156	4400.000000	2.57342e-07	
4600.000000	0.00654054	4600.000000	0.00712353	4600.000000	0.00634839	4600.000000	0.00631188	4600.000000	0.00634288	4600.000000	0.00712328	4600.000000	2.46844e-07	
4800.000000	0.00667172	4800.000000	0.00721675	4800.000000	0.00637001	4800.000000	0.00633356	4800.000000	0.00636452	4800.000000	0.00721652	4800.000000	2.37192e-07	
5000.000000	0.00680586	5000.000000	0.00731129	5000.000000	0.0063916 	5000.000000	0.00635521	5000.000000	0.00638613	5000.000000	0.00731107	5000.000000	2.28288e-07	
5250.000000	0.00697743	5250.000000	0.00743107	5250.000000	0.00641845	5250.000000	0.00638212	5250.000000	0.006413  	5250.000000	0.00743085	5250.000000	2.18081e-07	
5500.000000	0.00715306	5500.000000	0.00755236	5500.000000	0.00644505	5500.000000	0.00640878	5500.000000	0.00643961	5500.000000	0.00755215	5500.000000	2.08773e-07	
6000.000000	0.00751554	6000.000000	0.00779865	6000.000000	0.00649723	6000.000000	0.00646107	6000.000000	0.00649182	6000.000000	0.00779846	6000.000000	1.92412e-07	
6500.000000	0.00789178	6500.000000	0.00804878	6500.000000	0.0065478 	6500.000000	0.00651172	6500.000000	0.0065424 	6500.000000	0.0080486 	6500.000000	1.78491e-07	
7000.000000	0.00828071	7000.000000	0.00830177	7000.000000	0.00659659	7000.000000	0.00656059	7000.000000	0.00659119	7000.000000	0.0083016 	7000.000000	1.66498e-07	
7500.000000	0.0086815 	7500.000000	0.00855691	7500.000000	0.00664347	7500.000000	0.00660764	7500.000000	0.00663817	7500.000000	0.00855676	7500.000000	1.56056e-07	
8000.000000	0.00909356	8000.000000	0.00881368	8000.000000	0.00668862	8000.000000	0.00665289	8000.000000	0.00668334	8000.000000	0.00881354	8000.000000	1.46879e-07	
8500.000000	0.0095164 	8500.000000	0.00907169	8500.000000	0.00673212	8500.000000	0.00669639	8500.000000	0.00672676	8500.000000	0.00907155	8500.000000	1.38748e-07	
9000.000000	0.00994968	9000.000000	0.00933063	9000.000000	0.00677397	9000.000000	0.00673821	9000.000000	0.00676851	9000.000000	0.0093305 	9000.000000	1.31494e-07	
9500.000000	0.0103931 	9500.000000	0.00959028	9500.000000	0.0068141 	9500.000000	0.00677845	9500.000000	0.00680867	9500.000000	0.00959015	9500.000000	1.2498e-07	
10000.000000	0.0108464 	10000.000000	0.00985044	10000.000000	0.00685261	10000.000000	0.00681719	10000.000000	0.00684732	10000.000000	0.00985033	10000.000000	1.19098e-07	
11000.000000	0.0117821 	11000.000000	0.0103718 	11000.000000	0.00692556	11000.000000	0.00689048	11000.000000	0.00692045	11000.000000	0.0103717 	11000.000000	1.0889e-07	
12000.000000	0.0127557 	12000.000000	0.0108939 	12000.000000	0.00699383	12000.000000	0.00695874	12000.000000	0.00698852	12000.000000	0.0108938 	12000.000000	1.00334e-07	
13000.000000	0.0137663 	13000.000000	0.0114161 	13000.000000	0.00705758	13000.000000	0.00702253	13000.000000	0.00705212	13000.000000	0.011416  	13000.000000	9.30559e-08	
14000.000000	0.0148137 	14000.000000	0.0119381 	14000.000000	0.00711713	14000.000000	0.00708235	14000.000000	0.00711174	14000.000000	0.011938  	14000.000000	8.67874e-08	
15000.000000	0.0158973 	15000.000000	0.0124598 	15000.000000	0.00717297	15000.000000	0.00713862	15000.000000	0.0071678 	15000.000000	0.0124597 	15000.000000	8.13303e-08	
16000.000000	0.017017  	16000.000000	0.0129808 	16000.000000	0.00722564	16000.000000	0.00719172	16000.000000	0.00722067	16000.000000	0.0129807 	16000.000000	7.65354e-08	
17000.000000	0.0181727 	17000.000000	0.0135011 	17000.000000	0.00727555	17000.000000	0.00724197	17000.000000	0.00727068	17000.000000	0.013501  	17000.000000	7.22882e-08	
18000.000000	0.0193643 	18000.000000	0.0140207 	18000.000000	0.00732298	18000.000000	0.00728965	18000.000000	0.0073181 	18000.000000	0.0140206 	18000.000000	6.84991e-08	
19000.000000	0.0205918 	19000.000000	0.0145395 	19000.000000	0.00736816	19000.000000	0.00733499	19000.000000	0.00736317	19000.000000	0.0145394 	19000.000000	6.50973e-08	
20000.000000	0.0218552 	20000.000000	0.0150574 	20000.000000	0.00741129	20000.000000	0.0073782 	20000.000000	0.00740611	20000.000000	0.0150573 	20000.000000	6.20257e-08	
21000.000000	0.0231546 	21000.000000	0.0155745 	21000.000000	0.00745243	21000.000000	0.00741947	21000.000000	0.00744709	21000.000000	0.0155744 	21000.000000	5.92381e-08	
22000.000000	0.0244901 	22000.000000	0.0160907 	22000.000000	0.00749153	22000.000000	0.00745896	22000.000000	0.00748627	22000.000000	0.0160907 	22000.000000	5.66966e-08	
23000.000000	0.0258617 	23000.000000	0.0166061 	23000.000000	0.00752902	23000.000000	0.00749681	23000.000000	0.00752382	23000.000000	0.016606  	23000.000000	5.43697e-08	
24000.000000	0.0272695 	24000.000000	0.0171206 	24000.000000	0.00756505	24000.000000	0.00753316	24000.000000	0.00755982	24000.000000	0.0171206 	24000.000000	5.2231e-08	
25000.000000	0.0287138 	25000.000000	0.0176343 	25000.000000	0.00759966	25000.000000	0.0075681 	25000.000000	0.00759443	25000.000000	0.0176343 	25000.000000	5.02584e-08	
26000.000000	0.0301945 	26000.000000	0.0181472 	26000.000000	0.00763298	26000.000000	0.00760175	26000.000000	0.00762772	26000.000000	0.0181472 	26000.000000	4.84332e-08	
27000.000000	0.0317119 	27000.000000	0.0186593 	27000.000000	0.00766512	27000.000000	0.0076342 	27000.000000	0.0076598 	27000.000000	0.0186592 	27000.000000	4.67393e-08	
28000.000000	0.033266  	28000.000000	0.0191705 	28000.000000	0.00769613	28000.000000	0.00766552	28000.000000	0.00769074	28000.000000	0.0191705 	28000.000000	4.51629e-08	
29000.000000	0.0348572 	29000.000000	0.019681  	29000.000000	0.00772606	29000.000000	0.00769579	29000.000000	0.00772062	29000.000000	0.019681  	29000.000000	4.3692e-08	
30000.000000	0.0364854 	30000.000000	0.0201908 	30000.000000	0.00775498	30000.000000	0.00772507	30000.000000	0.00774949	30000.000000	0.0201907 	30000.000000	4.23164e-08	
32000.000000	0.039854  	32000.000000	0.021208  	32000.000000	0.00781006	32000.000000	0.00778094	32000.000000	0.00780451	32000.000000	0.021208  	32000.000000	3.98157e-08	
34000.000000	0.0433732 	34000.000000	0.0222225 	34000.000000	0.00786184	34000.000000	0.00783353	34000.000000	0.0078562 	34000.000000	0.0222224 	34000.000000	3.76011e-08	
36000.000000	0.0470444 	36000.000000	0.0232341 	36000.000000	0.00791058	36000.000000	0.00788321	36000.000000	0.00790492	36000.000000	0.0232341 	36000.000000	3.56256e-08	
38000.000000	0.0508692 	38000.000000	0.0242432 	38000.000000	0.00795655	38000.000000	0.00793028	38000.000000	0.007951  	38000.000000	0.0242432 	38000.000000	3.38522e-08	
40000.000000	0.0548491 	40000.000000	0.0252498 	40000.000000	0.0080001 	40000.000000	0.007975  	40000.000000	0.00799467	40000.000000	0.0252498 	40000.000000	3.22513e-08	
42000.000000	0.0589858 	42000.000000	0.026254  	42000.000000	0.00804152	42000.000000	0.00801759	42000.000000	0.00803615	42000.000000	0.0262539 	42000.000000	3.07985e-08	
44000.000000	0.0632808 	44000.000000	0.0272559 	44000.000000	0.00808106	44000.000000	0.00805824	44000.000000	0.00807567	44000.000000	0.0272559 	44000.000000	2.94741e-08	
46000.000000	0.0677359 	46000.000000	0.0282556 	46000.000000	0.00811889	46000.000000	0.00809712	46000.000000	0.00811333	46000.000000	0.0282556 	46000.000000	2.82617e-08	
48000.000000	0.0723526 	48000.000000	0.0292532 	48000.000000	0.00815514	48000.000000	0.00813437	48000.000000	0.00814935	48000.000000	0.0292532 	48000.000000	2.71475e-08	
50000.000000	0.0771327 	50000.000000	0.0302488 	50000.000000	0.00818982	50000.000000	0.00817013	50000.000000	0.0081838 	50000.000000	0.0302487 	50000.000000	2.612e-08 	
