Energy (MeV/u)1	0 - [He-base] F.Hubert et al, AD&ND Tables 46(1990)1	Energy (MeV/u)2	1 - [H -base] J.F.Ziegler et al, Pergamon Press, NY (low energy)	Energy (MeV/u)3	2 - ATIMA 1.2  LS-theory (recommended for high energy)	Energy (MeV/u)4	3 - ATIMA 1.2  without LS-correction	Energy (MeV/u)5	4 - electrical component of [1] - J.F.Ziegler et al	Energy (MeV/u)6	5 - nuclear component of [1] - J.F.Ziegler et al	
0.001000	2.91274e-05	0.001000	3.04252e-05	0.001000	3.0935e-05	0.001000	3.0935e-05	0.001000	8.7683e-06	0.001000	2.16569e-05	
0.002000	2.95805e-05	0.002000	2.77517e-05	0.002000	2.95015e-05	0.002000	2.95015e-05	0.002000	1.13711e-05	0.002000	1.63806e-05	
0.005000	3.2301e-05	0.005000	2.60714e-05	0.005000	3.07835e-05	0.005000	3.07835e-05	0.005000	1.60335e-05	0.005000	1.00379e-05	
0.008000	3.52255e-05	0.008000	2.66102e-05	0.008000	3.37276e-05	0.008000	3.37276e-05	0.008000	1.91238e-05	0.008000	7.48642e-06	
0.010000	3.70546e-05	0.010000	2.7254e-05	0.010000	3.57996e-05	0.010000	3.57996e-05	0.010000	2.07929e-05	0.010000	6.46113e-06	
0.015000	4.36558e-05	0.015000	2.90955e-05	0.015000	4.08201e-05	0.015000	4.08201e-05	0.015000	2.42075e-05	0.015000	4.88798e-06	
0.020000	5.00456e-05	0.020000	3.0908e-05	0.020000	4.54337e-05	0.020000	4.54337e-05	0.020000	2.69651e-05	0.020000	3.94293e-06	
0.025000	5.73545e-05	0.025000	3.29538e-05	0.025000	4.97577e-05	0.025000	4.97577e-05	0.025000	2.96056e-05	0.025000	3.34814e-06	
0.030000	6.4058e-05	0.030000	4.10612e-05	0.030000	5.52189e-05	0.030000	5.52189e-05	0.030000	3.81392e-05	0.030000	2.92207e-06	
0.035000	7.00159e-05	0.035000	4.93418e-05	0.035000	6.06553e-05	0.035000	6.06553e-05	0.035000	4.67415e-05	0.035000	2.60026e-06	
0.040000	7.51369e-05	0.040000	5.73754e-05	0.040000	6.60409e-05	0.040000	6.60409e-05	0.040000	5.50276e-05	0.040000	2.34771e-06	
0.045000	7.93256e-05	0.045000	6.50436e-05	0.045000	7.13559e-05	0.045000	7.13559e-05	0.045000	6.28999e-05	0.045000	2.14368e-06	
0.050000	8.19139e-05	0.050000	7.23389e-05	0.050000	7.6584e-05	0.050000	7.6584e-05	0.050000	7.03638e-05	0.050000	1.97507e-06	
0.055000	8.62988e-05	0.055000	7.92997e-05	0.055000	8.17116e-05	0.055000	8.17116e-05	0.055000	7.74666e-05	0.055000	1.83314e-06	
0.060000	9.01788e-05	0.060000	8.52998e-05	0.060000	8.67272e-05	0.060000	8.67272e-05	0.060000	8.35879e-05	0.060000	1.71187e-06	
0.070000	9.65138e-05	0.070000	9.58614e-05	0.070000	9.63852e-05	0.070000	9.63852e-05	0.070000	9.43463e-05	0.070000	1.51513e-06	
0.080000	0.000103223	0.080000	0.000105662	0.080000	0.000105498	0.080000	0.000105498	0.080000	0.0001043 	0.080000	1.36198e-06	
0.090000	0.000108731	0.090000	0.000114751	0.090000	0.000114026	0.090000	0.000114026	0.090000	0.000113512	0.090000	1.23906e-06	
0.100000	0.000113026	0.100000	0.000123137	0.100000	0.000121948	0.100000	0.000121948	0.100000	0.000121999	0.100000	1.13803e-06	
0.120000	0.000115937	0.120000	0.000136488	0.120000	0.000135959	0.120000	0.000135959	0.120000	0.000135507	0.120000	9.81349e-07	
0.140000	0.000117898	0.140000	0.000146741	0.140000	0.000147607	0.140000	0.000147607	0.140000	0.000145876	0.140000	8.65063e-07	
0.160000	0.000119667	0.160000	0.00015532	0.160000	0.000157085	0.160000	0.000157085	0.160000	0.000154545	0.160000	7.75051e-07	
0.180000	0.000121557	0.180000	0.000162481	0.180000	0.000164647	0.180000	0.000164647	0.180000	0.000161778	0.180000	7.03141e-07	
0.200000	0.000124541	0.200000	0.000169023	0.200000	0.000170567	0.200000	0.000170567	0.200000	0.000168379	0.200000	6.44265e-07	
0.250000	0.00012787	0.250000	0.000182639	0.250000	0.000179858	0.250000	0.000179858	0.250000	0.000182104	0.250000	5.34792e-07	
0.300000	0.000130835	0.300000	0.0001908 	0.300000	0.000183876	0.300000	0.000183876	0.300000	0.000190342	0.300000	4.58856e-07	
0.350000	0.000134038	0.350000	0.000196318	0.350000	0.000184899	0.350000	0.000184899	0.350000	0.000195915	0.350000	4.02868e-07	
0.400000	0.000136734	0.400000	0.000200181	0.400000	0.000185057	0.400000	0.000185057	0.400000	0.000199821	0.400000	3.59757e-07	
0.450000	0.000138608	0.450000	0.000202054	0.450000	0.000186244	0.450000	0.000186244	0.450000	0.000201729	0.450000	3.25467e-07	
0.500000	0.000139804	0.500000	0.000202565	0.500000	0.00018631	0.500000	0.00018631	0.500000	0.000202268	0.500000	2.97496e-07	
0.600000	0.000136529	0.600000	0.000201786	0.600000	0.000184591	0.600000	0.000184591	0.600000	0.000201531	0.600000	2.54511e-07	
0.700000	0.000131926	0.700000	0.000199526	0.700000	0.000181658	0.700000	0.000181658	0.700000	0.000199303	0.700000	2.22934e-07	
0.800000	0.000131386	0.800000	0.000195944	0.800000	0.000177214	0.800000	0.000177214	0.800000	0.000195746	0.800000	1.98691e-07	
0.900000	0.000130135	0.900000	0.000191669	0.900000	0.000172656	0.900000	0.000172656	0.900000	0.00019149	0.900000	1.79456e-07	
1.000000	0.000128647	1.000000	0.000187369	1.000000	0.000168279	1.000000	0.000168279	1.000000	0.000187205	1.000000	1.63798e-07	
1.250000	0.000123523	1.250000	0.000176488	1.250000	0.000158112	1.250000	0.000158112	1.250000	0.000176353	1.250000	1.34914e-07	
1.500000	0.000117043	1.500000	0.000164631	1.500000	0.000147761	1.500000	0.000147761	1.500000	0.000164516	1.500000	1.15068e-07	
1.750000	0.000110749	1.750000	0.000153916	1.750000	0.000139032	1.750000	0.000139032	1.750000	0.000153815	1.750000	1.00542e-07	
2.000000	0.000104763	2.000000	0.000144178	2.000000	0.000131434	2.000000	0.000131434	2.000000	0.000144088	2.000000	8.94238e-08	
2.250000	9.94682e-05	2.250000	0.000135603	2.250000	0.000124697	2.250000	0.000124697	2.250000	0.000135522	2.250000	8.06244e-08	
2.500000	9.84079e-05	2.500000	0.000127881	2.500000	0.000118655	2.500000	0.000118655	2.500000	0.000127808	2.500000	7.3477e-08	
3.000000	8.92158e-05	3.000000	0.000114731	3.000000	0.00010822	3.000000	0.00010822	3.000000	0.000114668	3.000000	6.25504e-08	
3.500000	8.16284e-05	3.500000	0.000104175	3.500000	9.95003e-05	3.500000	9.95003e-05	3.500000	0.00010412	3.500000	5.45709e-08	
4.000000	7.52748e-05	4.000000	9.53737e-05	4.000000	9.20954e-05	4.000000	9.20954e-05	4.000000	9.53252e-05	4.000000	4.84744e-08	
4.500000	6.98818e-05	4.500000	8.80115e-05	4.500000	8.57259e-05	4.500000	8.57259e-05	4.500000	8.79678e-05	4.500000	4.36566e-08	
5.000000	6.52481e-05	5.000000	8.17545e-05	5.000000	8.01879e-05	5.000000	8.01879e-05	5.000000	8.17147e-05	5.000000	3.97485e-08	
5.500000	6.12237e-05	5.500000	7.63569e-05	5.500000	7.53281e-05	5.500000	7.53281e-05	5.500000	7.63204e-05	5.500000	3.65113e-08	
6.000000	5.76954e-05	6.000000	7.16453e-05	6.000000	7.10289e-05	6.000000	7.10289e-05	6.000000	7.16115e-05	6.000000	3.37835e-08	
6.500000	5.45761e-05	6.500000	6.74897e-05	6.500000	6.71984e-05	6.500000	6.71984e-05	6.500000	6.74583e-05	6.500000	3.14522e-08	
7.000000	5.1798e-05	7.000000	6.37955e-05	7.000000	6.37638e-05	7.000000	6.37638e-05	7.000000	6.37661e-05	7.000000	2.94354e-08	
7.500000	4.93074e-05	7.500000	6.04904e-05	7.500000	6.06665e-05	7.500000	6.06665e-05	7.500000	6.04627e-05	7.500000	2.76728e-08	
8.000000	4.70614e-05	8.000000	5.75144e-05	8.000000	5.78593e-05	8.000000	5.78593e-05	8.000000	5.74883e-05	8.000000	2.61184e-08	
8.500000	4.50252e-05	8.500000	5.482e-05 	8.500000	5.53029e-05	8.500000	5.53029e-05	8.500000	5.47953e-05	8.500000	2.47369e-08	
9.000000	4.31704e-05	9.000000	5.23684e-05	9.000000	5.29653e-05	9.000000	5.29653e-05	9.000000	5.23449e-05	9.000000	2.35005e-08	
9.500000	4.14734e-05	9.500000	5.01278e-05	9.500000	5.08194e-05	9.500000	5.08194e-05	9.500000	5.01055e-05	9.500000	2.23872e-08	
10.000000	3.99146e-05	10.000000	4.60723e-05	10.000000	4.88426e-05	10.000000	4.88426e-05	10.000000	4.60509e-05	10.000000	2.13792e-08	
11.000000	3.71486e-05	11.000000	4.31631e-05	11.000000	4.52491e-05	11.000000	4.53228e-05	11.000000	4.31434e-05	11.000000	1.96238e-08	
12.000000	3.47682e-05	12.000000	4.0606e-05	12.000000	4.21659e-05	12.000000	4.22907e-05	12.000000	4.05878e-05	12.000000	1.81459e-08	
13.000000	3.26971e-05	13.000000	3.83428e-05	13.000000	3.94942e-05	13.000000	3.96539e-05	13.000000	3.83259e-05	13.000000	1.68838e-08	
14.000000	3.08779e-05	14.000000	3.63268e-05	14.000000	3.71584e-05	14.000000	3.7342e-05	14.000000	3.6311e-05	14.000000	1.57927e-08	
15.000000	2.92666e-05	15.000000	3.45204e-05	15.000000	3.51001e-05	15.000000	3.53004e-05	15.000000	3.45056e-05	15.000000	1.48397e-08	
16.000000	2.78291e-05	16.000000	3.28932e-05	16.000000	3.32754e-05	16.000000	3.34858e-05	16.000000	3.28792e-05	16.000000	1.39998e-08	
17.000000	2.65383e-05	17.000000	3.142e-05 	17.000000	3.16485e-05	17.000000	3.18638e-05	17.000000	3.14067e-05	17.000000	1.32537e-08	
18.000000	2.53726e-05	18.000000	3.00802e-05	18.000000	3.01891e-05	18.000000	3.04067e-05	18.000000	3.00676e-05	18.000000	1.25864e-08	
19.000000	2.43143e-05	19.000000	2.88566e-05	19.000000	2.88735e-05	19.000000	2.90916e-05	19.000000	2.88446e-05	19.000000	1.19857e-08	
20.000000	2.33491e-05	20.000000	2.77349e-05	20.000000	2.76827e-05	20.000000	2.78998e-05	20.000000	2.77234e-05	20.000000	1.14421e-08	
21.000000	2.24649e-05	21.000000	2.67028e-05	21.000000	2.6601e-05	21.000000	2.68157e-05	21.000000	2.66919e-05	21.000000	1.09477e-08	
22.000000	2.16519e-05	22.000000	2.57502e-05	22.000000	2.56152e-05	22.000000	2.58262e-05	22.000000	2.57397e-05	22.000000	1.0496e-08	
23.000000	2.09017e-05	23.000000	2.48682e-05	23.000000	2.47139e-05	23.000000	2.49202e-05	23.000000	2.48581e-05	23.000000	1.00816e-08	
24.000000	2.02071e-05	24.000000	2.40493e-05	24.000000	2.38873e-05	24.000000	2.40883e-05	24.000000	2.40396e-05	24.000000	9.70003e-09	
25.000000	1.95622e-05	25.000000	2.32869e-05	25.000000	2.31273e-05	25.000000	2.33225e-05	25.000000	2.32775e-05	25.000000	9.34749e-09	
27.000000	1.84008e-05	27.000000	2.19097e-05	27.000000	2.17796e-05	27.000000	2.19622e-05	27.000000	2.1901e-05	27.000000	8.71697e-09	
29.000000	1.73839e-05	29.000000	2.06997e-05	29.000000	2.06246e-05	29.000000	2.07941e-05	29.000000	2.06915e-05	29.000000	8.1693e-09	
31.000000	1.64856e-05	31.000000	1.9628e-05	31.000000	1.95865e-05	31.000000	1.97355e-05	31.000000	1.96203e-05	31.000000	7.68896e-09	
33.000000	1.56861e-05	33.000000	1.86721e-05	33.000000	1.86285e-05	33.000000	1.87537e-05	33.000000	1.86648e-05	33.000000	7.2641e-09	
35.000000	1.49696e-05	35.000000	1.78142e-05	35.000000	1.77691e-05	35.000000	1.78751e-05	35.000000	1.78073e-05	35.000000	6.88551e-09	
38.000000	1.40239e-05	38.000000	1.66802e-05	38.000000	1.66358e-05	38.000000	1.67175e-05	38.000000	1.66738e-05	38.000000	6.3889e-09	
41.000000	1.32049e-05	41.000000	1.56971e-05	41.000000	1.56538e-05	41.000000	1.57169e-05	41.000000	1.56911e-05	41.000000	5.96166e-09	
44.000000	1.24883e-05	44.000000	1.48363e-05	44.000000	1.47952e-05	44.000000	1.4843e-05	44.000000	1.48307e-05	44.000000	5.59003e-09	
47.000000	1.18557e-05	47.000000	1.40763e-05	47.000000	1.4037e-05	47.000000	1.40731e-05	47.000000	1.40711e-05	47.000000	5.26369e-09	
50.000000	1.1293e-05	50.000000	1.34003e-05	50.000000	1.33629e-05	50.000000	1.33893e-05	50.000000	1.33953e-05	50.000000	4.97474e-09	
55.000000	1.0481e-05	55.000000	1.24251e-05	55.000000	1.23901e-05	55.000000	1.24047e-05	55.000000	1.24206e-05	55.000000	4.56012e-09	
60.000000	9.79428e-06	60.000000	1.1601e-05	60.000000	1.157e-05 	60.000000	1.15742e-05	60.000000	1.15968e-05	60.000000	4.21159e-09	
65.000000	9.20537e-06	65.000000	1.08951e-05	65.000000	1.08667e-05	65.000000	1.08638e-05	65.000000	1.08911e-05	65.000000	3.91436e-09	
70.000000	8.69441e-06	70.000000	1.02834e-05	70.000000	1.02566e-05	70.000000	1.02489e-05	70.000000	1.02797e-05	70.000000	3.65775e-09	
75.000000	8.24663e-06	75.000000	9.74813e-06	75.000000	9.7238e-06	75.000000	9.71129e-06	75.000000	9.74469e-06	75.000000	3.43388e-09	
80.000000	7.85076e-06	80.000000	9.27568e-06	80.000000	9.25276e-06	80.000000	9.23713e-06	80.000000	9.27244e-06	80.000000	3.23677e-09	
85.000000	7.49809e-06	85.000000	8.85549e-06	85.000000	8.83388e-06	85.000000	8.81571e-06	85.000000	8.85243e-06	85.000000	3.06186e-09	
90.000000	7.18179e-06	90.000000	8.47928e-06	90.000000	8.45896e-06	90.000000	8.4386e-06	90.000000	8.47638e-06	90.000000	2.90555e-09	
95.000000	6.89639e-06	95.000000	8.14043e-06	95.000000	8.12135e-06	95.000000	8.09911e-06	95.000000	8.13766e-06	95.000000	2.76498e-09	
100.000000	6.63746e-06	100.000000	7.83358e-06	100.000000	7.81569e-06	100.000000	7.79182e-06	100.000000	7.83094e-06	100.000000	2.63787e-09	
105.000000	6.40142e-06	105.000000	7.55437e-06	105.000000	7.53771e-06	105.000000	7.51234e-06	105.000000	7.55185e-06	105.000000	2.52235e-09	
110.000000	6.18529e-06	110.000000	7.2992e-06	110.000000	7.2829e-06	110.000000	7.25701e-06	110.000000	7.29678e-06	110.000000	2.41688e-09	
115.000000	5.9866e-06	115.000000	7.06505e-06	115.000000	7.04966e-06	115.000000	7.02282e-06	115.000000	7.06273e-06	115.000000	2.32019e-09	
120.000000	5.80326e-06	120.000000	6.84943e-06	120.000000	6.83488e-06	120.000000	6.80724e-06	120.000000	6.8472e-06	120.000000	2.23121e-09	
125.000000	5.63353e-06	125.000000	6.65019e-06	125.000000	6.6359e-06	125.000000	6.60811e-06	125.000000	6.64804e-06	125.000000	2.14906e-09	
130.000000	5.4759e-06	130.000000	6.46553e-06	130.000000	6.45168e-06	130.000000	6.42362e-06	130.000000	6.46346e-06	130.000000	2.07295e-09	
135.000000	5.32909e-06	135.000000	6.29389e-06	135.000000	6.28103e-06	135.000000	6.2522e-06	135.000000	6.29188e-06	135.000000	2.00224e-09	
140.000000	5.19201e-06	140.000000	6.13393e-06	140.000000	6.12177e-06	140.000000	6.09251e-06	140.000000	6.13199e-06	140.000000	1.93638e-09	
145.000000	5.06368e-06	145.000000	5.98449e-06	145.000000	5.97269e-06	145.000000	5.94337e-06	145.000000	5.98261e-06	145.000000	1.87486e-09	
150.000000	4.94328e-06	150.000000	5.84456e-06	150.000000	5.83322e-06	150.000000	5.80378e-06	150.000000	5.84274e-06	150.000000	1.81727e-09	
155.000000	4.77368e-06	155.000000	5.71326e-06	155.000000	5.70239e-06	155.000000	5.67284e-06	155.000000	5.7115e-06	155.000000	1.76324e-09	
160.000000	4.6743e-06	160.000000	5.58981e-06	160.000000	5.57941e-06	160.000000	5.54978e-06	160.000000	5.5881e-06	160.000000	1.71245e-09	
165.000000	4.58058e-06	165.000000	5.47352e-06	165.000000	5.4636e-06	165.000000	5.4339e-06	165.000000	5.47186e-06	165.000000	1.66461e-09	
170.000000	4.49204e-06	170.000000	5.36379e-06	170.000000	5.35435e-06	170.000000	5.3246e-06	170.000000	5.36217e-06	170.000000	1.61946e-09	
175.000000	4.40825e-06	175.000000	5.26007e-06	175.000000	5.25113e-06	175.000000	5.22133e-06	175.000000	5.2585e-06	175.000000	1.57679e-09	
180.000000	4.32884e-06	180.000000	5.16189e-06	180.000000	5.15344e-06	180.000000	5.1236e-06	180.000000	5.16035e-06	180.000000	1.53638e-09	
185.000000	4.25348e-06	185.000000	5.0688e-06	185.000000	5.06084e-06	185.000000	5.03099e-06	185.000000	5.06731e-06	185.000000	1.49808e-09	
190.000000	4.18184e-06	190.000000	4.98043e-06	190.000000	4.97296e-06	190.000000	4.94311e-06	190.000000	4.97897e-06	190.000000	1.4617e-09	
195.000000	4.11367e-06	195.000000	4.89642e-06	195.000000	4.8895e-06	195.000000	4.85959e-06	195.000000	4.895e-06 	195.000000	1.42711e-09	
200.000000	4.04871e-06	200.000000	4.81646e-06	200.000000	4.81008e-06	200.000000	4.78014e-06	200.000000	4.81507e-06	200.000000	1.39418e-09	
210.000000	3.92756e-06	210.000000	4.66757e-06	210.000000	4.66173e-06	210.000000	4.63227e-06	210.000000	4.66624e-06	210.000000	1.33284e-09	
220.000000	3.81682e-06	220.000000	4.53178e-06	220.000000	4.52688e-06	220.000000	4.49753e-06	220.000000	4.5305e-06	220.000000	1.27685e-09	
230.000000	3.7152e-06	230.000000	4.40742e-06	230.000000	4.40359e-06	230.000000	4.37425e-06	230.000000	4.4062e-06	230.000000	1.22553e-09	
240.000000	3.62162e-06	240.000000	4.29313e-06	240.000000	4.29041e-06	240.000000	4.26104e-06	240.000000	4.29195e-06	240.000000	1.17831e-09	
250.000000	3.53514e-06	250.000000	4.18774e-06	250.000000	4.18579e-06	250.000000	4.15674e-06	250.000000	4.1866e-06	250.000000	1.13473e-09	
260.000000	3.45499e-06	260.000000	4.09025e-06	260.000000	4.08908e-06	260.000000	4.06035e-06	260.000000	4.08915e-06	260.000000	1.09436e-09	
270.000000	3.38049e-06	270.000000	3.99981e-06	270.000000	3.99979e-06	270.000000	3.97101e-06	270.000000	3.99876e-06	270.000000	1.05686e-09	
280.000000	3.31107e-06	280.000000	3.9157e-06	280.000000	3.91672e-06	280.000000	3.888e-06 	280.000000	3.91468e-06	280.000000	1.02194e-09	
290.000000	3.24623e-06	290.000000	3.83728e-06	290.000000	3.83903e-06	290.000000	3.81068e-06	290.000000	3.83629e-06	290.000000	9.89325e-10	
300.000000	3.18553e-06	300.000000	3.76401e-06	300.000000	3.76668e-06	300.000000	3.73849e-06	300.000000	3.76305e-06	300.000000	9.58801e-10	
310.000000	3.12858e-06	310.000000	3.69539e-06	310.000000	3.69908e-06	310.000000	3.67096e-06	310.000000	3.69446e-06	310.000000	9.30169e-10	
320.000000	3.07506e-06	320.000000	3.63101e-06	320.000000	3.63545e-06	320.000000	3.60765e-06	320.000000	3.6301e-06	320.000000	9.03255e-10	
330.000000	3.02466e-06	330.000000	3.57049e-06	330.000000	3.57583e-06	330.000000	3.5482e-06	330.000000	3.56961e-06	330.000000	8.77908e-10	
340.000000	2.97713e-06	340.000000	3.5135e-06	340.000000	3.51991e-06	340.000000	3.49228e-06	340.000000	3.51265e-06	340.000000	8.53994e-10	
350.000000	2.93222e-06	350.000000	3.45976e-06	350.000000	3.46721e-06	350.000000	3.43958e-06	350.000000	3.45893e-06	350.000000	8.31392e-10	
360.000000	2.88974e-06	360.000000	3.409e-06 	360.000000	3.41729e-06	360.000000	3.38985e-06	360.000000	3.40819e-06	360.000000	8.09997e-10	
370.000000	2.84949e-06	370.000000	3.36098e-06	370.000000	3.37002e-06	370.000000	3.34285e-06	370.000000	3.36019e-06	370.000000	7.89713e-10	
380.000000	2.81131e-06	380.000000	3.3155e-06	380.000000	3.32546e-06	380.000000	3.29838e-06	380.000000	3.31473e-06	380.000000	7.70455e-10	
390.000000	2.77504e-06	390.000000	3.27236e-06	390.000000	3.28329e-06	390.000000	3.25624e-06	390.000000	3.27161e-06	390.000000	7.52146e-10	
400.000000	2.74054e-06	400.000000	3.2314e-06	400.000000	3.24312e-06	400.000000	3.21626e-06	400.000000	3.23066e-06	400.000000	7.34717e-10	
410.000000	2.70771e-06	410.000000	3.19245e-06	410.000000	3.20492e-06	410.000000	3.17828e-06	410.000000	3.19174e-06	410.000000	7.18104e-10	
420.000000	2.67641e-06	420.000000	3.1554e-06	420.000000	3.16867e-06	420.000000	3.14217e-06	420.000000	3.15469e-06	420.000000	7.02252e-10	
430.000000	2.64655e-06	430.000000	3.12009e-06	430.000000	3.13423e-06	430.000000	3.1078e-06	430.000000	3.1194e-06	430.000000	6.87109e-10	
440.000000	2.61804e-06	440.000000	3.08642e-06	440.000000	3.10139e-06	440.000000	3.07506e-06	440.000000	3.08575e-06	440.000000	6.72627e-10	
450.000000	2.59079e-06	450.000000	3.05428e-06	450.000000	3.07002e-06	450.000000	3.04383e-06	450.000000	3.05363e-06	450.000000	6.58764e-10	
460.000000	2.56472e-06	460.000000	3.02358e-06	460.000000	3.04002e-06	460.000000	3.01402e-06	460.000000	3.02294e-06	460.000000	6.45481e-10	
470.000000	2.53977e-06	470.000000	2.99423e-06	470.000000	3.01136e-06	470.000000	2.98554e-06	470.000000	2.9936e-06	470.000000	6.32741e-10	
480.000000	2.51586e-06	480.000000	2.96614e-06	480.000000	2.98403e-06	480.000000	2.95831e-06	480.000000	2.96552e-06	480.000000	6.20511e-10	
490.000000	2.49293e-06	490.000000	2.93924e-06	490.000000	2.95796e-06	490.000000	2.93225e-06	490.000000	2.93863e-06	490.000000	6.08761e-10	
500.000000	2.47093e-06	500.000000	2.91346e-06	500.000000	2.93297e-06	500.000000	2.90729e-06	500.000000	2.91286e-06	500.000000	5.97463e-10	
520.000000	2.42951e-06	520.000000	2.865e-06 	520.000000	2.88584e-06	520.000000	2.86045e-06	520.000000	2.86443e-06	520.000000	5.76121e-10	
540.000000	2.39123e-06	540.000000	2.82032e-06	540.000000	2.84254e-06	540.000000	2.81731e-06	540.000000	2.81976e-06	540.000000	5.56301e-10	
560.000000	2.35577e-06	560.000000	2.77902e-06	560.000000	2.80267e-06	560.000000	2.77748e-06	560.000000	2.77848e-06	560.000000	5.37843e-10	
580.000000	2.32286e-06	580.000000	2.74076e-06	580.000000	2.76559e-06	580.000000	2.74063e-06	580.000000	2.74024e-06	580.000000	5.20611e-10	
600.000000	2.29224e-06	600.000000	2.70524e-06	600.000000	2.73114e-06	600.000000	2.70646e-06	600.000000	2.70473e-06	600.000000	5.04484e-10	
620.000000	2.26371e-06	620.000000	2.6722e-06	620.000000	2.69922e-06	620.000000	2.67472e-06	620.000000	2.67171e-06	620.000000	4.89358e-10	
640.000000	2.23709e-06	640.000000	2.64143e-06	640.000000	2.66963e-06	640.000000	2.64517e-06	640.000000	2.64095e-06	640.000000	4.75143e-10	
660.000000	2.2122e-06	660.000000	2.61271e-06	660.000000	2.64201e-06	660.000000	2.61762e-06	660.000000	2.61225e-06	660.000000	4.61757e-10	
680.000000	2.18891e-06	680.000000	2.58587e-06	680.000000	2.61609e-06	680.000000	2.59189e-06	680.000000	2.58542e-06	680.000000	4.49129e-10	
700.000000	2.16709e-06	700.000000	2.56076e-06	700.000000	2.59188e-06	700.000000	2.56782e-06	700.000000	2.56032e-06	700.000000	4.37196e-10	
720.000000	2.14661e-06	720.000000	2.53723e-06	720.000000	2.5693e-06	720.000000	2.54528e-06	720.000000	2.53681e-06	720.000000	4.25901e-10	
740.000000	2.12738e-06	740.000000	2.51517e-06	740.000000	2.54813e-06	740.000000	2.52415e-06	740.000000	2.51475e-06	740.000000	4.15194e-10	
760.000000	2.1093e-06	760.000000	2.49445e-06	760.000000	2.52817e-06	760.000000	2.5043e-06	760.000000	2.49404e-06	760.000000	4.0503e-10	
780.000000	2.09229e-06	780.000000	2.47497e-06	780.000000	2.50935e-06	780.000000	2.48564e-06	780.000000	2.47457e-06	780.000000	3.95368e-10	
800.000000	2.07628e-06	800.000000	2.45665e-06	800.000000	2.49163e-06	800.000000	2.46808e-06	800.000000	2.45626e-06	800.000000	3.86171e-10	
820.000000	2.06118e-06	820.000000	2.4394e-06	820.000000	2.47496e-06	820.000000	2.45154e-06	820.000000	2.43902e-06	820.000000	3.77406e-10	
840.000000	2.04695e-06	840.000000	2.42315e-06	840.000000	2.45928e-06	840.000000	2.43595e-06	840.000000	2.42278e-06	840.000000	3.69043e-10	
860.000000	2.03353e-06	860.000000	2.40783e-06	860.000000	2.44454e-06	860.000000	2.42123e-06	860.000000	2.40747e-06	860.000000	3.61054e-10	
880.000000	2.02086e-06	880.000000	2.39338e-06	880.000000	2.43062e-06	880.000000	2.40733e-06	880.000000	2.39302e-06	880.000000	3.53416e-10	
900.000000	2.00889e-06	900.000000	2.37973e-06	900.000000	2.41744e-06	900.000000	2.39419e-06	900.000000	2.37939e-06	900.000000	3.46104e-10	
920.000000	1.99759e-06	920.000000	2.36685e-06	920.000000	2.40492e-06	920.000000	2.38176e-06	920.000000	2.36651e-06	920.000000	3.39099e-10	
940.000000	1.98691e-06	940.000000	2.35468e-06	940.000000	2.39305e-06	940.000000	2.36999e-06	940.000000	2.35435e-06	940.000000	3.32381e-10	
960.000000	1.97681e-06	960.000000	2.34318e-06	960.000000	2.38179e-06	960.000000	2.35884e-06	960.000000	2.34285e-06	960.000000	3.25932e-10	
980.000000	1.96727e-06	980.000000	2.3323e-06	980.000000	2.37112e-06	980.000000	2.34828e-06	980.000000	2.33198e-06	980.000000	3.19738e-10	
1000.000000	1.95825e-06	1000.000000	2.32202e-06	1000.000000	2.36101e-06	1000.000000	2.33826e-06	1000.000000	2.32171e-06	1000.000000	3.13781e-10	
1020.000000	1.94972e-06	1020.000000	2.3123e-06	1020.000000	2.35143e-06	1020.000000	2.32875e-06	1020.000000	2.31199e-06	1020.000000	3.0805e-10	
1040.000000	1.94166e-06	1040.000000	2.3031e-06	1040.000000	2.34237e-06	1040.000000	2.31973e-06	1040.000000	2.3028e-06	1040.000000	3.02532e-10	
1060.000000	1.93403e-06	1060.000000	2.2944e-06	1060.000000	2.33378e-06	1060.000000	2.31115e-06	1060.000000	2.2941e-06	1060.000000	2.97214e-10	
1080.000000	1.92683e-06	1080.000000	2.28617e-06	1080.000000	2.32563e-06	1080.000000	2.30301e-06	1080.000000	2.28587e-06	1080.000000	2.92086e-10	
1100.000000	1.92002e-06	1100.000000	2.27838e-06	1100.000000	2.31787e-06	1100.000000	2.29526e-06	1100.000000	2.27809e-06	1100.000000	2.87137e-10	
1120.000000	1.91359e-06	1120.000000	2.27101e-06	1120.000000	2.31047e-06	1120.000000	2.2879e-06	1120.000000	2.27073e-06	1120.000000	2.82359e-10	
1140.000000	1.90752e-06	1140.000000	2.26405e-06	1140.000000	2.30341e-06	1140.000000	2.2809e-06	1140.000000	2.26377e-06	1140.000000	2.77742e-10	
1160.000000	1.90178e-06	1160.000000	2.25746e-06	1160.000000	2.29669e-06	1160.000000	2.27423e-06	1160.000000	2.25719e-06	1160.000000	2.73279e-10	
1180.000000	1.89638e-06	1180.000000	2.25124e-06	1180.000000	2.29027e-06	1180.000000	2.26789e-06	1180.000000	2.25097e-06	1180.000000	2.68962e-10	
1200.000000	1.89128e-06	1200.000000	2.24535e-06	1200.000000	2.28416e-06	1200.000000	2.26185e-06	1200.000000	2.24509e-06	1200.000000	2.64783e-10	
1220.000000	1.88647e-06	1220.000000	2.2398e-06	1220.000000	2.27835e-06	1220.000000	2.2561e-06	1220.000000	2.23953e-06	1220.000000	2.60737e-10	
1240.000000	1.88195e-06	1240.000000	2.23455e-06	1240.000000	2.27281e-06	1240.000000	2.25062e-06	1240.000000	2.23429e-06	1240.000000	2.56816e-10	
1260.000000	1.8777e-06	1260.000000	2.2296e-06	1260.000000	2.26753e-06	1260.000000	2.2454e-06	1260.000000	2.22935e-06	1260.000000	2.53015e-10	
1280.000000	1.8737e-06	1280.000000	2.22493e-06	1280.000000	2.26251e-06	1280.000000	2.24043e-06	1280.000000	2.22468e-06	1280.000000	2.49329e-10	
1300.000000	1.86996e-06	1300.000000	2.22054e-06	1300.000000	2.25773e-06	1300.000000	2.23569e-06	1300.000000	2.22029e-06	1300.000000	2.45752e-10	
1320.000000	1.86644e-06	1320.000000	2.2164e-06	1320.000000	2.25318e-06	1320.000000	2.23118e-06	1320.000000	2.21615e-06	1320.000000	2.4228e-10	
1340.000000	1.86316e-06	1340.000000	2.2125e-06	1340.000000	2.24885e-06	1340.000000	2.22687e-06	1340.000000	2.21226e-06	1340.000000	2.38907e-10	
1360.000000	1.86009e-06	1360.000000	2.20884e-06	1360.000000	2.24472e-06	1360.000000	2.22277e-06	1360.000000	2.20861e-06	1360.000000	2.35631e-10	
1380.000000	1.85723e-06	1380.000000	2.20541e-06	1380.000000	2.24079e-06	1380.000000	2.21886e-06	1380.000000	2.20518e-06	1380.000000	2.32445e-10	
1400.000000	1.85456e-06	1400.000000	2.2022e-06	1400.000000	2.23705e-06	1400.000000	2.21514e-06	1400.000000	2.20197e-06	1400.000000	2.29348e-10	
1420.000000	1.8521e-06	1420.000000	2.19919e-06	1420.000000	2.23347e-06	1420.000000	2.21158e-06	1420.000000	2.19896e-06	1420.000000	2.26335e-10	
1440.000000	1.84981e-06	1440.000000	2.19638e-06	1440.000000	2.23007e-06	1440.000000	2.2082e-06	1440.000000	2.19615e-06	1440.000000	2.23402e-10	
1460.000000	1.8477e-06	1460.000000	2.19376e-06	1460.000000	2.22682e-06	1460.000000	2.20498e-06	1460.000000	2.19354e-06	1460.000000	2.20547e-10	
1480.000000	1.84577e-06	1480.000000	2.19132e-06	1480.000000	2.22373e-06	1480.000000	2.2019e-06	1480.000000	2.1911e-06	1480.000000	2.17766e-10	
1500.000000	1.844e-06 	1500.000000	2.18906e-06	1500.000000	2.22078e-06	1500.000000	2.19898e-06	1500.000000	2.18884e-06	1500.000000	2.15057e-10	
1520.000000	1.84238e-06	1520.000000	2.18697e-06	1520.000000	2.21797e-06	1520.000000	2.19619e-06	1520.000000	2.18675e-06	1520.000000	2.12416e-10	
1540.000000	1.84093e-06	1540.000000	2.18504e-06	1540.000000	2.21528e-06	1540.000000	2.19353e-06	1540.000000	2.18483e-06	1540.000000	2.09842e-10	
1560.000000	1.83961e-06	1560.000000	2.18326e-06	1560.000000	2.21273e-06	1560.000000	2.19101e-06	1560.000000	2.18305e-06	1560.000000	2.07331e-10	
1580.000000	1.83844e-06	1580.000000	2.18164e-06	1580.000000	2.2103e-06	1580.000000	2.1886e-06	1580.000000	2.18143e-06	1580.000000	2.04882e-10	
1600.000000	1.83741e-06	1600.000000	2.18016e-06	1600.000000	2.20798e-06	1600.000000	2.18631e-06	1600.000000	2.17996e-06	1600.000000	2.02491e-10	
1620.000000	1.83651e-06	1620.000000	2.17882e-06	1620.000000	2.20578e-06	1620.000000	2.18413e-06	1620.000000	2.17862e-06	1620.000000	2.00158e-10	
1640.000000	1.83574e-06	1640.000000	2.17762e-06	1640.000000	2.20368e-06	1640.000000	2.18206e-06	1640.000000	2.17742e-06	1640.000000	1.9788e-10	
1660.000000	1.8351e-06	1660.000000	2.17654e-06	1660.000000	2.20169e-06	1660.000000	2.1801e-06	1660.000000	2.17634e-06	1660.000000	1.95654e-10	
1680.000000	1.83457e-06	1680.000000	2.17559e-06	1680.000000	2.19979e-06	1680.000000	2.17823e-06	1680.000000	2.1754e-06	1680.000000	1.9348e-10	
1700.000000	1.83416e-06	1700.000000	2.17476e-06	1700.000000	2.19799e-06	1700.000000	2.17646e-06	1700.000000	2.17457e-06	1700.000000	1.91355e-10	
1750.000000	1.83362e-06	1750.000000	2.17319e-06	1750.000000	2.19388e-06	1750.000000	2.17241e-06	1750.000000	2.173e-06 	1750.000000	1.86247e-10	
1800.000000	1.83373e-06	1800.000000	2.17228e-06	1800.000000	2.19029e-06	1800.000000	2.16889e-06	1800.000000	2.1721e-06	1800.000000	1.81413e-10	
1850.000000	1.83444e-06	1850.000000	2.17199e-06	1850.000000	2.18716e-06	1850.000000	2.16583e-06	1850.000000	2.17181e-06	1850.000000	1.76832e-10	
1900.000000	1.83571e-06	1900.000000	2.17227e-06	1900.000000	2.18447e-06	1900.000000	2.16319e-06	1900.000000	2.17209e-06	1900.000000	1.72483e-10	
1950.000000	1.83751e-06	1950.000000	2.17306e-06	1950.000000	2.18216e-06	1950.000000	2.16094e-06	1950.000000	2.1729e-06	1950.000000	1.6835e-10	
2000.000000	1.83979e-06	2000.000000	2.17435e-06	2000.000000	2.18022e-06	2000.000000	2.15903e-06	2000.000000	2.17418e-06	2000.000000	1.64416e-10	
2100.000000	1.84568e-06	2100.000000	2.17823e-06	2100.000000	2.17728e-06	2100.000000	2.15616e-06	2100.000000	2.17807e-06	2100.000000	1.57091e-10	
2200.000000	1.85317e-06	2200.000000	2.18366e-06	2200.000000	2.17544e-06	2200.000000	2.15437e-06	2200.000000	2.18351e-06	2200.000000	1.50409e-10	
2300.000000	1.86207e-06	2300.000000	2.19044e-06	2300.000000	2.1745e-06	2300.000000	2.15347e-06	2300.000000	2.1903e-06	2300.000000	1.4429e-10	
2400.000000	1.87223e-06	2400.000000	2.1984e-06	2400.000000	2.17433e-06	2400.000000	2.15333e-06	2400.000000	2.19826e-06	2400.000000	1.38662e-10	
2500.000000	1.88352e-06	2500.000000	2.2074e-06	2500.000000	2.1748e-06	2500.000000	2.15384e-06	2500.000000	2.20727e-06	2500.000000	1.33471e-10	
2600.000000	1.89583e-06	2600.000000	2.21732e-06	2600.000000	2.17582e-06	2600.000000	2.15489e-06	2600.000000	2.21719e-06	2600.000000	1.28665e-10	
2700.000000	1.90906e-06	2700.000000	2.22806e-06	2700.000000	2.1773e-06	2700.000000	2.1564e-06	2700.000000	2.22793e-06	2700.000000	1.24203e-10	
2800.000000	1.92313e-06	2800.000000	2.23952e-06	2800.000000	2.17917e-06	2800.000000	2.15831e-06	2800.000000	2.2394e-06	2800.000000	1.20049e-10	
2900.000000	1.93797e-06	2900.000000	2.25162e-06	2900.000000	2.18138e-06	2900.000000	2.16056e-06	2900.000000	2.25151e-06	2900.000000	1.16172e-10	
3000.000000	1.95351e-06	3000.000000	2.26432e-06	3000.000000	2.18388e-06	3000.000000	2.16309e-06	3000.000000	2.2642e-06	3000.000000	1.12545e-10	
3200.000000	1.98651e-06	3200.000000	2.29123e-06	3200.000000	2.18959e-06	3200.000000	2.16887e-06	3200.000000	2.29112e-06	3200.000000	1.05949e-10	
3400.000000	2.02176e-06	3400.000000	2.31986e-06	3400.000000	2.19603e-06	3400.000000	2.17537e-06	3400.000000	2.31976e-06	3400.000000	1.00104e-10	
3600.000000	2.05897e-06	3600.000000	2.34993e-06	3600.000000	2.203e-06 	3600.000000	2.18239e-06	3600.000000	2.34984e-06	3600.000000	9.48871e-11	
3800.000000	2.09792e-06	3800.000000	2.38119e-06	3800.000000	2.21035e-06	3800.000000	2.18978e-06	3800.000000	2.3811e-06	3800.000000	9.0202e-11	
4000.000000	2.13844e-06	4000.000000	2.41346e-06	4000.000000	2.21796e-06	4000.000000	2.19743e-06	4000.000000	2.41337e-06	4000.000000	8.59703e-11	
4200.000000	2.18036e-06	4200.000000	2.44658e-06	4200.000000	2.22575e-06	4200.000000	2.20526e-06	4200.000000	2.4465e-06	4200.000000	8.21287e-11	
4400.000000	2.22357e-06	4400.000000	2.48043e-06	4400.000000	2.23364e-06	4400.000000	2.21319e-06	4400.000000	2.48035e-06	4400.000000	7.86251e-11	
4600.000000	2.26796e-06	4600.000000	2.51491e-06	4600.000000	2.2416e-06	4600.000000	2.22118e-06	4600.000000	2.51484e-06	4600.000000	7.54165e-11	
4800.000000	2.31345e-06	4800.000000	2.54993e-06	4800.000000	2.24957e-06	4800.000000	2.22918e-06	4800.000000	2.54986e-06	4800.000000	7.24666e-11	
5000.000000	2.35996e-06	5000.000000	2.58543e-06	5000.000000	2.25752e-06	5000.000000	2.23716e-06	5000.000000	2.58536e-06	5000.000000	6.97452e-11	
5250.000000	2.41945e-06	5250.000000	2.63036e-06	5250.000000	2.26742e-06	5250.000000	2.24709e-06	5250.000000	2.6303e-06	5250.000000	6.66258e-11	
5500.000000	2.48035e-06	5500.000000	2.67584e-06	5500.000000	2.27721e-06	5500.000000	2.25692e-06	5500.000000	2.67578e-06	5500.000000	6.3781e-11	
6000.000000	2.60604e-06	6000.000000	2.76813e-06	6000.000000	2.29643e-06	6000.000000	2.2762e-06	6000.000000	2.76807e-06	6000.000000	5.87808e-11	
6500.000000	2.73651e-06	6500.000000	2.86177e-06	6500.000000	2.31507e-06	6500.000000	2.29489e-06	6500.000000	2.86172e-06	6500.000000	5.45266e-11	
7000.000000	2.87137e-06	7000.000000	2.95644e-06	7000.000000	2.33307e-06	7000.000000	2.31292e-06	7000.000000	2.95639e-06	7000.000000	5.08617e-11	
7500.000000	3.01034e-06	7500.000000	3.05186e-06	7500.000000	2.35041e-06	7500.000000	2.33029e-06	7500.000000	3.05182e-06	7500.000000	4.76706e-11	
8000.000000	3.15323e-06	8000.000000	3.14786e-06	8000.000000	2.36711e-06	8000.000000	2.34701e-06	8000.000000	3.14782e-06	8000.000000	4.48664e-11	
8500.000000	3.29985e-06	8500.000000	3.24429e-06	8500.000000	2.38315e-06	8500.000000	2.36309e-06	8500.000000	3.24425e-06	8500.000000	4.2382e-11	
9000.000000	3.45009e-06	9000.000000	3.34105e-06	9000.000000	2.39855e-06	9000.000000	2.37857e-06	9000.000000	3.34101e-06	9000.000000	4.01654e-11	
9500.000000	3.60385e-06	9500.000000	3.43805e-06	9500.000000	2.41339e-06	9500.000000	2.39346e-06	9500.000000	3.43801e-06	9500.000000	3.8175e-11	
10000.000000	3.76104e-06	10000.000000	3.53523e-06	10000.000000	2.4277e-06	10000.000000	2.40782e-06	10000.000000	3.53519e-06	10000.000000	3.63776e-11	
11000.000000	4.0855e-06	11000.000000	3.72992e-06	11000.000000	2.45482e-06	11000.000000	2.435e-06 	11000.000000	3.72989e-06	11000.000000	3.32587e-11	
12000.000000	4.42308e-06	12000.000000	3.92483e-06	12000.000000	2.48009e-06	12000.000000	2.46035e-06	12000.000000	3.9248e-06	12000.000000	3.06446e-11	
13000.000000	4.77353e-06	13000.000000	4.11978e-06	13000.000000	2.5037e-06	13000.000000	2.48407e-06	13000.000000	4.11975e-06	13000.000000	2.8421e-11	
14000.000000	5.13669e-06	14000.000000	4.31462e-06	14000.000000	2.52585e-06	14000.000000	2.50633e-06	14000.000000	4.3146e-06	14000.000000	2.65058e-11	
15000.000000	5.51244e-06	15000.000000	4.50929e-06	15000.000000	2.54671e-06	15000.000000	2.52731e-06	15000.000000	4.50926e-06	15000.000000	2.48386e-11	
16000.000000	5.90071e-06	16000.000000	4.70372e-06	16000.000000	2.56639e-06	16000.000000	2.54712e-06	16000.000000	4.70369e-06	16000.000000	2.33738e-11	
17000.000000	6.30145e-06	17000.000000	4.89787e-06	17000.000000	2.58503e-06	17000.000000	2.56589e-06	17000.000000	4.89785e-06	17000.000000	2.20763e-11	
18000.000000	6.71464e-06	18000.000000	5.09173e-06	18000.000000	2.60271e-06	18000.000000	2.58371e-06	18000.000000	5.09171e-06	18000.000000	2.09188e-11	
19000.000000	7.14029e-06	19000.000000	5.28528e-06	19000.000000	2.61954e-06	19000.000000	2.60067e-06	19000.000000	5.28526e-06	19000.000000	1.98796e-11	
20000.000000	7.57839e-06	20000.000000	5.47851e-06	20000.000000	2.6356e-06	20000.000000	2.61686e-06	20000.000000	5.47849e-06	20000.000000	1.89413e-11	
21000.000000	8.02896e-06	21000.000000	5.67141e-06	21000.000000	2.65095e-06	21000.000000	2.63232e-06	21000.000000	5.67139e-06	21000.000000	1.80898e-11	
22000.000000	8.49204e-06	22000.000000	5.86399e-06	22000.000000	2.66564e-06	22000.000000	2.64714e-06	22000.000000	5.86397e-06	22000.000000	1.73134e-11	
23000.000000	8.96764e-06	23000.000000	6.05624e-06	23000.000000	2.67965e-06	23000.000000	2.66134e-06	23000.000000	6.05623e-06	23000.000000	1.66026e-11	
24000.000000	9.45582e-06	24000.000000	6.24818e-06	24000.000000	2.69309e-06	24000.000000	2.67499e-06	24000.000000	6.24816e-06	24000.000000	1.59494e-11	
25000.000000	9.95661e-06	25000.000000	6.4398e-06	25000.000000	2.70607e-06	25000.000000	2.68813e-06	25000.000000	6.43978e-06	25000.000000	1.53468e-11	
26000.000000	1.04701e-05	26000.000000	6.63111e-06	26000.000000	2.71857e-06	26000.000000	2.70078e-06	26000.000000	6.63109e-06	26000.000000	1.47893e-11	
27000.000000	1.09962e-05	27000.000000	6.82211e-06	27000.000000	2.73059e-06	27000.000000	2.71299e-06	27000.000000	6.8221e-06	27000.000000	1.42719e-11	
28000.000000	1.15351e-05	28000.000000	7.01282e-06	28000.000000	2.74218e-06	28000.000000	2.72479e-06	28000.000000	7.01281e-06	28000.000000	1.37904e-11	
29000.000000	1.20869e-05	29000.000000	7.20323e-06	29000.000000	2.75337e-06	29000.000000	2.73619e-06	29000.000000	7.20322e-06	29000.000000	1.33412e-11	
30000.000000	1.26515e-05	30000.000000	7.39336e-06	30000.000000	2.7642e-06	30000.000000	2.74723e-06	30000.000000	7.39335e-06	30000.000000	1.2921e-11	
32000.000000	1.38195e-05	32000.000000	7.77278e-06	32000.000000	2.78487e-06	32000.000000	2.7683e-06	32000.000000	7.77277e-06	32000.000000	1.21572e-11	
34000.000000	1.50398e-05	34000.000000	8.15113e-06	34000.000000	2.80432e-06	34000.000000	2.78816e-06	34000.000000	8.15112e-06	34000.000000	1.14808e-11	
36000.000000	1.63128e-05	36000.000000	8.52845e-06	36000.000000	2.82263e-06	36000.000000	2.80693e-06	36000.000000	8.52844e-06	36000.000000	1.08774e-11	
38000.000000	1.76391e-05	38000.000000	8.9048e-06	38000.000000	2.8399e-06	38000.000000	2.82474e-06	38000.000000	8.90479e-06	38000.000000	1.03358e-11	
40000.000000	1.90191e-05	40000.000000	9.28022e-06	40000.000000	2.85624e-06	40000.000000	2.84166e-06	40000.000000	9.28021e-06	40000.000000	9.84689e-12	
42000.000000	2.04536e-05	42000.000000	9.65473e-06	42000.000000	2.87179e-06	42000.000000	2.85779e-06	42000.000000	9.65472e-06	42000.000000	9.40322e-12	
44000.000000	2.19429e-05	44000.000000	1.00284e-05	44000.000000	2.88662e-06	44000.000000	2.87319e-06	44000.000000	1.00284e-05	44000.000000	8.99875e-12	
46000.000000	2.34877e-05	46000.000000	1.04012e-05	46000.000000	2.90081e-06	46000.000000	2.88794e-06	46000.000000	1.04012e-05	46000.000000	8.62849e-12	
48000.000000	2.50885e-05	48000.000000	1.07733e-05	48000.000000	2.91441e-06	48000.000000	2.90207e-06	48000.000000	1.07733e-05	48000.000000	8.28822e-12	
50000.000000	2.67461e-05	50000.000000	1.11446e-05	50000.000000	2.92741e-06	50000.000000	2.91564e-06	50000.000000	1.11446e-05	50000.000000	7.97441e-12	
