*Energy (MeV/u)1	0 - [He-base] F.Hubert et al, AD&ND Tables 46(1990)1	Energy (MeV/u)2	1 - [H -base] J.F.Ziegler et al, Pergamon Press, NY (low energy)	Energy (MeV/u)3	2 - ATIMA 1.2  LS-theory (recommended for high energy)	Energy (MeV/u)4	3 - ATIMA 1.2  without LS-correction	Energy (MeV/u)5	4 - electrical component of [1] - J.F.Ziegler et al	Energy (MeV/u)6	5 - nuclear component of [1] - J.F.Ziegler et al	
0.001000	8.61598e-06	0.001000	8.99989e-06	0.001000	9.15068e-06	0.001000	9.15068e-06	0.001000	2.59369e-06	0.001000	6.40619e-06	
0.002000	8.75003e-06	0.002000	8.20904e-06	0.002000	8.72664e-06	0.002000	8.72664e-06	0.002000	3.36361e-06	0.002000	4.84544e-06	
0.005000	9.55474e-06	0.005000	7.71203e-06	0.005000	9.10586e-06	0.005000	9.10586e-06	0.005000	4.74278e-06	0.005000	2.96925e-06	
0.008000	1.04198e-05	0.008000	7.8714e-06	0.008000	9.97675e-06	0.008000	9.97675e-06	0.008000	5.65689e-06	0.008000	2.21451e-06	
0.010000	1.09609e-05	0.010000	8.06185e-06	0.010000	1.05897e-05	0.010000	1.05897e-05	0.010000	6.15062e-06	0.010000	1.91123e-06	
0.015000	1.29135e-05	0.015000	8.60654e-06	0.015000	1.20747e-05	0.015000	1.20747e-05	0.015000	7.16066e-06	0.015000	1.44588e-06	
0.020000	1.48037e-05	0.020000	9.1427e-06	0.020000	1.34394e-05	0.020000	1.34394e-05	0.020000	7.97637e-06	0.020000	1.16633e-06	
0.025000	1.69657e-05	0.025000	9.74785e-06	0.025000	1.47185e-05	0.025000	1.47185e-05	0.025000	8.75745e-06	0.025000	9.90392e-07	
0.030000	1.89486e-05	0.030000	1.21461e-05	0.030000	1.63339e-05	0.030000	1.63339e-05	0.030000	1.12817e-05	0.030000	8.64359e-07	
0.035000	2.0711e-05	0.035000	1.45955e-05	0.035000	1.79421e-05	0.035000	1.79421e-05	0.035000	1.38263e-05	0.035000	7.69166e-07	
0.040000	2.22258e-05	0.040000	1.69718e-05	0.040000	1.95352e-05	0.040000	1.95352e-05	0.040000	1.62774e-05	0.040000	6.94461e-07	
0.045000	2.34648e-05	0.045000	1.92401e-05	0.045000	2.11073e-05	0.045000	2.11073e-05	0.045000	1.8606e-05	0.045000	6.34109e-07	
0.050000	2.42304e-05	0.050000	2.13981e-05	0.050000	2.26538e-05	0.050000	2.26538e-05	0.050000	2.08139e-05	0.050000	5.84232e-07	
0.055000	2.55275e-05	0.055000	2.34571e-05	0.055000	2.41706e-05	0.055000	2.41706e-05	0.055000	2.29149e-05	0.055000	5.4225e-07	
0.060000	2.66752e-05	0.060000	2.5232e-05	0.060000	2.56542e-05	0.060000	2.56542e-05	0.060000	2.47256e-05	0.060000	5.06376e-07	
0.070000	2.85491e-05	0.070000	2.83562e-05	0.070000	2.85111e-05	0.070000	2.85111e-05	0.070000	2.7908e-05	0.070000	4.4818e-07	
0.080000	3.05338e-05	0.080000	3.12552e-05	0.080000	3.12066e-05	0.080000	3.12066e-05	0.080000	3.08524e-05	0.080000	4.02878e-07	
0.090000	3.21631e-05	0.090000	3.39439e-05	0.090000	3.37292e-05	0.090000	3.37292e-05	0.090000	3.35774e-05	0.090000	3.66519e-07	
0.100000	3.34336e-05	0.100000	3.64244e-05	0.100000	3.60726e-05	0.100000	3.60726e-05	0.100000	3.60877e-05	0.100000	3.36634e-07	
0.120000	3.42945e-05	0.120000	4.03736e-05	0.120000	4.02172e-05	0.120000	4.02172e-05	0.120000	4.00833e-05	0.120000	2.90287e-07	
0.140000	3.48747e-05	0.140000	4.34065e-05	0.140000	4.36626e-05	0.140000	4.36626e-05	0.140000	4.31506e-05	0.140000	2.55889e-07	
0.160000	3.53981e-05	0.160000	4.59441e-05	0.160000	4.64663e-05	0.160000	4.64663e-05	0.160000	4.57149e-05	0.160000	2.29263e-07	
0.180000	3.59571e-05	0.180000	4.80625e-05	0.180000	4.87033e-05	0.180000	4.87033e-05	0.180000	4.78545e-05	0.180000	2.07992e-07	
0.200000	3.68397e-05	0.200000	4.99977e-05	0.200000	5.04543e-05	0.200000	5.04543e-05	0.200000	4.98072e-05	0.200000	1.90576e-07	
0.250000	3.78245e-05	0.250000	5.40254e-05	0.250000	5.32025e-05	0.250000	5.32025e-05	0.250000	5.38672e-05	0.250000	1.58194e-07	
0.300000	3.87015e-05	0.300000	5.64395e-05	0.300000	5.43912e-05	0.300000	5.43912e-05	0.300000	5.63038e-05	0.300000	1.35731e-07	
0.350000	3.96488e-05	0.350000	5.80715e-05	0.350000	5.46939e-05	0.350000	5.46939e-05	0.350000	5.79524e-05	0.350000	1.1917e-07	
0.400000	4.04465e-05	0.400000	5.92143e-05	0.400000	5.47405e-05	0.400000	5.47405e-05	0.400000	5.91079e-05	0.400000	1.06418e-07	
0.450000	4.10008e-05	0.450000	5.97684e-05	0.450000	5.50917e-05	0.450000	5.50917e-05	0.450000	5.96721e-05	0.450000	9.62744e-08	
0.500000	4.13546e-05	0.500000	5.99196e-05	0.500000	5.51112e-05	0.500000	5.51112e-05	0.500000	5.98316e-05	0.500000	8.80004e-08	
0.600000	4.03857e-05	0.600000	5.9689e-05	0.600000	5.46027e-05	0.600000	5.46027e-05	0.600000	5.96137e-05	0.600000	7.52853e-08	
0.700000	3.90243e-05	0.700000	5.90205e-05	0.700000	5.37352e-05	0.700000	5.37352e-05	0.700000	5.89545e-05	0.700000	6.59446e-08	
0.800000	3.88644e-05	0.800000	5.79611e-05	0.800000	5.24205e-05	0.800000	5.24205e-05	0.800000	5.79023e-05	0.800000	5.87735e-08	
0.900000	3.84944e-05	0.900000	5.66965e-05	0.900000	5.10724e-05	0.900000	5.10724e-05	0.900000	5.66434e-05	0.900000	5.30837e-08	
1.000000	3.80542e-05	1.000000	5.54245e-05	1.000000	4.97775e-05	1.000000	4.97775e-05	1.000000	5.5376e-05	1.000000	4.8452e-08	
1.250000	3.65385e-05	1.250000	5.22057e-05	1.250000	4.67701e-05	1.250000	4.67701e-05	1.250000	5.21658e-05	1.250000	3.99081e-08	
1.500000	3.46217e-05	1.500000	4.86985e-05	1.500000	4.37082e-05	1.500000	4.37082e-05	1.500000	4.86644e-05	1.500000	3.40374e-08	
1.750000	3.27599e-05	1.750000	4.55289e-05	1.750000	4.11263e-05	1.750000	4.11263e-05	1.750000	4.54992e-05	1.750000	2.97407e-08	
2.000000	3.09894e-05	2.000000	4.26483e-05	2.000000	3.88786e-05	2.000000	3.88786e-05	2.000000	4.26218e-05	2.000000	2.64519e-08	
2.250000	2.94231e-05	2.250000	4.01118e-05	2.250000	3.68859e-05	2.250000	3.68859e-05	2.250000	4.0088e-05	2.250000	2.3849e-08	
2.500000	2.91094e-05	2.500000	3.78277e-05	2.500000	3.50985e-05	2.500000	3.50985e-05	2.500000	3.7806e-05	2.500000	2.17348e-08	
3.000000	2.63904e-05	3.000000	3.39378e-05	3.000000	3.20118e-05	3.000000	3.20118e-05	3.000000	3.39193e-05	3.000000	1.85026e-08	
3.500000	2.4146e-05	3.500000	3.08152e-05	3.500000	2.94326e-05	3.500000	2.94326e-05	3.500000	3.07991e-05	3.500000	1.61423e-08	
4.000000	2.22666e-05	4.000000	2.82119e-05	4.000000	2.72422e-05	4.000000	2.72422e-05	4.000000	2.81975e-05	4.000000	1.43389e-08	
4.500000	2.06713e-05	4.500000	2.60341e-05	4.500000	2.5358e-05	4.500000	2.5358e-05	4.500000	2.60212e-05	4.500000	1.29138e-08	
5.000000	1.93006e-05	5.000000	2.41833e-05	5.000000	2.37199e-05	5.000000	2.37199e-05	5.000000	2.41715e-05	5.000000	1.17578e-08	
5.500000	1.81102e-05	5.500000	2.25867e-05	5.500000	2.22823e-05	5.500000	2.22823e-05	5.500000	2.25759e-05	5.500000	1.08002e-08	
6.000000	1.70665e-05	6.000000	2.11929e-05	6.000000	2.10106e-05	6.000000	2.10106e-05	6.000000	2.11829e-05	6.000000	9.99329e-09	
6.500000	1.61438e-05	6.500000	1.99637e-05	6.500000	1.98775e-05	6.500000	1.98775e-05	6.500000	1.99544e-05	6.500000	9.30366e-09	
7.000000	1.5322e-05	7.000000	1.8871e-05	7.000000	1.88616e-05	7.000000	1.88616e-05	7.000000	1.88622e-05	7.000000	8.70711e-09	
7.500000	1.45853e-05	7.500000	1.78933e-05	7.500000	1.79454e-05	7.500000	1.79454e-05	7.500000	1.78851e-05	7.500000	8.18572e-09	
8.000000	1.39209e-05	8.000000	1.7013e-05	8.000000	1.7115e-05	8.000000	1.7115e-05	8.000000	1.70053e-05	8.000000	7.72593e-09	
8.500000	1.33186e-05	8.500000	1.6216e-05	8.500000	1.63588e-05	8.500000	1.63588e-05	8.500000	1.62086e-05	8.500000	7.31727e-09	
9.000000	1.277e-05 	9.000000	1.54908e-05	9.000000	1.56673e-05	9.000000	1.56673e-05	9.000000	1.54838e-05	9.000000	6.95154e-09	
9.500000	1.2268e-05	9.500000	1.4828e-05	9.500000	1.50326e-05	9.500000	1.50326e-05	9.500000	1.48214e-05	9.500000	6.62222e-09	
10.000000	1.18069e-05	10.000000	1.36283e-05	10.000000	1.44478e-05	10.000000	1.44478e-05	10.000000	1.3622e-05	10.000000	6.32406e-09	
11.000000	1.09887e-05	11.000000	1.27678e-05	11.000000	1.33848e-05	11.000000	1.34067e-05	11.000000	1.2762e-05	11.000000	5.80479e-09	
12.000000	1.02846e-05	12.000000	1.20114e-05	12.000000	1.24728e-05	12.000000	1.25097e-05	12.000000	1.2006e-05	12.000000	5.36763e-09	
13.000000	9.67192e-06	13.000000	1.13419e-05	13.000000	1.16825e-05	13.000000	1.17298e-05	13.000000	1.13369e-05	13.000000	4.99428e-09	
14.000000	9.13379e-06	14.000000	1.07456e-05	14.000000	1.09916e-05	14.000000	1.10459e-05	14.000000	1.07409e-05	14.000000	4.67154e-09	
15.000000	8.65717e-06	15.000000	1.02113e-05	15.000000	1.03827e-05	15.000000	1.0442e-05	15.000000	1.02069e-05	15.000000	4.38965e-09	
16.000000	8.23195e-06	16.000000	9.72992e-06	16.000000	9.843e-06 	16.000000	9.90522e-06	16.000000	9.72578e-06	16.000000	4.1412e-09	
17.000000	7.85014e-06	17.000000	9.29414e-06	17.000000	9.36175e-06	17.000000	9.42544e-06	17.000000	9.29022e-06	17.000000	3.9205e-09	
18.000000	7.50531e-06	18.000000	8.89782e-06	18.000000	8.93006e-06	18.000000	8.99441e-06	18.000000	8.8941e-06	18.000000	3.72309e-09	
19.000000	7.19226e-06	19.000000	8.53589e-06	19.000000	8.54089e-06	19.000000	8.6054e-06	19.000000	8.53234e-06	19.000000	3.54542e-09	
20.000000	6.90674e-06	20.000000	8.20408e-06	20.000000	8.18865e-06	20.000000	8.25286e-06	20.000000	8.20069e-06	20.000000	3.38462e-09	
21.000000	6.64521e-06	21.000000	7.8988e-06	21.000000	7.86869e-06	21.000000	7.93218e-06	21.000000	7.89556e-06	21.000000	3.23837e-09	
22.000000	6.40472e-06	22.000000	7.61701e-06	22.000000	7.57707e-06	22.000000	7.63947e-06	22.000000	7.61391e-06	22.000000	3.10475e-09	
23.000000	6.1828e-06	23.000000	7.35611e-06	23.000000	7.31045e-06	23.000000	7.37148e-06	23.000000	7.35313e-06	23.000000	2.98217e-09	
24.000000	5.97735e-06	24.000000	7.11386e-06	24.000000	7.06596e-06	24.000000	7.1254e-06	24.000000	7.11099e-06	24.000000	2.86931e-09	
25.000000	5.78656e-06	25.000000	6.88834e-06	25.000000	6.84116e-06	25.000000	6.89887e-06	25.000000	6.88557e-06	25.000000	2.76502e-09	
27.000000	5.44304e-06	27.000000	6.48098e-06	27.000000	6.4425e-06	27.000000	6.49649e-06	27.000000	6.4784e-06	27.000000	2.57851e-09	
29.000000	5.14223e-06	29.000000	6.12304e-06	29.000000	6.10084e-06	29.000000	6.15097e-06	29.000000	6.12062e-06	29.000000	2.41651e-09	
31.000000	4.87651e-06	31.000000	5.80602e-06	31.000000	5.79376e-06	31.000000	5.83783e-06	31.000000	5.80375e-06	31.000000	2.27442e-09	
33.000000	4.64e-06  	33.000000	5.52327e-06	33.000000	5.51038e-06	33.000000	5.54741e-06	33.000000	5.52112e-06	33.000000	2.14875e-09	
35.000000	4.42806e-06	35.000000	5.26949e-06	35.000000	5.25616e-06	35.000000	5.28753e-06	35.000000	5.26746e-06	35.000000	2.03676e-09	
38.000000	4.14832e-06	38.000000	4.93407e-06	38.000000	4.92094e-06	38.000000	4.94509e-06	38.000000	4.93218e-06	38.000000	1.88986e-09	
41.000000	3.90605e-06	41.000000	4.64325e-06	41.000000	4.63044e-06	41.000000	4.64911e-06	41.000000	4.64149e-06	41.000000	1.76348e-09	
44.000000	3.69408e-06	44.000000	4.38864e-06	44.000000	4.37648e-06	44.000000	4.39062e-06	44.000000	4.38699e-06	44.000000	1.65355e-09	
47.000000	3.50696e-06	47.000000	4.16383e-06	47.000000	4.15219e-06	47.000000	4.16286e-06	47.000000	4.16227e-06	47.000000	1.55702e-09	
50.000000	3.34051e-06	50.000000	3.96384e-06	50.000000	3.9528e-06	50.000000	3.96059e-06	50.000000	3.96237e-06	50.000000	1.47155e-09	
55.000000	3.10033e-06	55.000000	3.67539e-06	55.000000	3.66503e-06	55.000000	3.66937e-06	55.000000	3.67404e-06	55.000000	1.3489e-09	
60.000000	2.89719e-06	60.000000	3.43162e-06	60.000000	3.42246e-06	60.000000	3.42369e-06	60.000000	3.43037e-06	60.000000	1.24581e-09	
65.000000	2.72298e-06	65.000000	3.2228e-06	65.000000	3.21441e-06	65.000000	3.21354e-06	65.000000	3.22164e-06	65.000000	1.15788e-09	
70.000000	2.57184e-06	70.000000	3.04186e-06	70.000000	3.03395e-06	70.000000	3.03166e-06	70.000000	3.04078e-06	70.000000	1.08198e-09	
75.000000	2.43938e-06	75.000000	2.88353e-06	75.000000	2.87634e-06	75.000000	2.87264e-06	75.000000	2.88252e-06	75.000000	1.01575e-09	
80.000000	2.32228e-06	80.000000	2.74378e-06	80.000000	2.737e-06 	80.000000	2.73238e-06	80.000000	2.74282e-06	80.000000	9.5745e-10	
85.000000	2.21796e-06	85.000000	2.61949e-06	85.000000	2.61309e-06	85.000000	2.60772e-06	85.000000	2.61858e-06	85.000000	9.0571e-10	
90.000000	2.1244e-06	90.000000	2.5082e-06	90.000000	2.50219e-06	90.000000	2.49617e-06	90.000000	2.50734e-06	90.000000	8.59472e-10	
95.000000	2.03998e-06	95.000000	2.40797e-06	95.000000	2.40232e-06	95.000000	2.39575e-06	95.000000	2.40715e-06	95.000000	8.17892e-10	
100.000000	1.96339e-06	100.000000	2.3172e-06	100.000000	2.31191e-06	100.000000	2.30485e-06	100.000000	2.31642e-06	100.000000	7.80291e-10	
105.000000	1.89356e-06	105.000000	2.23461e-06	105.000000	2.22968e-06	105.000000	2.22218e-06	105.000000	2.23386e-06	105.000000	7.46119e-10	
110.000000	1.82963e-06	110.000000	2.15913e-06	110.000000	2.15431e-06	110.000000	2.14665e-06	110.000000	2.15841e-06	110.000000	7.14921e-10	
115.000000	1.77086e-06	115.000000	2.08987e-06	115.000000	2.08531e-06	115.000000	2.07738e-06	115.000000	2.08918e-06	115.000000	6.8632e-10	
120.000000	1.71663e-06	120.000000	2.02609e-06	120.000000	2.02178e-06	120.000000	2.01361e-06	120.000000	2.02543e-06	120.000000	6.60001e-10	
125.000000	1.66642e-06	125.000000	1.96715e-06	125.000000	1.96292e-06	125.000000	1.9547e-06	125.000000	1.96652e-06	125.000000	6.35698e-10	
130.000000	1.61979e-06	130.000000	1.91253e-06	130.000000	1.90843e-06	130.000000	1.90013e-06	130.000000	1.91191e-06	130.000000	6.13186e-10	
135.000000	1.57637e-06	135.000000	1.86175e-06	135.000000	1.85795e-06	135.000000	1.84942e-06	135.000000	1.86116e-06	135.000000	5.92271e-10	
140.000000	1.53582e-06	140.000000	1.81444e-06	140.000000	1.81084e-06	140.000000	1.80219e-06	140.000000	1.81387e-06	140.000000	5.72787e-10	
145.000000	1.49786e-06	145.000000	1.77023e-06	145.000000	1.76674e-06	145.000000	1.75807e-06	145.000000	1.76968e-06	145.000000	5.5459e-10	
150.000000	1.46224e-06	150.000000	1.72884e-06	150.000000	1.72549e-06	150.000000	1.71678e-06	150.000000	1.72831e-06	150.000000	5.37555e-10	
155.000000	1.41207e-06	155.000000	1.69e-06  	155.000000	1.68679e-06	155.000000	1.67805e-06	155.000000	1.68948e-06	155.000000	5.21573e-10	
160.000000	1.38268e-06	160.000000	1.65349e-06	160.000000	1.65041e-06	160.000000	1.64165e-06	160.000000	1.65298e-06	160.000000	5.06549e-10	
165.000000	1.35495e-06	165.000000	1.61909e-06	165.000000	1.61615e-06	165.000000	1.60737e-06	165.000000	1.6186e-06	165.000000	4.92396e-10	
170.000000	1.32876e-06	170.000000	1.58663e-06	170.000000	1.58384e-06	170.000000	1.57504e-06	170.000000	1.58615e-06	170.000000	4.79042e-10	
175.000000	1.30398e-06	175.000000	1.55595e-06	175.000000	1.5533e-06	175.000000	1.54449e-06	175.000000	1.55548e-06	175.000000	4.66419e-10	
180.000000	1.28049e-06	180.000000	1.52691e-06	180.000000	1.52441e-06	180.000000	1.51558e-06	180.000000	1.52645e-06	180.000000	4.54468e-10	
185.000000	1.25819e-06	185.000000	1.49937e-06	185.000000	1.49702e-06	185.000000	1.48819e-06	185.000000	1.49893e-06	185.000000	4.43136e-10	
190.000000	1.237e-06 	190.000000	1.47323e-06	190.000000	1.47102e-06	190.000000	1.46219e-06	190.000000	1.4728e-06	190.000000	4.32376e-10	
195.000000	1.21684e-06	195.000000	1.44838e-06	195.000000	1.44633e-06	195.000000	1.43749e-06	195.000000	1.44796e-06	195.000000	4.22145e-10	
200.000000	1.19762e-06	200.000000	1.42473e-06	200.000000	1.42284e-06	200.000000	1.41398e-06	200.000000	1.42432e-06	200.000000	4.12405e-10	
210.000000	1.16179e-06	210.000000	1.38069e-06	210.000000	1.37896e-06	210.000000	1.37024e-06	210.000000	1.38029e-06	210.000000	3.94259e-10	
220.000000	1.12903e-06	220.000000	1.34052e-06	220.000000	1.33907e-06	220.000000	1.33039e-06	220.000000	1.34014e-06	220.000000	3.77696e-10	
230.000000	1.09897e-06	230.000000	1.30373e-06	230.000000	1.3026e-06	230.000000	1.29392e-06	230.000000	1.30337e-06	230.000000	3.62516e-10	
240.000000	1.07129e-06	240.000000	1.26992e-06	240.000000	1.26912e-06	240.000000	1.26043e-06	240.000000	1.26958e-06	240.000000	3.4855e-10	
250.000000	1.04571e-06	250.000000	1.23875e-06	250.000000	1.23817e-06	250.000000	1.22958e-06	250.000000	1.23841e-06	250.000000	3.35656e-10	
260.000000	1.022e-06 	260.000000	1.20991e-06	260.000000	1.20957e-06	260.000000	1.20107e-06	260.000000	1.20959e-06	260.000000	3.23715e-10	
270.000000	9.99961e-07	270.000000	1.18316e-06	270.000000	1.18315e-06	270.000000	1.17464e-06	270.000000	1.18285e-06	270.000000	3.12624e-10	
280.000000	9.79427e-07	280.000000	1.15828e-06	280.000000	1.15858e-06	280.000000	1.15008e-06	280.000000	1.15798e-06	280.000000	3.02293e-10	
290.000000	9.60246e-07	290.000000	1.13508e-06	290.000000	1.1356e-06	290.000000	1.12721e-06	290.000000	1.13479e-06	290.000000	2.92646e-10	
300.000000	9.4229e-07	300.000000	1.11341e-06	300.000000	1.1142e-06	300.000000	1.10586e-06	300.000000	1.11312e-06	300.000000	2.83617e-10	
310.000000	9.25446e-07	310.000000	1.09311e-06	310.000000	1.0942e-06	310.000000	1.08588e-06	310.000000	1.09283e-06	310.000000	2.75147e-10	
320.000000	9.09614e-07	320.000000	1.07406e-06	320.000000	1.07538e-06	320.000000	1.06716e-06	320.000000	1.0738e-06	320.000000	2.67186e-10	
330.000000	8.94706e-07	330.000000	1.05616e-06	330.000000	1.05774e-06	330.000000	1.04957e-06	330.000000	1.0559e-06	330.000000	2.59689e-10	
340.000000	8.80646e-07	340.000000	1.03931e-06	340.000000	1.0412e-06	340.000000	1.03303e-06	340.000000	1.03906e-06	340.000000	2.52615e-10	
350.000000	8.67363e-07	350.000000	1.02341e-06	350.000000	1.02561e-06	350.000000	1.01744e-06	350.000000	1.02316e-06	350.000000	2.45929e-10	
360.000000	8.54796e-07	360.000000	1.00839e-06	360.000000	1.01085e-06	360.000000	1.00273e-06	360.000000	1.00815e-06	360.000000	2.396e-10 	
370.000000	8.4289e-07	370.000000	9.9419e-07	370.000000	9.96866e-07	370.000000	9.88828e-07	370.000000	9.93957e-07	370.000000	2.336e-10 	
380.000000	8.31595e-07	380.000000	9.80736e-07	380.000000	9.83683e-07	380.000000	9.75673e-07	380.000000	9.80508e-07	380.000000	2.27903e-10	
390.000000	8.20866e-07	390.000000	9.67976e-07	390.000000	9.71209e-07	390.000000	9.63207e-07	390.000000	9.67753e-07	390.000000	2.22488e-10	
400.000000	8.10663e-07	400.000000	9.55859e-07	400.000000	9.59328e-07	400.000000	9.5138e-07	400.000000	9.55641e-07	400.000000	2.17332e-10	
410.000000	8.00949e-07	410.000000	9.4434e-07	410.000000	9.48026e-07	410.000000	9.40147e-07	410.000000	9.44128e-07	410.000000	2.12418e-10	
420.000000	7.91692e-07	420.000000	9.33377e-07	420.000000	9.37306e-07	420.000000	9.29466e-07	420.000000	9.3317e-07	420.000000	2.07729e-10	
430.000000	7.8286e-07	430.000000	9.22934e-07	430.000000	9.27116e-07	430.000000	9.193e-07 	430.000000	9.22731e-07	430.000000	2.03249e-10	
440.000000	7.74426e-07	440.000000	9.12975e-07	440.000000	9.17402e-07	440.000000	9.09613e-07	440.000000	9.12776e-07	440.000000	1.98966e-10	
450.000000	7.66366e-07	450.000000	9.03469e-07	450.000000	9.08124e-07	450.000000	9.00375e-07	450.000000	9.03274e-07	450.000000	1.94865e-10	
460.000000	7.58655e-07	460.000000	8.94387e-07	460.000000	8.9925e-07	460.000000	8.91557e-07	460.000000	8.94196e-07	460.000000	1.90936e-10	
470.000000	7.51273e-07	470.000000	8.85704e-07	470.000000	8.90772e-07	470.000000	8.83133e-07	470.000000	8.85517e-07	470.000000	1.87167e-10	
480.000000	7.44199e-07	480.000000	8.77395e-07	480.000000	8.82688e-07	480.000000	8.75078e-07	480.000000	8.77211e-07	480.000000	1.83549e-10	
490.000000	7.37417e-07	490.000000	8.69437e-07	490.000000	8.74975e-07	490.000000	8.67369e-07	490.000000	8.69257e-07	490.000000	1.80074e-10	
500.000000	7.3091e-07	500.000000	8.61811e-07	500.000000	8.67583e-07	500.000000	8.59988e-07	500.000000	8.61634e-07	500.000000	1.76732e-10	
520.000000	7.18659e-07	520.000000	8.47478e-07	520.000000	8.53641e-07	520.000000	8.4613e-07	520.000000	8.47308e-07	520.000000	1.70419e-10	
540.000000	7.07336e-07	540.000000	8.34261e-07	540.000000	8.40835e-07	540.000000	8.33369e-07	540.000000	8.34097e-07	540.000000	1.64556e-10	
560.000000	6.96847e-07	560.000000	8.22044e-07	560.000000	8.29039e-07	560.000000	8.21589e-07	560.000000	8.21885e-07	560.000000	1.59096e-10	
580.000000	6.8711e-07	580.000000	8.10726e-07	580.000000	8.18071e-07	580.000000	8.10689e-07	580.000000	8.10572e-07	580.000000	1.53999e-10	
600.000000	6.78053e-07	600.000000	8.00219e-07	600.000000	8.07882e-07	600.000000	8.00582e-07	600.000000	8.0007e-07	600.000000	1.49228e-10	
620.000000	6.69614e-07	620.000000	7.90447e-07	620.000000	7.98438e-07	620.000000	7.91192e-07	620.000000	7.90303e-07	620.000000	1.44754e-10	
640.000000	6.61739e-07	640.000000	7.81344e-07	640.000000	7.89686e-07	640.000000	7.82451e-07	640.000000	7.81203e-07	640.000000	1.40549e-10	
660.000000	6.54378e-07	660.000000	7.72849e-07	660.000000	7.81516e-07	660.000000	7.74301e-07	660.000000	7.72712e-07	660.000000	1.36589e-10	
680.000000	6.47489e-07	680.000000	7.64911e-07	680.000000	7.73849e-07	680.000000	7.6669e-07	680.000000	7.64778e-07	680.000000	1.32854e-10	
700.000000	6.41033e-07	700.000000	7.57483e-07	700.000000	7.66687e-07	700.000000	7.59572e-07	700.000000	7.57353e-07	700.000000	1.29324e-10	
720.000000	6.34976e-07	720.000000	7.50523e-07	720.000000	7.6001e-07	720.000000	7.52904e-07	720.000000	7.50397e-07	720.000000	1.25983e-10	
740.000000	6.29287e-07	740.000000	7.43996e-07	740.000000	7.53746e-07	740.000000	7.46652e-07	740.000000	7.43873e-07	740.000000	1.22816e-10	
760.000000	6.2394e-07	760.000000	7.37866e-07	760.000000	7.47841e-07	760.000000	7.40781e-07	760.000000	7.37746e-07	760.000000	1.19809e-10	
780.000000	6.18908e-07	780.000000	7.32105e-07	780.000000	7.42274e-07	780.000000	7.35262e-07	780.000000	7.31988e-07	780.000000	1.16951e-10	
800.000000	6.1417e-07	800.000000	7.26686e-07	800.000000	7.37033e-07	800.000000	7.30068e-07	800.000000	7.26572e-07	800.000000	1.14231e-10	
820.000000	6.09706e-07	820.000000	7.21584e-07	820.000000	7.32102e-07	820.000000	7.25175e-07	820.000000	7.21472e-07	820.000000	1.11638e-10	
840.000000	6.05496e-07	840.000000	7.16777e-07	840.000000	7.27466e-07	840.000000	7.20562e-07	840.000000	7.16668e-07	840.000000	1.09164e-10	
860.000000	6.01525e-07	860.000000	7.12245e-07	860.000000	7.23104e-07	860.000000	7.16209e-07	860.000000	7.12138e-07	860.000000	1.06801e-10	
880.000000	5.97777e-07	880.000000	7.07969e-07	880.000000	7.18987e-07	880.000000	7.12097e-07	880.000000	7.07865e-07	880.000000	1.04542e-10	
900.000000	5.94237e-07	900.000000	7.03934e-07	900.000000	7.15086e-07	900.000000	7.08209e-07	900.000000	7.03832e-07	900.000000	1.02379e-10	
920.000000	5.90893e-07	920.000000	7.00123e-07	920.000000	7.11385e-07	920.000000	7.04532e-07	920.000000	7.00023e-07	920.000000	1.00307e-10	
940.000000	5.87734e-07	940.000000	6.96523e-07	940.000000	7.07873e-07	940.000000	7.01052e-07	940.000000	6.96425e-07	940.000000	9.83195e-11	
960.000000	5.84748e-07	960.000000	6.9312e-07	960.000000	7.04542e-07	960.000000	6.97754e-07	960.000000	6.93024e-07	960.000000	9.6412e-11	
980.000000	5.81925e-07	980.000000	6.89904e-07	980.000000	7.01386e-07	980.000000	6.94629e-07	980.000000	6.89809e-07	980.000000	9.45796e-11	
1000.000000	5.79257e-07	1000.000000	6.86862e-07	1000.000000	6.98395e-07	1000.000000	6.91665e-07	1000.000000	6.8677e-07	1000.000000	9.28177e-11	
1020.000000	5.76734e-07	1020.000000	6.83986e-07	1020.000000	6.95563e-07	1020.000000	6.88853e-07	1020.000000	6.83895e-07	1020.000000	9.11225e-11	
1040.000000	5.74349e-07	1040.000000	6.81265e-07	1040.000000	6.92882e-07	1040.000000	6.86183e-07	1040.000000	6.81175e-07	1040.000000	8.949e-11 	
1060.000000	5.72094e-07	1060.000000	6.78691e-07	1060.000000	6.90341e-07	1060.000000	6.83648e-07	1060.000000	6.78603e-07	1060.000000	8.79169e-11	
1080.000000	5.69963e-07	1080.000000	6.76256e-07	1080.000000	6.87929e-07	1080.000000	6.81238e-07	1080.000000	6.7617e-07	1080.000000	8.64e-11  	
1100.000000	5.67949e-07	1100.000000	6.73953e-07	1100.000000	6.85633e-07	1100.000000	6.78948e-07	1100.000000	6.73868e-07	1100.000000	8.49362e-11	
1120.000000	5.66047e-07	1120.000000	6.71774e-07	1120.000000	6.83445e-07	1120.000000	6.7677e-07	1120.000000	6.71691e-07	1120.000000	8.35228e-11	
1140.000000	5.6425e-07	1140.000000	6.69714e-07	1140.000000	6.81358e-07	1140.000000	6.74698e-07	1140.000000	6.69631e-07	1140.000000	8.21572e-11	
1160.000000	5.62555e-07	1160.000000	6.67765e-07	1160.000000	6.79368e-07	1160.000000	6.72726e-07	1160.000000	6.67684e-07	1160.000000	8.0837e-11	
1180.000000	5.60955e-07	1180.000000	6.65924e-07	1180.000000	6.77471e-07	1180.000000	6.7085e-07	1180.000000	6.65844e-07	1180.000000	7.956e-11 	
1200.000000	5.59447e-07	1200.000000	6.64184e-07	1200.000000	6.75664e-07	1200.000000	6.69063e-07	1200.000000	6.64105e-07	1200.000000	7.83239e-11	
1220.000000	5.58026e-07	1220.000000	6.6254e-07	1220.000000	6.73943e-07	1220.000000	6.67362e-07	1220.000000	6.62463e-07	1220.000000	7.71269e-11	
1240.000000	5.56688e-07	1240.000000	6.60988e-07	1240.000000	6.72305e-07	1240.000000	6.65742e-07	1240.000000	6.60912e-07	1240.000000	7.59672e-11	
1260.000000	5.5543e-07	1260.000000	6.59524e-07	1260.000000	6.70745e-07	1260.000000	6.64198e-07	1260.000000	6.59449e-07	1260.000000	7.48429e-11	
1280.000000	5.54249e-07	1280.000000	6.58143e-07	1280.000000	6.6926e-07	1280.000000	6.62727e-07	1280.000000	6.5807e-07	1280.000000	7.37525e-11	
1300.000000	5.5314e-07	1300.000000	6.56843e-07	1300.000000	6.67846e-07	1300.000000	6.61326e-07	1300.000000	6.5677e-07	1300.000000	7.26944e-11	
1320.000000	5.52101e-07	1320.000000	6.55618e-07	1320.000000	6.665e-07 	1320.000000	6.5999e-07	1320.000000	6.55546e-07	1320.000000	7.16673e-11	
1340.000000	5.51129e-07	1340.000000	6.54466e-07	1340.000000	6.65218e-07	1340.000000	6.58717e-07	1340.000000	6.54396e-07	1340.000000	7.06697e-11	
1360.000000	5.50221e-07	1360.000000	6.53384e-07	1360.000000	6.63997e-07	1360.000000	6.57504e-07	1360.000000	6.53315e-07	1360.000000	6.97004e-11	
1380.000000	5.49374e-07	1380.000000	6.52369e-07	1380.000000	6.62835e-07	1380.000000	6.56348e-07	1380.000000	6.523e-07 	1380.000000	6.87582e-11	
1400.000000	5.48587e-07	1400.000000	6.51418e-07	1400.000000	6.61726e-07	1400.000000	6.55245e-07	1400.000000	6.5135e-07	1400.000000	6.7842e-11	
1420.000000	5.47857e-07	1420.000000	6.50528e-07	1420.000000	6.6067e-07	1420.000000	6.54195e-07	1420.000000	6.50461e-07	1420.000000	6.69506e-11	
1440.000000	5.47181e-07	1440.000000	6.49696e-07	1440.000000	6.59663e-07	1440.000000	6.53194e-07	1440.000000	6.4963e-07	1440.000000	6.60831e-11	
1460.000000	5.46558e-07	1460.000000	6.48921e-07	1460.000000	6.58703e-07	1460.000000	6.5224e-07	1460.000000	6.48856e-07	1460.000000	6.52385e-11	
1480.000000	5.45985e-07	1480.000000	6.48201e-07	1480.000000	6.57787e-07	1480.000000	6.51331e-07	1480.000000	6.48136e-07	1480.000000	6.4416e-11	
1500.000000	5.45461e-07	1500.000000	6.47532e-07	1500.000000	6.56914e-07	1500.000000	6.50465e-07	1500.000000	6.47468e-07	1500.000000	6.36146e-11	
1520.000000	5.44984e-07	1520.000000	6.46913e-07	1520.000000	6.56082e-07	1520.000000	6.49641e-07	1520.000000	6.4685e-07	1520.000000	6.28335e-11	
1540.000000	5.44552e-07	1540.000000	6.46342e-07	1540.000000	6.55289e-07	1540.000000	6.48855e-07	1540.000000	6.4628e-07	1540.000000	6.2072e-11	
1560.000000	5.44164e-07	1560.000000	6.45817e-07	1560.000000	6.54534e-07	1560.000000	6.48108e-07	1560.000000	6.45756e-07	1560.000000	6.13293e-11	
1580.000000	5.43818e-07	1580.000000	6.45337e-07	1580.000000	6.53815e-07	1580.000000	6.47396e-07	1580.000000	6.45276e-07	1580.000000	6.06048e-11	
1600.000000	5.43513e-07	1600.000000	6.44899e-07	1600.000000	6.5313e-07	1600.000000	6.46719e-07	1600.000000	6.44839e-07	1600.000000	5.98977e-11	
1620.000000	5.43247e-07	1620.000000	6.44503e-07	1620.000000	6.52478e-07	1620.000000	6.46075e-07	1620.000000	6.44444e-07	1620.000000	5.92075e-11	
1640.000000	5.43019e-07	1640.000000	6.44147e-07	1640.000000	6.51857e-07	1640.000000	6.45463e-07	1640.000000	6.44088e-07	1640.000000	5.85335e-11	
1660.000000	5.42828e-07	1660.000000	6.43828e-07	1660.000000	6.51268e-07	1660.000000	6.44881e-07	1660.000000	6.43771e-07	1660.000000	5.78752e-11	
1680.000000	5.42672e-07	1680.000000	6.43547e-07	1680.000000	6.50707e-07	1680.000000	6.44329e-07	1680.000000	6.4349e-07	1680.000000	5.7232e-11	
1700.000000	5.42551e-07	1700.000000	6.43302e-07	1700.000000	6.50174e-07	1700.000000	6.43804e-07	1700.000000	6.43245e-07	1700.000000	5.66034e-11	
1750.000000	5.42391e-07	1750.000000	6.42836e-07	1750.000000	6.48958e-07	1750.000000	6.42608e-07	1750.000000	6.42781e-07	1750.000000	5.50925e-11	
1800.000000	5.42424e-07	1800.000000	6.42569e-07	1800.000000	6.47895e-07	1800.000000	6.41565e-07	1800.000000	6.42515e-07	1800.000000	5.36627e-11	
1850.000000	5.42635e-07	1850.000000	6.42483e-07	1850.000000	6.46971e-07	1850.000000	6.40659e-07	1850.000000	6.4243e-07	1850.000000	5.23075e-11	
1900.000000	5.43011e-07	1900.000000	6.42564e-07	1900.000000	6.46174e-07	1900.000000	6.39879e-07	1900.000000	6.42513e-07	1900.000000	5.10211e-11	
1950.000000	5.43542e-07	1950.000000	6.428e-07 	1950.000000	6.45492e-07	1950.000000	6.39213e-07	1950.000000	6.42751e-07	1950.000000	4.97984e-11	
2000.000000	5.44216e-07	2000.000000	6.4318e-07	2000.000000	6.44916e-07	2000.000000	6.3865e-07	2000.000000	6.43131e-07	2000.000000	4.86348e-11	
2100.000000	5.45958e-07	2100.000000	6.44327e-07	2100.000000	6.44047e-07	2100.000000	6.37801e-07	2100.000000	6.44281e-07	2100.000000	4.6468e-11	
2200.000000	5.48174e-07	2200.000000	6.45934e-07	2200.000000	6.43502e-07	2200.000000	6.37269e-07	2200.000000	6.4589e-07	2200.000000	4.44917e-11	
2300.000000	5.50807e-07	2300.000000	6.4794e-07	2300.000000	6.43226e-07	2300.000000	6.37004e-07	2300.000000	6.47897e-07	2300.000000	4.26814e-11	
2400.000000	5.53813e-07	2400.000000	6.50296e-07	2400.000000	6.43176e-07	2400.000000	6.36963e-07	2400.000000	6.50255e-07	2400.000000	4.10169e-11	
2500.000000	5.57153e-07	2500.000000	6.52958e-07	2500.000000	6.43315e-07	2500.000000	6.37113e-07	2500.000000	6.52919e-07	2500.000000	3.94811e-11	
2600.000000	5.60794e-07	2600.000000	6.55892e-07	2600.000000	6.43615e-07	2600.000000	6.37423e-07	2600.000000	6.55854e-07	2600.000000	3.80595e-11	
2700.000000	5.64707e-07	2700.000000	6.59067e-07	2700.000000	6.44052e-07	2700.000000	6.37871e-07	2700.000000	6.5903e-07	2700.000000	3.67396e-11	
2800.000000	5.68869e-07	2800.000000	6.62457e-07	2800.000000	6.44607e-07	2800.000000	6.38436e-07	2800.000000	6.62421e-07	2800.000000	3.55109e-11	
2900.000000	5.73258e-07	2900.000000	6.66039e-07	2900.000000	6.45261e-07	2900.000000	6.39101e-07	2900.000000	6.66004e-07	2900.000000	3.43641e-11	
3000.000000	5.77856e-07	3000.000000	6.69793e-07	3000.000000	6.46001e-07	3000.000000	6.39851e-07	3000.000000	6.6976e-07	3000.000000	3.32912e-11	
3200.000000	5.87616e-07	3200.000000	6.77753e-07	3200.000000	6.4769e-07	3200.000000	6.4156e-07	3200.000000	6.77722e-07	3200.000000	3.13401e-11	
3400.000000	5.98043e-07	3400.000000	6.86224e-07	3400.000000	6.49595e-07	3400.000000	6.43482e-07	3400.000000	6.86194e-07	3400.000000	2.9611e-11	
3600.000000	6.09051e-07	3600.000000	6.95118e-07	3600.000000	6.51656e-07	3600.000000	6.45558e-07	3600.000000	6.9509e-07	3600.000000	2.8068e-11	
3800.000000	6.20574e-07	3800.000000	7.04365e-07	3800.000000	6.53829e-07	3800.000000	6.47745e-07	3800.000000	7.04338e-07	3800.000000	2.66821e-11	
4000.000000	6.32558e-07	4000.000000	7.1391e-07	4000.000000	6.5608e-07	4000.000000	6.50009e-07	4000.000000	7.13885e-07	4000.000000	2.54303e-11	
4200.000000	6.44958e-07	4200.000000	7.23708e-07	4200.000000	6.58384e-07	4200.000000	6.52323e-07	4200.000000	7.23683e-07	4200.000000	2.4294e-11	
4400.000000	6.57739e-07	4400.000000	7.33721e-07	4400.000000	6.6072e-07	4400.000000	6.5467e-07	4400.000000	7.33698e-07	4400.000000	2.32576e-11	
4600.000000	6.7087e-07	4600.000000	7.43921e-07	4600.000000	6.63073e-07	4600.000000	6.57032e-07	4600.000000	7.43898e-07	4600.000000	2.23085e-11	
4800.000000	6.84326e-07	4800.000000	7.5428e-07	4800.000000	6.6543e-07	4800.000000	6.59399e-07	4800.000000	7.54259e-07	4800.000000	2.14359e-11	
5000.000000	6.98085e-07	5000.000000	7.64779e-07	5000.000000	6.67784e-07	5000.000000	6.61761e-07	5000.000000	7.64758e-07	5000.000000	2.06309e-11	
5250.000000	7.15683e-07	5250.000000	7.78072e-07	5250.000000	6.7071e-07	5250.000000	6.64697e-07	5250.000000	7.78052e-07	5250.000000	1.97082e-11	
5500.000000	7.33697e-07	5500.000000	7.91525e-07	5500.000000	6.73608e-07	5500.000000	6.67605e-07	5500.000000	7.91506e-07	5500.000000	1.88667e-11	
6000.000000	7.70877e-07	6000.000000	8.18822e-07	6000.000000	6.79294e-07	6000.000000	6.73309e-07	6000.000000	8.18805e-07	6000.000000	1.73876e-11	
6500.000000	8.09469e-07	6500.000000	8.46523e-07	6500.000000	6.84807e-07	6500.000000	6.78836e-07	6500.000000	8.46507e-07	6500.000000	1.61292e-11	
7000.000000	8.49361e-07	7000.000000	8.74525e-07	7000.000000	6.9013e-07	7000.000000	6.84171e-07	7000.000000	8.7451e-07	7000.000000	1.50451e-11	
7500.000000	8.90471e-07	7500.000000	9.02752e-07	7500.000000	6.95259e-07	7500.000000	6.89309e-07	7500.000000	9.02738e-07	7500.000000	1.41012e-11	
8000.000000	9.32736e-07	8000.000000	9.31149e-07	8000.000000	7.00199e-07	8000.000000	6.94254e-07	8000.000000	9.31136e-07	8000.000000	1.32716e-11	
8500.000000	9.76108e-07	8500.000000	9.59674e-07	8500.000000	7.04944e-07	8500.000000	6.99011e-07	8500.000000	9.59662e-07	8500.000000	1.25368e-11	
9000.000000	1.02055e-06	9000.000000	9.88295e-07	9000.000000	7.095e-07 	9000.000000	7.03589e-07	9000.000000	9.88283e-07	9000.000000	1.18811e-11	
9500.000000	1.06603e-06	9500.000000	1.01699e-06	9500.000000	7.13889e-07	9500.000000	7.07996e-07	9500.000000	1.01698e-06	9500.000000	1.12923e-11	
10000.000000	1.11253e-06	10000.000000	1.04573e-06	10000.000000	7.18123e-07	10000.000000	7.12241e-07	10000.000000	1.04572e-06	10000.000000	1.07606e-11	
11000.000000	1.2085e-06	11000.000000	1.10332e-06	11000.000000	7.26146e-07	11000.000000	7.20282e-07	11000.000000	1.10331e-06	11000.000000	9.83804e-12	
12000.000000	1.30836e-06	12000.000000	1.16098e-06	12000.000000	7.33619e-07	12000.000000	7.2778e-07	12000.000000	1.16097e-06	12000.000000	9.06477e-12	
13000.000000	1.41203e-06	13000.000000	1.21865e-06	13000.000000	7.40603e-07	13000.000000	7.34796e-07	13000.000000	1.21864e-06	13000.000000	8.40703e-12	
14000.000000	1.51945e-06	14000.000000	1.27628e-06	14000.000000	7.47157e-07	14000.000000	7.41383e-07	14000.000000	1.27627e-06	14000.000000	7.84052e-12	
15000.000000	1.6306e-06	15000.000000	1.33386e-06	15000.000000	7.53325e-07	15000.000000	7.47587e-07	15000.000000	1.33386e-06	15000.000000	7.34736e-12	
16000.000000	1.74545e-06	16000.000000	1.39138e-06	16000.000000	7.59148e-07	16000.000000	7.53448e-07	16000.000000	1.39137e-06	16000.000000	6.91406e-12	
17000.000000	1.86399e-06	17000.000000	1.44881e-06	17000.000000	7.6466e-07	17000.000000	7.58999e-07	17000.000000	1.4488e-06	17000.000000	6.53025e-12	
18000.000000	1.98622e-06	18000.000000	1.50615e-06	18000.000000	7.69892e-07	18000.000000	7.64271e-07	18000.000000	1.50615e-06	18000.000000	6.18786e-12	
19000.000000	2.11212e-06	19000.000000	1.5634e-06	19000.000000	7.74871e-07	19000.000000	7.69289e-07	19000.000000	1.5634e-06	19000.000000	5.88046e-12	
20000.000000	2.24172e-06	20000.000000	1.62056e-06	20000.000000	7.79619e-07	20000.000000	7.74076e-07	20000.000000	1.62056e-06	20000.000000	5.6029e-12	
21000.000000	2.375e-06 	21000.000000	1.67762e-06	21000.000000	7.8416e-07	21000.000000	7.78651e-07	21000.000000	1.67762e-06	21000.000000	5.35102e-12	
22000.000000	2.51198e-06	22000.000000	1.73459e-06	22000.000000	7.88506e-07	22000.000000	7.83033e-07	22000.000000	1.73458e-06	22000.000000	5.12137e-12	
23000.000000	2.65266e-06	23000.000000	1.79146e-06	23000.000000	7.9265e-07	23000.000000	7.87235e-07	23000.000000	1.79145e-06	23000.000000	4.91112e-12	
24000.000000	2.79707e-06	24000.000000	1.84823e-06	24000.000000	7.96625e-07	24000.000000	7.91273e-07	24000.000000	1.84823e-06	24000.000000	4.71788e-12	
25000.000000	2.9452e-06	25000.000000	1.90492e-06	25000.000000	8.00465e-07	25000.000000	7.95159e-07	25000.000000	1.90491e-06	25000.000000	4.53965e-12	
26000.000000	3.09708e-06	26000.000000	1.96151e-06	26000.000000	8.04164e-07	26000.000000	7.98902e-07	26000.000000	1.9615e-06	26000.000000	4.37474e-12	
27000.000000	3.25272e-06	27000.000000	2.01801e-06	27000.000000	8.07719e-07	27000.000000	8.02514e-07	27000.000000	2.018e-06 	27000.000000	4.22169e-12	
28000.000000	3.41213e-06	28000.000000	2.07442e-06	28000.000000	8.11146e-07	28000.000000	8.06002e-07	28000.000000	2.07441e-06	28000.000000	4.07925e-12	
29000.000000	3.57534e-06	29000.000000	2.13074e-06	29000.000000	8.14457e-07	29000.000000	8.09375e-07	29000.000000	2.13074e-06	29000.000000	3.94636e-12	
30000.000000	3.74235e-06	30000.000000	2.18698e-06	30000.000000	8.17661e-07	30000.000000	8.12641e-07	30000.000000	2.18698e-06	30000.000000	3.82207e-12	
32000.000000	4.08787e-06	32000.000000	2.29922e-06	32000.000000	8.23775e-07	32000.000000	8.18874e-07	32000.000000	2.29921e-06	32000.000000	3.59615e-12	
34000.000000	4.44883e-06	34000.000000	2.41113e-06	34000.000000	8.29528e-07	34000.000000	8.24748e-07	34000.000000	2.41113e-06	34000.000000	3.39606e-12	
36000.000000	4.82539e-06	36000.000000	2.52275e-06	36000.000000	8.34944e-07	36000.000000	8.30301e-07	36000.000000	2.52275e-06	36000.000000	3.21759e-12	
38000.000000	5.21771e-06	38000.000000	2.63407e-06	38000.000000	8.40052e-07	38000.000000	8.35567e-07	38000.000000	2.63407e-06	38000.000000	3.05738e-12	
40000.000000	5.62593e-06	40000.000000	2.74512e-06	40000.000000	8.44887e-07	40000.000000	8.40574e-07	40000.000000	2.74512e-06	40000.000000	2.91275e-12	
42000.000000	6.05024e-06	42000.000000	2.85591e-06	42000.000000	8.49485e-07	42000.000000	8.45345e-07	42000.000000	2.8559e-06	42000.000000	2.78151e-12	
44000.000000	6.49078e-06	44000.000000	2.96644e-06	44000.000000	8.53872e-07	44000.000000	8.49901e-07	44000.000000	2.96643e-06	44000.000000	2.66186e-12	
46000.000000	6.94774e-06	46000.000000	3.07672e-06	46000.000000	8.5807e-07	46000.000000	8.54262e-07	46000.000000	3.07672e-06	46000.000000	2.55234e-12	
48000.000000	7.42129e-06	48000.000000	3.18678e-06	48000.000000	8.62092e-07	48000.000000	8.58443e-07	48000.000000	3.18678e-06	48000.000000	2.45169e-12	
50000.000000	7.91159e-06	50000.000000	3.29661e-06	50000.000000	8.65939e-07	50000.000000	8.62458e-07	50000.000000	3.29661e-06	50000.000000	2.35886e-12	
