*Energy (MeV/u)1	0 - [He-base] F.Hubert et al. AD&ND Tables 46(1990)1	Energy (MeV/u)2	1 - [H -base] J.F.Ziegler et al.Pergamon Press.NY(low energy)	Energy (MeV/u)3	2 - ATIMA 1.2 LS-theory (recommended for high energy)	Energy (MeV/u)4	3 - ATIMA 1.2 without LS-correction	Energy (MeV/u)5	4 - ATIMA 1.4 H.Weick. improved mean charge formula for HI	Energy (MeV/u)6	5 - electrical component of [1] - J.F.Ziegler et al	Energy (MeV/u)7	6 - nuclear component of [1] - J.F.Ziegler et al	
0.001000	0.283257  	0.001000	0.13363   	0.001000	0.137567  	0.001000	0.137567  	0.001000	0.137559  	0.001000	0.0762496 	0.001000	0.0573801 	
0.002000	0.314274  	0.002000	0.151627  	0.002000	0.159414  	0.002000	0.159414  	0.002000	0.159409  	0.002000	0.105614  	0.002000	0.0460129 	
0.005000	0.389254  	0.005000	0.192494  	0.005000	0.209333  	0.005000	0.209333  	0.005000	0.209331  	0.005000	0.162463  	0.005000	0.0300316 	
0.008000	0.446973  	0.008000	0.225592  	0.008000	0.249769  	0.008000	0.249769  	0.008000	0.249767  	0.008000	0.202623  	0.008000	0.0229685 	
0.010000	0.479456  	0.010000	0.245058  	0.010000	0.2736    	0.010000	0.2736    	0.010000	0.273599  	0.010000	0.225028  	0.010000	0.0200297 	
0.015000	0.561833  	0.015000	0.287677  	0.015000	0.325965  	0.015000	0.325965  	0.015000	0.325964  	0.015000	0.27227   	0.015000	0.0154062 	
0.020000	0.627761  	0.020000	0.328634  	0.020000	0.378974  	0.020000	0.378974  	0.020000	0.378974  	0.020000	0.315965  	0.020000	0.0126686 	
0.025000	0.701868  	0.025000	0.370977  	0.025000	0.431365  	0.025000	0.431365  	0.025000	0.431365  	0.025000	0.360246  	0.025000	0.0107312 	
0.030000	0.764805  	0.030000	0.411197  	0.030000	0.467039  	0.030000	0.467039  	0.030000	0.467039  	0.030000	0.401776  	0.030000	0.0094204 	
0.035000	0.816606  	0.035000	0.448197  	0.035000	0.498943  	0.035000	0.498943  	0.035000	0.498943  	0.035000	0.439776  	0.035000	0.00842082	
0.040000	0.85745   	0.040000	0.482141  	0.040000	0.527421  	0.040000	0.527421  	0.040000	0.527421  	0.040000	0.47451   	0.040000	0.00763062	
0.045000	0.887549  	0.045000	0.513235  	0.045000	0.552773  	0.045000	0.552773  	0.045000	0.552774  	0.045000	0.506247  	0.045000	0.00698851	
0.050000	0.906151  	0.050000	0.541303  	0.050000	0.575284  	0.050000	0.575284  	0.050000	0.575284  	0.050000	0.534847  	0.050000	0.00645529	
0.055000	0.944544  	0.055000	0.563773  	0.055000	0.595224  	0.055000	0.595224  	0.055000	0.595224  	0.055000	0.557769  	0.055000	0.00600466	
0.060000	0.976909  	0.060000	0.584106  	0.060000	0.612852  	0.060000	0.612852  	0.060000	0.612852  	0.060000	0.578488  	0.060000	0.00561827	
0.070000	1.02536   	0.070000	0.619467  	0.070000	0.642144  	0.070000	0.642144  	0.070000	0.642144  	0.070000	0.614478  	0.070000	0.00498875	
0.080000	1.07706   	0.080000	0.648245  	0.080000	0.664939  	0.080000	0.664939  	0.080000	0.664939  	0.080000	0.643748  	0.080000	0.00449636	
0.090000	1.11558   	0.090000	0.673006  	0.090000	0.682727  	0.090000	0.682727  	0.090000	0.682728  	0.090000	0.668906  	0.090000	0.00409963	
0.100000	1.14425   	0.100000	0.694878  	0.100000	0.696701  	0.100000	0.696701  	0.100000	0.696702  	0.100000	0.691106  	0.100000	0.00377249	
0.120000	1.15452   	0.120000	0.715352  	0.120000	0.716672  	0.120000	0.716672  	0.120000	0.716672  	0.120000	0.712089  	0.120000	0.00326317	
0.140000	1.15325   	0.140000	0.730295  	0.140000	0.729795  	0.140000	0.729795  	0.140000	0.729795  	0.140000	0.727412  	0.140000	0.00288355	
0.160000	1.15488   	0.160000	0.744187  	0.160000	0.73876   	0.160000	0.73876   	0.160000	0.738761  	0.160000	0.741599  	0.160000	0.00258871	
0.180000	1.16168   	0.180000	0.760575  	0.180000	0.745013  	0.180000	0.745013  	0.180000	0.745014  	0.180000	0.758223  	0.180000	0.00235251	
0.200000	1.16771   	0.200000	0.773099  	0.200000	0.749347  	0.200000	0.749347  	0.200000	0.749348  	0.200000	0.770941  	0.200000	0.00215866	
0.250000	1.15344   	0.250000	0.786172  	0.250000	0.754407  	0.250000	0.754407  	0.250000	0.754408  	0.250000	0.784375  	0.250000	0.00179709	
0.300000	1.14869   	0.300000	0.793155  	0.300000	0.753789  	0.300000	0.753789  	0.300000	0.75379   	0.300000	0.791609  	0.300000	0.00154535	
0.350000	1.14209   	0.350000	0.792784  	0.350000	0.754135  	0.350000	0.754135  	0.350000	0.754136  	0.350000	0.791425  	0.350000	0.0013592 	
0.400000	1.14057   	0.400000	0.792006  	0.400000	0.752005  	0.400000	0.752005  	0.400000	0.752006  	0.400000	0.79079   	0.400000	0.00121554	
0.450000	1.13256   	0.450000	0.785176  	0.450000	0.74617   	0.450000	0.74617   	0.450000	0.746171  	0.450000	0.784075  	0.450000	0.00110106	
0.500000	1.1182    	0.500000	0.772433  	0.500000	0.73766   	0.500000	0.73766   	0.500000	0.73766   	0.500000	0.771426  	0.500000	0.00100751	
0.600000	1.04158   	0.600000	0.747995  	0.600000	0.714899  	0.600000	0.714899  	0.600000	0.714899  	0.600000	0.747132  	0.600000	0.00086348	
0.700000	0.961334  	0.700000	0.717204  	0.700000	0.690589  	0.700000	0.690589  	0.700000	0.69059   	0.700000	0.716447  	0.700000	0.000757435	
0.800000	0.916141  	0.800000	0.692858  	0.800000	0.666237  	0.800000	0.666237  	0.800000	0.666237  	0.800000	0.692182  	0.800000	0.000675876	
0.900000	0.873356  	0.900000	0.669288  	0.900000	0.642552  	0.900000	0.642552  	0.900000	0.642552  	0.900000	0.668677  	0.900000	0.000611065	
1.000000	0.833381  	1.000000	0.646993  	1.000000	0.619856  	1.000000	0.619856  	1.000000	0.619856  	1.000000	0.646435  	1.000000	0.000558241	
1.250000	0.740574  	1.250000	0.583945  	1.250000	0.56546   	1.250000	0.56546   	1.250000	0.56546   	1.250000	0.583484  	1.250000	0.000460624	
1.500000	0.665658  	1.500000	0.533128  	1.500000	0.519756  	1.500000	0.519756  	1.500000	0.519757  	1.500000	0.532735  	1.500000	0.000393408	
1.750000	0.604477  	1.750000	0.491786  	1.750000	0.480959  	1.750000	0.480959  	1.750000	0.48096   	1.750000	0.491442  	1.750000	0.000344131	
2.000000	0.55067   	2.000000	0.454627  	2.000000	0.447473  	2.000000	0.447473  	2.000000	0.447473  	2.000000	0.45432   	2.000000	0.000306362	
2.250000	0.506302  	2.250000	0.420278  	2.250000	0.418268  	2.250000	0.418268  	2.250000	0.418269  	2.250000	0.420001  	2.250000	0.000276437	
2.500000	0.459632  	2.500000	0.391969  	2.500000	0.3926    	2.500000	0.3926    	2.500000	0.3926    	2.500000	0.391717  	2.500000	0.000252106	
3.000000	0.405711  	3.000000	0.347301  	3.000000	0.349727  	3.000000	0.349727  	3.000000	0.349727  	3.000000	0.347086  	3.000000	0.000214865	
3.500000	0.36374   	3.500000	0.313038  	3.500000	0.315425  	3.500000	0.315425  	3.500000	0.315425  	3.500000	0.31285   	3.500000	0.000187632	
4.000000	0.330102  	4.000000	0.285599  	4.000000	0.287456  	4.000000	0.287456  	4.000000	0.287456  	4.000000	0.285432  	4.000000	0.000166802	
4.500000	0.30251   	4.500000	0.263004  	4.500000	0.264266  	4.500000	0.264266  	4.500000	0.264266  	4.500000	0.262854  	4.500000	0.000150326	
5.000000	0.279448  	5.000000	0.244022  	5.000000	0.24475   	5.000000	0.24475   	5.000000	0.24475   	5.000000	0.243885  	5.000000	0.00013695	
5.500000	0.25987   	5.500000	0.227826  	5.500000	0.228106  	5.500000	0.228106  	5.500000	0.228106  	5.500000	0.2277    	5.500000	0.000125862	
6.000000	0.243031  	6.000000	0.213831  	6.000000	0.213746  	6.000000	0.213746  	6.000000	0.213746  	6.000000	0.213714  	6.000000	0.000116513	
6.500000	0.228385  	6.500000	0.201607  	6.500000	0.201226  	6.500000	0.201226  	6.500000	0.201227  	6.500000	0.201499  	6.500000	0.000108519	
7.000000	0.215525  	7.000000	0.190833  	7.000000	0.190213  	7.000000	0.190213  	7.000000	0.190213  	7.000000	0.190731  	7.000000	0.0001016 	
7.500000	0.204137  	7.500000	0.181258  	7.500000	0.180444  	7.500000	0.180444  	7.500000	0.180444  	7.500000	0.181163  	7.500000	9.55493e-05	
8.000000	0.193978  	8.000000	0.17269   	8.000000	0.171718  	8.000000	0.171718  	8.000000	0.171718  	8.000000	0.1726    	8.000000	9.02116e-05	
8.500000	0.184857  	8.500000	0.164974  	8.500000	0.163872  	8.500000	0.163872  	8.500000	0.163872  	8.500000	0.164889  	8.500000	8.54656e-05	
9.000000	0.17662   	9.000000	0.157986  	9.000000	0.156777  	9.000000	0.156777  	9.000000	0.156777  	9.000000	0.157904  	9.000000	8.12168e-05	
9.500000	0.169142  	9.500000	0.151624  	9.500000	0.150327  	9.500000	0.150327  	9.500000	0.150327  	9.500000	0.151547  	9.500000	7.73895e-05	
10.000000	0.162321  	10.000000	0.146504  	10.000000	0.144436  	10.000000	0.144436  	10.000000	0.144436  	10.000000	0.14643   	10.000000	7.39233e-05	
11.000000	0.150328  	11.000000	0.136575  	11.000000	0.134104  	11.000000	0.134152  	11.000000	0.13411   	11.000000	0.136507  	11.000000	6.7884e-05	
12.000000	0.140117  	12.000000	0.127976  	12.000000	0.1253    	12.000000	0.125377  	12.000000	0.125307  	12.000000	0.127914  	12.000000	6.2797e-05	
13.000000	0.131313  	13.000000	0.120459  	13.000000	0.117702  	13.000000	0.117798  	13.000000	0.117709  	13.000000	0.120401  	13.000000	5.84504e-05	
14.000000	0.123639  	14.000000	0.113833  	14.000000	0.111074  	14.000000	0.11118   	14.000000	0.11108   	14.000000	0.113778  	14.000000	5.46915e-05	
15.000000	0.116888  	15.000000	0.107948  	15.000000	0.105238  	15.000000	0.10535   	15.000000	0.105243  	15.000000	0.107896  	15.000000	5.14069e-05	
16.000000	0.1109    	16.000000	0.102686  	16.000000	0.100059  	16.000000	0.100172  	16.000000	0.100063  	16.000000	0.102638  	16.000000	4.8511e-05	
17.000000	0.10555   	17.000000	0.0979535 	17.000000	0.0954306 	17.000000	0.0955413 	17.000000	0.0954325 	17.000000	0.0979075 	17.000000	4.59378e-05	
18.000000	0.100741  	18.000000	0.0936732 	18.000000	0.0912675 	18.000000	0.0913744 	18.000000	0.0912673 	18.000000	0.0936296 	18.000000	4.36353e-05	
19.000000	0.096393  	19.000000	0.0897831 	19.000000	0.0875006 	19.000000	0.0876041 	19.000000	0.0875005 	19.000000	0.0897416 	19.000000	4.15624e-05	
20.000000	0.0924414 	20.000000	0.0862317 	20.000000	0.0840743 	20.000000	0.0841761 	20.000000	0.0840773 	20.000000	0.086192  	20.000000	3.96858e-05	
21.000000	0.0888337 	21.000000	0.0829761 	21.000000	0.0809464 	21.000000	0.0810455 	21.000000	0.0809517 	21.000000	0.0829382 	21.000000	3.79786e-05	
22.000000	0.085526  	22.000000	0.0799806 	22.000000	0.0780829 	22.000000	0.0781752 	22.000000	0.0780874 	22.000000	0.0799442 	22.000000	3.64186e-05	
23.000000	0.0824819 	23.000000	0.0772149 	23.000000	0.075451  	23.000000	0.075534  	23.000000	0.0754524 	23.000000	0.0771799 	23.000000	3.49871e-05	
24.000000	0.0796704 	24.000000	0.0746531 	24.000000	0.0730204 	24.000000	0.0730958 	24.000000	0.0730206 	24.000000	0.0746194 	24.000000	3.36687e-05	
25.000000	0.0770655 	25.000000	0.0722733 	25.000000	0.0707684 	25.000000	0.0708382 	25.000000	0.0707696 	25.000000	0.0722409 	25.000000	3.24503e-05	
27.000000	0.072389  	27.000000	0.0679865 	27.000000	0.0667335 	27.000000	0.0667911 	27.000000	0.0667359 	27.000000	0.0679562 	27.000000	3.02706e-05	
29.000000	0.068308  	29.000000	0.0642309 	29.000000	0.0632258 	29.000000	0.0632691 	29.000000	0.0632273 	29.000000	0.0642025 	29.000000	2.83767e-05	
31.000000	0.0647139 	31.000000	0.0609124 	31.000000	0.060072  	31.000000	0.0600984 	31.000000	0.0600711 	31.000000	0.0608857 	31.000000	2.6715e-05	
33.000000	0.0615229 	33.000000	0.0579581 	33.000000	0.0571948 	33.000000	0.0572051 	33.000000	0.0571915 	33.000000	0.0579329 	33.000000	2.52448e-05	
35.000000	0.0586697 	35.000000	0.0553104 	35.000000	0.054609  	35.000000	0.0546124 	35.000000	0.0546098 	35.000000	0.0552865 	35.000000	2.39344e-05	
38.000000	0.0549126 	38.000000	0.0518157 	38.000000	0.051202  	38.000000	0.0511898 	38.000000	0.0512002 	38.000000	0.0517935 	38.000000	2.2215e-05	
41.000000	0.0516666 	41.000000	0.0487895 	41.000000	0.0482465 	41.000000	0.0482248 	41.000000	0.048245  	41.000000	0.0487687 	41.000000	2.07352e-05	
44.000000	0.0488322 	44.000000	0.0461423 	44.000000	0.0456565 	44.000000	0.0456299 	44.000000	0.0456576 	44.000000	0.0461228 	44.000000	1.94476e-05	
47.000000	0.0463345 	47.000000	0.0438063 	47.000000	0.0433703 	47.000000	0.0433385 	47.000000	0.0433721 	47.000000	0.043788  	47.000000	1.83165e-05	
50.000000	0.0441158 	50.000000	0.041729  	50.000000	0.0413344 	50.000000	0.0412995 	50.000000	0.0413378 	50.000000	0.0417117 	50.000000	1.73148e-05	
55.000000	0.0409196 	55.000000	0.0387338 	55.000000	0.0384029 	55.000000	0.0383565 	55.000000	0.0384004 	55.000000	0.038718  	55.000000	1.58769e-05	
60.000000	0.0382207 	60.000000	0.0362029 	60.000000	0.0359156 	60.000000	0.0358665 	60.000000	0.0359143 	60.000000	0.0361882 	60.000000	1.46679e-05	
65.000000	0.0359093 	65.000000	0.0340349 	65.000000	0.0337787 	65.000000	0.0337309 	65.000000	0.0337813 	65.000000	0.0340213 	65.000000	1.36364e-05	
70.000000	0.0339061 	70.000000	0.0321563 	70.000000	0.0319289 	70.000000	0.031878  	70.000000	0.0319303 	70.000000	0.0321435 	70.000000	1.27455e-05	
75.000000	0.0321521 	75.000000	0.030512  	75.000000	0.0303074 	75.000000	0.0302544 	75.000000	0.0303079 	75.000000	0.0305001 	75.000000	1.19682e-05	
80.000000	0.0306026 	80.000000	0.0290605 	80.000000	0.0288742 	80.000000	0.0288195 	80.000000	0.0288739 	80.000000	0.0290492 	80.000000	1.12836e-05	
85.000000	0.0292231 	85.000000	0.0277693 	85.000000	0.0275977 	85.000000	0.0275418 	85.000000	0.0275967 	85.000000	0.0277586 	85.000000	1.06759e-05	
90.000000	0.0279865 	90.000000	0.026613  	90.000000	0.0264497 	90.000000	0.0263965 	90.000000	0.0264516 	90.000000	0.0266028 	90.000000	1.01327e-05	
95.000000	0.0268712 	95.000000	0.0255712 	95.000000	0.0254182 	95.000000	0.0253638 	95.000000	0.025419  	95.000000	0.0255616 	95.000000	9.64413e-06	
100.000000	0.0258597 	100.000000	0.0246278 	100.000000	0.024483  	100.000000	0.0244277 	100.000000	0.0244829 	100.000000	0.0246186 	100.000000	9.20224e-06	
105.000000	0.024938  	105.000000	0.0237691 	105.000000	0.0236314 	105.000000	0.0235751 	105.000000	0.0236301 	105.000000	0.0237603 	105.000000	8.80057e-06	
110.000000	0.0240943 	110.000000	0.0229842 	110.000000	0.0228495 	110.000000	0.0227953 	110.000000	0.0228501 	110.000000	0.0229757 	110.000000	8.43378e-06	
115.000000	0.0233188 	115.000000	0.0222639 	115.000000	0.0221329 	115.000000	0.0220791 	115.000000	0.0221337 	115.000000	0.0222558 	115.000000	8.09748e-06	
120.000000	0.0226034 	120.000000	0.0216004 	120.000000	0.0214741 	120.000000	0.0214191 	120.000000	0.0214734 	120.000000	0.0215926 	120.000000	7.78796e-06	
125.000000	0.0219412 	125.000000	0.0209873 	125.000000	0.0208635 	125.000000	0.0208088 	125.000000	0.0208628 	125.000000	0.0209798 	125.000000	7.50212e-06	
130.000000	0.0213264 	130.000000	0.0204189 	130.000000	0.0202957 	130.000000	0.0202429 	130.000000	0.0202965 	130.000000	0.0204117 	130.000000	7.23729e-06	
135.000000	0.0207539 	135.000000	0.0198905 	135.000000	0.0197694 	135.000000	0.0197165 	135.000000	0.0197698 	135.000000	0.0198836 	135.000000	6.99121e-06	
140.000000	0.0202194 	140.000000	0.0193981 	140.000000	0.0192795 	140.000000	0.0192257 	140.000000	0.0192787 	140.000000	0.0193913 	140.000000	6.76195e-06	
145.000000	0.019719  	145.000000	0.018938  	145.000000	0.0188206 	145.000000	0.018767  	145.000000	0.0188196 	145.000000	0.0189314 	145.000000	6.5478e-06	
150.000000	0.0192497 	150.000000	0.0185071 	150.000000	0.0183892 	150.000000	0.0183374 	150.000000	0.0183896 	150.000000	0.0185007 	150.000000	6.3473e-06	
155.000000	0.0185888 	155.000000	0.0181027 	155.000000	0.0179859 	155.000000	0.017934  	155.000000	0.0179859 	155.000000	0.0180966 	155.000000	6.15918e-06	
160.000000	0.0182014 	160.000000	0.0177225 	160.000000	0.0176066 	160.000000	0.0175547 	160.000000	0.0176062 	160.000000	0.0177165 	160.000000	5.9823e-06	
165.000000	0.0178361 	165.000000	0.0173643 	165.000000	0.0172478 	165.000000	0.0171972 	165.000000	0.0172484 	165.000000	0.0173585 	165.000000	5.81568e-06	
170.000000	0.0174911 	170.000000	0.0170262 	170.000000	0.0169098 	170.000000	0.0168599 	170.000000	0.0169107 	170.000000	0.0170206 	170.000000	5.65843e-06	
175.000000	0.0171646 	175.000000	0.0167067 	175.000000	0.0165913 	175.000000	0.0165409 	175.000000	0.0165914 	175.000000	0.0167012 	175.000000	5.50979e-06	
180.000000	0.0168551 	180.000000	0.0164042 	180.000000	0.0162898 	180.000000	0.0162389 	180.000000	0.016289  	180.000000	0.0163988 	180.000000	5.36904e-06	
185.000000	0.0165615 	185.000000	0.0161173 	185.000000	0.0160031 	185.000000	0.0159526 	185.000000	0.0160023 	185.000000	0.0161121 	185.000000	5.23557e-06	
190.000000	0.0162824 	190.000000	0.015845  	190.000000	0.01573   	190.000000	0.0156807 	190.000000	0.0157301 	190.000000	0.0158399 	190.000000	5.10882e-06	
195.000000	0.0160168 	195.000000	0.0155861 	195.000000	0.0154711 	195.000000	0.0154222 	195.000000	0.0154713 	195.000000	0.0155811 	195.000000	4.9883e-06	
200.000000	0.0157637 	200.000000	0.0153396 	200.000000	0.0152254 	200.000000	0.0151761 	200.000000	0.015225  	200.000000	0.0153348 	200.000000	4.87354e-06	
210.000000	0.0152918 	210.000000	0.0148807 	210.000000	0.0147657 	210.000000	0.014718  	210.000000	0.0147662 	210.000000	0.014876  	210.000000	4.65973e-06	
220.000000	0.0148604 	220.000000	0.0144621 	220.000000	0.0143479 	220.000000	0.0143001 	220.000000	0.0143477 	220.000000	0.0144576 	220.000000	4.46455e-06	
230.000000	0.0144646 	230.000000	0.0140786 	230.000000	0.013964  	230.000000	0.0139174 	230.000000	0.0139645 	230.000000	0.0140744 	230.000000	4.28563e-06	
240.000000	0.0141001 	240.000000	0.0137262 	240.000000	0.013612  	240.000000	0.0135658 	240.000000	0.0136124 	240.000000	0.0137221 	240.000000	4.121e-06 	
250.000000	0.0137633 	250.000000	0.0134012 	250.000000	0.0132884 	250.000000	0.0132416 	250.000000	0.0132877 	250.000000	0.0133972 	250.000000	3.96899e-06	
260.000000	0.0134511 	260.000000	0.0131005 	260.000000	0.0129879 	260.000000	0.0129419 	260.000000	0.0129874 	260.000000	0.0130967 	260.000000	3.8282e-06	
270.000000	0.013161  	270.000000	0.0128215 	270.000000	0.0127089 	270.000000	0.0126639 	270.000000	0.012709  	270.000000	0.0128178 	270.000000	3.6974e-06	
280.000000	0.0128907 	280.000000	0.0125621 	280.000000	0.0124507 	280.000000	0.0124054 	280.000000	0.0124501 	280.000000	0.0125585 	280.000000	3.57556e-06	
290.000000	0.0126382 	290.000000	0.0123201 	290.000000	0.0122088 	290.000000	0.0121645 	290.000000	0.0122088 	290.000000	0.0123167 	290.000000	3.46178e-06	
300.000000	0.0124018 	300.000000	0.012094  	300.000000	0.0119835 	300.000000	0.0119396 	300.000000	0.0119834 	300.000000	0.0120907 	300.000000	3.35527e-06	
310.000000	0.01218   	310.000000	0.0118823 	310.000000	0.011773  	310.000000	0.011729  	310.000000	0.0117725 	310.000000	0.011879  	310.000000	3.25535e-06	
320.000000	0.0119716 	320.000000	0.0116836 	320.000000	0.0115745 	320.000000	0.0115316 	320.000000	0.0115747 	320.000000	0.0116804 	320.000000	3.16141e-06	
330.000000	0.0117754 	330.000000	0.0114968 	330.000000	0.0113888 	330.000000	0.0113461 	330.000000	0.0113888 	330.000000	0.0114938 	330.000000	3.07294e-06	
340.000000	0.0115903 	340.000000	0.011321  	340.000000	0.0112143 	340.000000	0.0111715 	340.000000	0.0112139 	340.000000	0.011318  	340.000000	2.98946e-06	
350.000000	0.0114155 	350.000000	0.0111551 	350.000000	0.0110489 	350.000000	0.0110069 	350.000000	0.011049  	350.000000	0.0111522 	350.000000	2.91056e-06	
360.000000	0.0112501 	360.000000	0.0109984 	360.000000	0.0108932 	360.000000	0.0108516 	360.000000	0.0108934 	360.000000	0.0109955 	360.000000	2.83586e-06	
370.000000	0.0110933 	370.000000	0.0108501 	370.000000	0.0107466 	370.000000	0.0107048 	370.000000	0.0107463 	370.000000	0.0108473 	370.000000	2.76504e-06	
380.000000	0.0109447 	380.000000	0.0107097 	380.000000	0.0106071 	380.000000	0.0105658 	380.000000	0.010607  	380.000000	0.010707  	380.000000	2.69779e-06	
390.000000	0.0108034 	390.000000	0.0105765 	390.000000	0.0104747 	390.000000	0.010434  	390.000000	0.010475  	390.000000	0.0105738 	390.000000	2.63385e-06	
400.000000	0.0106691 	400.000000	0.01045   	400.000000	0.0103497 	400.000000	0.010309  	400.000000	0.0103497 	400.000000	0.0104474 	400.000000	2.57298e-06	
410.000000	0.0105413 	410.000000	0.0103297 	410.000000	0.010231  	410.000000	0.0101903 	410.000000	0.0102307 	410.000000	0.0103272 	410.000000	2.51496e-06	
420.000000	0.0104194 	420.000000	0.0102153 	420.000000	0.0101175 	420.000000	0.0100773 	420.000000	0.0101175 	420.000000	0.0102128 	420.000000	2.45959e-06	
430.000000	0.0103032 	430.000000	0.0101062 	430.000000	0.0100094 	430.000000	0.00996975	430.000000	0.0100097 	430.000000	0.0101038 	430.000000	2.40669e-06	
440.000000	0.0101922 	440.000000	0.0100022 	440.000000	0.00990689	440.000000	0.00986727	440.000000	0.00990701	440.000000	0.00999985	440.000000	2.3561e-06	
450.000000	0.0100861 	450.000000	0.00990293	450.000000	0.00980926	450.000000	0.00976951	450.000000	0.00980903	450.000000	0.00990063	450.000000	2.30767e-06	
460.000000	0.00998461	460.000000	0.00980808	460.000000	0.00971563	460.000000	0.00967617	460.000000	0.00971549	460.000000	0.00980582	460.000000	2.26126e-06	
470.000000	0.00988745	470.000000	0.00971739	470.000000	0.0096259 	470.000000	0.00958699	470.000000	0.00962611	470.000000	0.00971517	470.000000	2.21674e-06	
480.000000	0.00979435	480.000000	0.00963059	480.000000	0.00954033	480.000000	0.0095017 	480.000000	0.00954062	480.000000	0.00962841	480.000000	2.17401e-06	
490.000000	0.00970509	490.000000	0.00954746	490.000000	0.0094588 	490.000000	0.00942007	490.000000	0.0094588 	490.000000	0.00954532	490.000000	2.13295e-06	
500.000000	0.00961944	500.000000	0.00946778	500.000000	0.00938067	500.000000	0.00934189	500.000000	0.00938044	500.000000	0.00946569	500.000000	2.09346e-06	
520.000000	0.0094582 	520.000000	0.00931802	520.000000	0.0092331 	520.000000	0.00919508	520.000000	0.00923329	520.000000	0.009316  	520.000000	2.01888e-06	
540.000000	0.00930917	540.000000	0.00917989	540.000000	0.00909763	540.000000	0.00905986	540.000000	0.00909773	540.000000	0.00917794	540.000000	1.9496e-06	
560.000000	0.00917112	560.000000	0.00905219	560.000000	0.00897277	560.000000	0.00893498	560.000000	0.00897256	560.000000	0.00905031	560.000000	1.88507e-06	
580.000000	0.00904296	580.000000	0.00893387	580.000000	0.00885649	580.000000	0.00881941	580.000000	0.0088567 	580.000000	0.00893204	580.000000	1.82483e-06	
600.000000	0.00892377	600.000000	0.00882401	600.000000	0.00874911	600.000000	0.00871221	600.000000	0.00874924	600.000000	0.00882224	600.000000	1.76844e-06	
620.000000	0.0088127 	620.000000	0.00872182	620.000000	0.00864958	620.000000	0.00861259	620.000000	0.00864936	620.000000	0.0087201 	620.000000	1.71555e-06	
640.000000	0.00870905	640.000000	0.00862659	640.000000	0.00855631	640.000000	0.00851983	640.000000	0.00855636	640.000000	0.00862493	640.000000	1.66584e-06	
660.000000	0.00861218	660.000000	0.00853772	660.000000	0.00846937	660.000000	0.00843332	660.000000	0.00846962	660.000000	0.0085361 	660.000000	1.61902e-06	
680.000000	0.0085215 	680.000000	0.00845466	680.000000	0.00838864	680.000000	0.0083525 	680.000000	0.00838859	680.000000	0.00845308	680.000000	1.57486e-06	
700.000000	0.00843654	700.000000	0.00837691	700.000000	0.00831298	700.000000	0.00827689	700.000000	0.00831278	700.000000	0.00837538	700.000000	1.53311e-06	
720.000000	0.00835682	720.000000	0.00830406	720.000000	0.00824167	720.000000	0.00820604	720.000000	0.00824174	720.000000	0.00830256	720.000000	1.4936e-06	
740.000000	0.00828195	740.000000	0.0082357 	740.000000	0.00817539	740.000000	0.00814012	740.000000	0.00817563	740.000000	0.00823425	740.000000	1.45615e-06	
760.000000	0.00821157	760.000000	0.00817151	760.000000	0.00811473	760.000000	0.00807942	760.000000	0.00811476	760.000000	0.00817009	760.000000	1.42058e-06	
780.000000	0.00814535	780.000000	0.00811116	780.000000	0.00805771	780.000000	0.00802233	780.000000	0.00805749	780.000000	0.00810977	780.000000	1.38678e-06	
800.000000	0.008083  	800.000000	0.00805437	800.000000	0.00800371	800.000000	0.00796857	800.000000	0.00800358	800.000000	0.00805302	800.000000	1.3546e-06	
820.000000	0.00802424	820.000000	0.0080009 	820.000000	0.00795265	820.000000	0.00791791	820.000000	0.00795277	820.000000	0.00799957	820.000000	1.32392e-06	
840.000000	0.00796884	840.000000	0.0079505 	840.000000	0.00790462	840.000000	0.00787011	840.000000	0.00790483	840.000000	0.0079492 	840.000000	1.29466e-06	
860.000000	0.00791657	860.000000	0.00790297	860.000000	0.00785952	860.000000	0.00782499	860.000000	0.00785956	860.000000	0.0079017 	860.000000	1.2667e-06	
880.000000	0.00786724	880.000000	0.00785812	880.000000	0.00781696	880.000000	0.00778234	880.000000	0.00781679	880.000000	0.00785688	880.000000	1.23996e-06	
900.000000	0.00782065	900.000000	0.00781578	900.000000	0.00777656	900.000000	0.00774202	900.000000	0.00777634	900.000000	0.00781456	900.000000	1.21437e-06	
920.000000	0.00777665	920.000000	0.00777577	920.000000	0.00773812	920.000000	0.00770385	920.000000	0.00773804	920.000000	0.00777458	920.000000	1.18985e-06	
940.000000	0.00773507	940.000000	0.00773797	940.000000	0.00770168	940.000000	0.00766771	940.000000	0.00770178	940.000000	0.0077368 	940.000000	1.16633e-06	
960.000000	0.00769577	960.000000	0.00770223	960.000000	0.00766724	960.000000	0.00763345	960.000000	0.00766742	960.000000	0.00770109	960.000000	1.14376e-06	
980.000000	0.00765862	980.000000	0.00766843	980.000000	0.00763476	980.000000	0.00760097	980.000000	0.00763484	980.000000	0.00766731	980.000000	1.12207e-06	
1000.000000	0.0076235 	1000.000000	0.00763646	1000.000000	0.00760402	1000.000000	0.00757016	1000.000000	0.00760391	1000.000000	0.00763536	1000.000000	1.10122e-06	
1020.000000	0.0075903 	1020.000000	0.00760621	1020.000000	0.00757479	1020.000000	0.0075409 	1020.000000	0.00757456	1020.000000	0.00760513	1020.000000	1.08115e-06	
1040.000000	0.00755891	1040.000000	0.00757758	1040.000000	0.00754691	1040.000000	0.00751312	1040.000000	0.00754668	1040.000000	0.00757652	1040.000000	1.06183e-06	
1060.000000	0.00752923	1060.000000	0.00755049	1060.000000	0.00752031	1060.000000	0.00748672	1060.000000	0.00752019	1060.000000	0.00754945	1060.000000	1.0432e-06	
1080.000000	0.00750119	1080.000000	0.00752485	1080.000000	0.00749498	1080.000000	0.00746162	1080.000000	0.007495  	1080.000000	0.00752382	1080.000000	1.02525e-06	
1100.000000	0.00747468	1100.000000	0.00750058	1100.000000	0.00747092	1100.000000	0.00743775	1100.000000	0.00747105	1100.000000	0.00749957	1100.000000	1.00792e-06	
1120.000000	0.00744964	1120.000000	0.00747761	1120.000000	0.00744813	1120.000000	0.00741504	1120.000000	0.00744826	1120.000000	0.00747662	1120.000000	9.91183e-07	
1140.000000	0.007426  	1140.000000	0.00745588	1140.000000	0.00742653	1140.000000	0.00739343	1140.000000	0.00742657	1140.000000	0.00745491	1140.000000	9.75014e-07	
1160.000000	0.00740368	1160.000000	0.00743532	1160.000000	0.007406  	1160.000000	0.00737286	1160.000000	0.00740592	1160.000000	0.00743436	1160.000000	9.59382e-07	
1180.000000	0.00738263	1180.000000	0.00741587	1180.000000	0.00738645	1180.000000	0.00735326	1180.000000	0.00738625	1180.000000	0.00741493	1180.000000	9.4426e-07	
1200.000000	0.00736278	1200.000000	0.00739748	1200.000000	0.00736778	1200.000000	0.0073346 	1200.000000	0.00736751	1200.000000	0.00739655	1200.000000	9.29623e-07	
1220.000000	0.00734408	1220.000000	0.0073801 	1220.000000	0.00734991	1220.000000	0.00731681	1220.000000	0.00734966	1220.000000	0.00737919	1220.000000	9.15448e-07	
1240.000000	0.00732648	1240.000000	0.00736368	1240.000000	0.00733281	1240.000000	0.00729986	1240.000000	0.00733265	1240.000000	0.00736278	1240.000000	9.01714e-07	
1260.000000	0.00730992	1260.000000	0.00734817	1260.000000	0.00731649	1260.000000	0.00728371	1260.000000	0.00731642	1260.000000	0.00734728	1260.000000	8.88399e-07	
1280.000000	0.00729437	1280.000000	0.00733354	1280.000000	0.00730093	1280.000000	0.0072683 	1280.000000	0.00730095	1280.000000	0.00733266	1280.000000	8.75485e-07	
1300.000000	0.00727978	1300.000000	0.00731973	1300.000000	0.00728612	1300.000000	0.00725362	1300.000000	0.0072862 	1300.000000	0.00731887	1300.000000	8.62953e-07	
1320.000000	0.0072661 	1320.000000	0.00730673	1320.000000	0.00727204	1320.000000	0.00723961	1320.000000	0.00727214	1320.000000	0.00730588	1320.000000	8.50787e-07	
1340.000000	0.00725331	1340.000000	0.00729448	1340.000000	0.00725866	1340.000000	0.00722625	1340.000000	0.00725873	1340.000000	0.00729364	1340.000000	8.38971e-07	
1360.000000	0.00724136	1360.000000	0.00728297	1360.000000	0.00724594	1360.000000	0.00721351	1360.000000	0.00724593	1360.000000	0.00728214	1360.000000	8.2749e-07	
1380.000000	0.00723022	1380.000000	0.00727215	1380.000000	0.00723382	1380.000000	0.00720135	1380.000000	0.00723372	1380.000000	0.00727133	1380.000000	8.16329e-07	
1400.000000	0.00721986	1400.000000	0.00726199	1400.000000	0.00722226	1400.000000	0.00718976	1400.000000	0.00722207	1400.000000	0.00726119	1400.000000	8.05475e-07	
1420.000000	0.00721025	1420.000000	0.00725248	1420.000000	0.00721122	1420.000000	0.0071787 	1420.000000	0.00721096	1420.000000	0.00725168	1420.000000	7.94915e-07	
1440.000000	0.00720135	1440.000000	0.00724358	1440.000000	0.00720065	1440.000000	0.00716815	1440.000000	0.00720036	1440.000000	0.00724279	1440.000000	7.84638e-07	
1460.000000	0.00719315	1460.000000	0.00723526	1460.000000	0.00719053	1460.000000	0.00715808	1460.000000	0.00719025	1460.000000	0.00723449	1460.000000	7.74632e-07	
1480.000000	0.00718562	1480.000000	0.00722752	1480.000000	0.00718085	1480.000000	0.00714848	1480.000000	0.00718061	1480.000000	0.00722675	1480.000000	7.64887e-07	
1500.000000	0.00717872	1500.000000	0.00722031	1500.000000	0.00717159	1500.000000	0.00713933	1500.000000	0.0071714 	1500.000000	0.00721956	1500.000000	7.55392e-07	
1520.000000	0.00717244	1520.000000	0.00721363	1520.000000	0.00716274	1520.000000	0.0071306 	1520.000000	0.00716263	1520.000000	0.00721288	1520.000000	7.46137e-07	
1540.000000	0.00716676	1540.000000	0.00720745	1540.000000	0.00715431	1540.000000	0.00712227	1540.000000	0.00715426	1540.000000	0.00720671	1540.000000	7.37114e-07	
1560.000000	0.00716165	1560.000000	0.00720175	1560.000000	0.00714628	1560.000000	0.00711434	1560.000000	0.00714629	1560.000000	0.00720102	1560.000000	7.28314e-07	
1580.000000	0.0071571 	1580.000000	0.00719651	1580.000000	0.00713864	1580.000000	0.00710678	1580.000000	0.00713869	1580.000000	0.00719579	1580.000000	7.19729e-07	
1600.000000	0.00715308	1600.000000	0.00719173	1600.000000	0.00713137	1600.000000	0.00709957	1600.000000	0.00713144	1600.000000	0.00719101	1600.000000	7.1135e-07	
1620.000000	0.00714958	1620.000000	0.00718737	1620.000000	0.00712448	1620.000000	0.0070927 	1620.000000	0.00712454	1620.000000	0.00718667	1620.000000	7.03171e-07	
1640.000000	0.00714658	1640.000000	0.00718343	1640.000000	0.00711794	1640.000000	0.00708617	1640.000000	0.00711796	1640.000000	0.00718273	1640.000000	6.95184e-07	
1660.000000	0.00714407	1660.000000	0.00717989	1660.000000	0.00711173	1660.000000	0.00707994	1660.000000	0.0071117 	1660.000000	0.0071792 	1660.000000	6.87382e-07	
1680.000000	0.00714202	1680.000000	0.00717673	1680.000000	0.00710582	1680.000000	0.00707402	1680.000000	0.00710575	1680.000000	0.00717605	1680.000000	6.79759e-07	
1700.000000	0.00714042	1700.000000	0.00717395	1700.000000	0.00710021	1700.000000	0.00706839	1700.000000	0.00710008	1700.000000	0.00717328	1700.000000	6.72309e-07	
1750.000000	0.00713832	1750.000000	0.00716854	1750.000000	0.00708736	1750.000000	0.00705549	1750.000000	0.0070871 	1750.000000	0.00716788	1750.000000	6.54402e-07	
1800.000000	0.00713875	1800.000000	0.00716519	1800.000000	0.00707602	1800.000000	0.00704417	1800.000000	0.0070757 	1800.000000	0.00716456	1800.000000	6.37455e-07	
1850.000000	0.00714152	1850.000000	0.00716375	1850.000000	0.00706601	1850.000000	0.00703426	1850.000000	0.00706572	1850.000000	0.00716313	1850.000000	6.2139e-07	
1900.000000	0.00714648	1900.000000	0.00716405	1900.000000	0.00705724	1900.000000	0.00702564	1900.000000	0.00705703	1900.000000	0.00716345	1900.000000	6.06141e-07	
1950.000000	0.00715346	1950.000000	0.00716597	1950.000000	0.00704963	1950.000000	0.00701819	1950.000000	0.00704952	1950.000000	0.00716538	1950.000000	5.91646e-07	
2000.000000	0.00716233	2000.000000	0.00716939	2000.000000	0.0070431 	2000.000000	0.00701181	2000.000000	0.00704308	2000.000000	0.00716881	2000.000000	5.7785e-07	
2100.000000	0.00718526	2100.000000	0.00718028	2100.000000	0.00703301	2100.000000	0.00700188	2100.000000	0.00703303	2100.000000	0.00717972	2100.000000	5.5216e-07	
2200.000000	0.00721442	2200.000000	0.00719596	2200.000000	0.00702629	2200.000000	0.00699519	2200.000000	0.00702624	2200.000000	0.00719544	2200.000000	5.28724e-07	
2300.000000	0.00724908	2300.000000	0.00721583	2300.000000	0.00702233	2300.000000	0.00699123	2300.000000	0.00702218	2300.000000	0.00721532	2300.000000	5.07255e-07	
2400.000000	0.00728864	2400.000000	0.00723934	2400.000000	0.00702065	2400.000000	0.00698956	2400.000000	0.00702043	2400.000000	0.00723885	2400.000000	4.87513e-07	
2500.000000	0.00733259	2500.000000	0.00726606	2500.000000	0.00702085	2500.000000	0.00698982	2500.000000	0.00702061	2500.000000	0.00726559	2500.000000	4.69296e-07	
2600.000000	0.00738051	2600.000000	0.00729562	2600.000000	0.00702266	2600.000000	0.00699172	2600.000000	0.00702244	2600.000000	0.00729516	2600.000000	4.52432e-07	
2700.000000	0.00743201	2700.000000	0.00732769	2700.000000	0.00702583	2700.000000	0.006995  	2700.000000	0.00702566	2700.000000	0.00732725	2700.000000	4.36774e-07	
2800.000000	0.00748679	2800.000000	0.00736201	2800.000000	0.00703018	2800.000000	0.00699947	2800.000000	0.00703008	2800.000000	0.00736159	2800.000000	4.22196e-07	
2900.000000	0.00754455	2900.000000	0.00739834	2900.000000	0.00703554	2900.000000	0.00700495	2900.000000	0.00703549	2900.000000	0.00739793	2900.000000	4.08589e-07	
3000.000000	0.00760507	3000.000000	0.00743647	3000.000000	0.00704175	3000.000000	0.00701128	3000.000000	0.00704177	3000.000000	0.00743607	3000.000000	3.95857e-07	
3200.000000	0.00773352	3200.000000	0.00751745	3200.000000	0.00705627	3200.000000	0.00702601	3200.000000	0.00705641	3200.000000	0.00751708	3200.000000	3.72701e-07	
3400.000000	0.00787074	3400.000000	0.00760378	3400.000000	0.00707297	3400.000000	0.00704287	3400.000000	0.00707318	3400.000000	0.00760343	3400.000000	3.52179e-07	
3600.000000	0.00801561	3600.000000	0.00769453	3600.000000	0.00709125	3600.000000	0.00706124	3600.000000	0.00709149	3600.000000	0.00769419	3600.000000	3.33862e-07	
3800.000000	0.00816726	3800.000000	0.00778897	3800.000000	0.00711064	3800.000000	0.00708068	3800.000000	0.00711086	3800.000000	0.00778865	3800.000000	3.17409e-07	
4000.000000	0.00832498	4000.000000	0.00788653	4000.000000	0.00713081	4000.000000	0.00710086	4000.000000	0.00713098	4000.000000	0.00788623	4000.000000	3.02546e-07	
4200.000000	0.00848818	4200.000000	0.00798674	4200.000000	0.00715147	4200.000000	0.00712151	4200.000000	0.00715158	4200.000000	0.00798645	4200.000000	2.89052e-07	
4400.000000	0.00865639	4400.000000	0.00808921	4400.000000	0.00717241	4400.000000	0.00714244	4400.000000	0.00717246	4400.000000	0.00808893	4400.000000	2.76745e-07	
4600.000000	0.0088292 	4600.000000	0.00819362	4600.000000	0.00719347	4600.000000	0.0071635 	4600.000000	0.00719347	4600.000000	0.00819335	4600.000000	2.65472e-07	
4800.000000	0.00900629	4800.000000	0.00829971	4800.000000	0.00721455	4800.000000	0.00718457	4800.000000	0.0072145 	4800.000000	0.00829945	4800.000000	2.55107e-07	
5000.000000	0.00918737	5000.000000	0.00840726	5000.000000	0.00723554	5000.000000	0.00720557	5000.000000	0.00723546	5000.000000	0.00840701	5000.000000	2.45545e-07	
5250.000000	0.00941898	5250.000000	0.00854347	5250.000000	0.00726157	5250.000000	0.00723162	5250.000000	0.00726146	5250.000000	0.00854323	5250.000000	2.34583e-07	
5500.000000	0.00965606	5500.000000	0.00868136	5500.000000	0.00728727	5500.000000	0.00725736	5500.000000	0.00728715	5500.000000	0.00868114	5500.000000	2.24585e-07	
6000.000000	0.0101454 	6000.000000	0.00896126	6000.000000	0.00733745	6000.000000	0.00730762	6000.000000	0.00733733	6000.000000	0.00896105	6000.000000	2.07009e-07	
6500.000000	0.0106533 	6500.000000	0.0092454 	6500.000000	0.00738581	6500.000000	0.00735605	6500.000000	0.00738568	6500.000000	0.0092452 	6500.000000	1.92053e-07	
7000.000000	0.0111783 	7000.000000	0.0095327 	7000.000000	0.00743221	7000.000000	0.00740251	7000.000000	0.00743207	7000.000000	0.00953252	7000.000000	1.79167e-07	
7500.000000	0.0117193 	7500.000000	0.00982237	7500.000000	0.00747664	7500.000000	0.00744699	7500.000000	0.00747648	7500.000000	0.0098222 	7500.000000	1.67946e-07	
8000.000000	0.0122756 	8000.000000	0.0101138 	8000.000000	0.00751921	8000.000000	0.00748955	8000.000000	0.00751896	8000.000000	0.0101137 	8000.000000	1.58084e-07	
8500.000000	0.0128464 	8500.000000	0.0104067 	8500.000000	0.0075598 	8500.000000	0.00753025	8500.000000	0.00755959	8500.000000	0.0104065 	8500.000000	1.49345e-07	
9000.000000	0.0134313 	9000.000000	0.0107005 	9000.000000	0.00759846	9000.000000	0.0075692 	9000.000000	0.00759846	9000.000000	0.0107004 	9000.000000	1.41547e-07	
9500.000000	0.0140298 	9500.000000	0.0109951 	9500.000000	0.0076355 	9500.000000	0.00760648	9500.000000	0.00763567	9500.000000	0.010995  	9500.000000	1.34545e-07	
10000.000000	0.0146418 	10000.000000	0.0112903 	10000.000000	0.00767108	10000.000000	0.00764221	10000.000000	0.00767133	10000.000000	0.0112902 	10000.000000	1.28221e-07	
11000.000000	0.0159049 	11000.000000	0.0118817 	11000.000000	0.0077382 	11000.000000	0.00770938	11000.000000	0.00773833	11000.000000	0.0118816 	11000.000000	1.17245e-07	
12000.000000	0.0172191 	12000.000000	0.0124739 	12000.000000	0.00780033	12000.000000	0.00777141	12000.000000	0.0078002 	12000.000000	0.0124738 	12000.000000	1.08045e-07	
13000.000000	0.0185835 	13000.000000	0.0130662 	13000.000000	0.0078578 	13000.000000	0.00782894	13000.000000	0.00785755	13000.000000	0.0130661 	13000.000000	1.00218e-07	
14000.000000	0.0199972 	14000.000000	0.0136582 	14000.000000	0.00791106	14000.000000	0.00788249	14000.000000	0.00791092	14000.000000	0.0136581 	14000.000000	9.34754e-08	
15000.000000	0.02146   	15000.000000	0.0142498 	15000.000000	0.00796067	15000.000000	0.00793254	15000.000000	0.00796077	15000.000000	0.0142497 	15000.000000	8.76053e-08	
16000.000000	0.0229716 	16000.000000	0.0148406 	16000.000000	0.0080072 	16000.000000	0.00797947	16000.000000	0.00800749	16000.000000	0.0148405 	16000.000000	8.2447e-08	
17000.000000	0.0245317 	17000.000000	0.0154306 	17000.000000	0.00805105	17000.000000	0.00802361	17000.000000	0.00805142	17000.000000	0.0154306 	17000.000000	7.78775e-08	
18000.000000	0.0261403 	18000.000000	0.0160198 	18000.000000	0.00809252	18000.000000	0.00806526	18000.000000	0.00809284	18000.000000	0.0160197 	18000.000000	7.38006e-08	
19000.000000	0.0277973 	19000.000000	0.016608  	19000.000000	0.00813184	19000.000000	0.00810466	19000.000000	0.008132  	19000.000000	0.0166079 	19000.000000	7.014e-08 	
20000.000000	0.0295028 	20000.000000	0.0171953 	20000.000000	0.0081692 	20000.000000	0.00814202	20000.000000	0.00816911	20000.000000	0.0171952 	20000.000000	6.68346e-08	
21000.000000	0.0312569 	21000.000000	0.0177815 	21000.000000	0.00820459	21000.000000	0.00817754	21000.000000	0.00820437	21000.000000	0.0177815 	21000.000000	6.38346e-08	
22000.000000	0.0330597 	22000.000000	0.0183668 	22000.000000	0.00823791	22000.000000	0.00821138	22000.000000	0.00823792	22000.000000	0.0183668 	22000.000000	6.10993e-08	
23000.000000	0.0349112 	23000.000000	0.0189512 	23000.000000	0.00826999	23000.000000	0.00824367	23000.000000	0.00826993	23000.000000	0.0189511 	23000.000000	5.85947e-08	
24000.000000	0.0368117 	24000.000000	0.0195345 	24000.000000	0.00830081	24000.000000	0.00827455	24000.000000	0.00830051	24000.000000	0.0195345 	24000.000000	5.62926e-08	
25000.000000	0.0387613 	25000.000000	0.0201169 	25000.000000	0.0083301 	25000.000000	0.00830413	25000.000000	0.00832978	25000.000000	0.0201169 	25000.000000	5.41693e-08	
26000.000000	0.0407601 	26000.000000	0.0206984 	26000.000000	0.0083581 	26000.000000	0.0083325 	26000.000000	0.00835783	26000.000000	0.0206984 	26000.000000	5.22044e-08	
27000.000000	0.0428085 	27000.000000	0.021279  	27000.000000	0.00838502	27000.000000	0.00835977	27000.000000	0.00838476	27000.000000	0.0212789 	27000.000000	5.03808e-08	
28000.000000	0.0449065 	28000.000000	0.0218586 	28000.000000	0.0084109 	28000.000000	0.008386  	28000.000000	0.00841064	28000.000000	0.0218586 	28000.000000	4.86836e-08	
29000.000000	0.0470544 	29000.000000	0.0224374 	29000.000000	0.00843579	29000.000000	0.00841126	29000.000000	0.00843556	29000.000000	0.0224373 	29000.000000	4.71e-08  	
30000.000000	0.0492524 	30000.000000	0.0230153 	30000.000000	0.00845976	30000.000000	0.00843564	30000.000000	0.00845956	30000.000000	0.0230152 	30000.000000	4.56188e-08	
32000.000000	0.0537997 	32000.000000	0.0241685 	32000.000000	0.00850522	32000.000000	0.00848192	32000.000000	0.00850507	32000.000000	0.0241685 	32000.000000	4.29261e-08	
34000.000000	0.0585503 	34000.000000	0.0253186 	34000.000000	0.00854776	34000.000000	0.00852526	34000.000000	0.00854759	34000.000000	0.0253185 	34000.000000	4.05412e-08	
36000.000000	0.0635062 	36000.000000	0.0264655 	36000.000000	0.00858762	36000.000000	0.00856599	36000.000000	0.00858744	36000.000000	0.0264654 	36000.000000	3.84137e-08	
38000.000000	0.0686693 	38000.000000	0.0276094 	38000.000000	0.00862506	38000.000000	0.00860439	38000.000000	0.00862494	38000.000000	0.0276094 	38000.000000	3.65038e-08	
40000.000000	0.0740419 	40000.000000	0.0287505 	40000.000000	0.00866038	40000.000000	0.00864071	40000.000000	0.0086603 	40000.000000	0.0287505 	40000.000000	3.47794e-08	
42000.000000	0.0796261 	42000.000000	0.0298889 	42000.000000	0.00869386	42000.000000	0.00867516	42000.000000	0.00869374	42000.000000	0.0298889 	42000.000000	3.32146e-08	
44000.000000	0.0854241 	44000.000000	0.0310247 	44000.000000	0.00872572	44000.000000	0.00870791	44000.000000	0.00872546	44000.000000	0.0310247 	44000.000000	3.17879e-08	
46000.000000	0.091438  	46000.000000	0.0321581 	46000.000000	0.00875613	46000.000000	0.00873912	46000.000000	0.00875556	46000.000000	0.032158  	46000.000000	3.04818e-08	
48000.000000	0.0976703 	48000.000000	0.033289  	48000.000000	0.00878518	48000.000000	0.00876892	48000.000000	0.00878423	48000.000000	0.0332889 	48000.000000	2.92814e-08	
50000.000000	0.104123  	50000.000000	0.0344176 	50000.000000	0.00881283	50000.000000	0.00879744	50000.000000	0.00881155	50000.000000	0.0344176 	50000.000000	2.81743e-08	
