*Energy (MeV/u)1	0 - [He-base] F.Hubert et al. AD&ND Tables 46(1990)1	Energy (MeV/u)2	1 - [H -base] J.F.Ziegler et al.Pergamon Press.NY(low energy)	Energy (MeV/u)3	2 - ATIMA 1.2 LS-theory (recommended for high energy)	Energy (MeV/u)4	3 - ATIMA 1.2 without LS-correction	Energy (MeV/u)5	4 - ATIMA 1.4 H.Weick. improved mean charge formula for HI	Energy (MeV/u)6	5 - electrical component of [1] - J.F.Ziegler et al	Energy (MeV/u)7	6 - nuclear component of [1] - J.F.Ziegler et al	
0.001000	0.349087  	0.001000	0.324121  	0.001000	0.252038  	0.001000	0.252038  	0.001000	0.25202   	0.001000	0.208244  	0.001000	0.115877  	
0.002000	0.385225  	0.002000	0.354945  	0.002000	0.277444  	0.002000	0.277444  	0.002000	0.277434  	0.002000	0.270059  	0.002000	0.0848854 	
0.005000	0.473548  	0.005000	0.431125  	0.005000	0.354794  	0.005000	0.354794  	0.005000	0.35479   	0.005000	0.380791  	0.005000	0.0503341 	
0.008000	0.5422    	0.008000	0.491245  	0.008000	0.422175  	0.008000	0.422175  	0.008000	0.422173  	0.008000	0.454184  	0.008000	0.0370609 	
0.010000	0.581238  	0.010000	0.525642  	0.010000	0.462387  	0.010000	0.462387  	0.010000	0.462386  	0.010000	0.493825  	0.010000	0.0318169 	
0.015000	0.679026  	0.015000	0.607544  	0.015000	0.532861  	0.015000	0.532861  	0.015000	0.53286   	0.015000	0.583891  	0.015000	0.023653  	
0.020000	0.756387  	0.020000	0.686809  	0.020000	0.594719  	0.020000	0.594719  	0.020000	0.594718  	0.020000	0.667653  	0.020000	0.0191556 	
0.025000	0.841176  	0.025000	0.760348  	0.025000	0.654535  	0.025000	0.654535  	0.025000	0.654534  	0.025000	0.744145  	0.025000	0.0162031 	
0.030000	0.912527  	0.030000	0.82892   	0.030000	0.720715  	0.030000	0.720715  	0.030000	0.720715  	0.030000	0.814819  	0.030000	0.0141008 	
0.035000	0.963194  	0.035000	0.886926  	0.035000	0.783367  	0.035000	0.783367  	0.035000	0.783367  	0.035000	0.874406  	0.035000	0.01252   	
0.040000	1.00082   	0.040000	0.938833  	0.040000	0.842479  	0.040000	0.842479  	0.040000	0.842479  	0.040000	0.92755   	0.040000	0.0112836 	
0.045000	1.02704   	0.045000	0.986913  	0.045000	0.89805   	0.045000	0.89805   	0.045000	0.89805   	0.045000	0.976625  	0.045000	0.0102875 	
0.050000	1.04273   	0.050000	1.03137   	0.050000	0.950097  	0.050000	0.950097  	0.050000	0.950097  	0.050000	1.02191   	0.050000	0.00946617	
0.055000	1.08176   	0.055000	1.07238   	0.055000	0.998657  	0.055000	0.998657  	0.055000	0.998657  	0.055000	1.06361   	0.055000	0.00877619	
0.060000	1.11434   	0.060000	1.11011   	0.060000	1.04379   	0.060000	1.04379   	0.060000	1.04379   	0.060000	1.10192   	0.060000	0.00818759	
0.070000	1.16233   	0.070000	1.17628   	0.070000	1.12408   	0.070000	1.12408   	0.070000	1.12408   	0.070000	1.16904   	0.070000	0.00723471	
0.080000	1.21559   	0.080000	1.23108   	0.080000	1.1918    	0.080000	1.1918    	0.080000	1.1918    	0.080000	1.22458   	0.080000	0.00649467	
0.090000	1.25532   	0.090000	1.2757    	0.090000	1.24799   	0.090000	1.24799   	0.090000	1.24799   	0.090000	1.26979   	0.090000	0.00590186	
0.100000	1.28513   	0.100000	1.31133   	0.100000	1.29381   	0.100000	1.29381   	0.100000	1.29381   	0.100000	1.30592   	0.100000	0.00541539	
0.120000	1.29547   	0.120000	1.36069   	0.120000	1.35914   	0.120000	1.35914   	0.120000	1.35914   	0.120000	1.35603   	0.120000	0.00466238	
0.140000	1.30261   	0.140000	1.39531   	0.140000	1.39704   	0.140000	1.39704   	0.140000	1.39704   	0.140000	1.39121   	0.140000	0.00410471	
0.160000	1.30566   	0.160000	1.41125   	0.160000	1.41539   	0.160000	1.41539   	0.160000	1.4154    	0.160000	1.40758   	0.160000	0.00367378	
0.180000	1.3089    	0.180000	1.41448   	0.180000	1.4204    	0.180000	1.4204    	0.180000	1.4204    	0.180000	1.41115   	0.180000	0.00332999	
0.200000	1.31374   	0.200000	1.40939   	0.200000	1.4166    	0.200000	1.4166    	0.200000	1.4166    	0.200000	1.40634   	0.200000	0.00304885	
0.250000	1.29824   	0.250000	1.38653   	0.250000	1.38735   	0.250000	1.38735   	0.250000	1.38735   	0.250000	1.384     	0.250000	0.00252694	
0.300000	1.29318   	0.300000	1.35875   	0.300000	1.3485    	0.300000	1.3485    	0.300000	1.3485    	0.300000	1.35658   	0.300000	0.00216561	
0.350000	1.2896    	0.350000	1.33084   	0.350000	1.31129   	0.350000	1.31129   	0.350000	1.31129   	0.350000	1.32894   	0.350000	0.00189959	
0.400000	1.2959    	0.400000	1.31586   	0.400000	1.28597   	0.400000	1.28597   	0.400000	1.28598   	0.400000	1.31417   	0.400000	0.001695  	
0.450000	1.29851   	0.450000	1.30135   	0.450000	1.25973   	0.450000	1.25973   	0.450000	1.25974   	0.450000	1.29982   	0.450000	0.00153243	
0.500000	1.29687   	0.500000	1.28623   	0.500000	1.23363   	0.500000	1.23363   	0.500000	1.23363   	0.500000	1.28483   	0.500000	0.00139993	
0.600000	1.24408   	0.600000	1.25896   	0.600000	1.18183   	0.600000	1.18183   	0.600000	1.18184   	0.600000	1.25776   	0.600000	0.00119652	
0.700000	1.16817   	0.700000	1.2153    	0.700000	1.13169   	0.700000	1.13169   	0.700000	1.13169   	0.700000	1.21425   	0.700000	0.00104727	
0.800000	1.12469   	0.800000	1.16168   	0.800000	1.08574   	0.800000	1.08574   	0.800000	1.08574   	0.800000	1.16074   	0.800000	0.000932788	
0.900000	1.08146   	0.900000	1.1118    	0.900000	1.04331   	0.900000	1.04331   	0.900000	1.04331   	0.900000	1.11095   	0.900000	0.000842027	
1.000000	1.03898   	1.000000	1.06481   	1.000000	1.00392   	1.000000	1.00392   	1.000000	1.00392   	1.000000	1.06404   	1.000000	0.000768196	
1.250000	0.939697  	1.250000	0.961703  	1.250000	0.914007  	1.250000	0.914007  	1.250000	0.914007  	1.250000	0.961071  	1.250000	0.000632129	
1.500000	0.852778  	1.500000	0.873882  	1.500000	0.83742   	1.500000	0.83742   	1.500000	0.83742   	1.500000	0.873343  	1.500000	0.000538739	
1.750000	0.777228  	1.750000	0.798368  	1.750000	0.773431  	1.750000	0.773431  	1.750000	0.773431  	1.750000	0.797898  	1.750000	0.000470447	
2.000000	0.714712  	2.000000	0.736358  	2.000000	0.718709  	2.000000	0.718709  	2.000000	0.71871   	2.000000	0.735939  	2.000000	0.000418213	
2.250000	0.662958  	2.250000	0.684156  	2.250000	0.67123   	2.250000	0.67123   	2.250000	0.67123   	2.250000	0.683779  	2.250000	0.000376898	
2.500000	0.607786  	2.500000	0.639194  	2.500000	0.629609  	2.500000	0.629609  	2.500000	0.629609  	2.500000	0.638851  	2.500000	0.000343357	
3.000000	0.539054  	3.000000	0.563664  	3.000000	0.560103  	3.000000	0.560103  	3.000000	0.560103  	3.000000	0.563372  	3.000000	0.000292113	
3.500000	0.485002  	3.500000	0.506069  	3.500000	0.504458  	3.500000	0.504458  	3.500000	0.504458  	3.500000	0.505815  	3.500000	0.000254718	
4.000000	0.441348  	4.000000	0.460123  	4.000000	0.458984  	4.000000	0.458984  	4.000000	0.458985  	4.000000	0.459897  	4.000000	0.000226164	
4.500000	0.405328  	4.500000	0.422353  	4.500000	0.421174  	4.500000	0.421174  	4.500000	0.421174  	4.500000	0.422149  	4.500000	0.000203611	
5.000000	0.375078  	5.000000	0.390636  	5.000000	0.389269  	5.000000	0.389269  	5.000000	0.389269  	5.000000	0.39045   	5.000000	0.000185324	
5.500000	0.349298  	5.500000	0.363568  	5.500000	0.361992  	5.500000	0.361992  	5.500000	0.361992  	5.500000	0.363398  	5.500000	0.000170183	
6.000000	0.327053  	6.000000	0.34017   	6.000000	0.338409  	6.000000	0.338409  	6.000000	0.338409  	6.000000	0.340013  	6.000000	0.000157428	
6.500000	0.307653  	6.500000	0.319728  	6.500000	0.317818  	6.500000	0.317818  	6.500000	0.317819  	6.500000	0.319581  	6.500000	0.00014653	
7.000000	0.290578  	7.000000	0.301706  	7.000000	0.299684  	7.000000	0.299684  	7.000000	0.299684  	7.000000	0.301569  	7.000000	0.000137106	
7.500000	0.275428  	7.500000	0.285692  	7.500000	0.283588  	7.500000	0.283588  	7.500000	0.283588  	7.500000	0.285564  	7.500000	0.000128871	
8.000000	0.261889  	8.000000	0.271366  	8.000000	0.269204  	8.000000	0.269204  	8.000000	0.269205  	8.000000	0.271245  	8.000000	0.000121611	
8.500000	0.249715  	8.500000	0.258471  	8.500000	0.256271  	8.500000	0.256271  	8.500000	0.256271  	8.500000	0.258355  	8.500000	0.000115159	
9.000000	0.238705  	9.000000	0.246799  	9.000000	0.244577  	9.000000	0.244577  	9.000000	0.244578  	9.000000	0.24669   	9.000000	0.000109387	
9.500000	0.228699  	9.500000	0.236184  	9.500000	0.233951  	9.500000	0.233951  	9.500000	0.233952  	9.500000	0.23608   	9.500000	0.00010419	
10.000000	0.219562  	10.000000	0.223538  	10.000000	0.224252  	10.000000	0.224252  	10.000000	0.224252  	10.000000	0.223438  	10.000000	9.94852e-05	
11.000000	0.203474  	11.000000	0.207481  	11.000000	0.207016  	11.000000	0.207114  	11.000000	0.20704   	11.000000	0.207389  	11.000000	9.1294e-05	
12.000000	0.189754  	12.000000	0.1937    	12.000000	0.1924    	12.000000	0.192561  	12.000000	0.192432  	12.000000	0.193616  	12.000000	8.43999e-05	
13.000000	0.177909  	13.000000	0.181744  	13.000000	0.179853  	13.000000	0.180054  	13.000000	0.179886  	13.000000	0.181666  	13.000000	7.85137e-05	
14.000000	0.167573  	14.000000	0.171271  	14.000000	0.168967  	14.000000	0.169195  	14.000000	0.169     	14.000000	0.171198  	14.000000	7.34267e-05	
15.000000	0.158472  	15.000000	0.162021  	15.000000	0.15944   	15.000000	0.159682  	15.000000	0.15947   	15.000000	0.161952  	15.000000	6.89843e-05	
16.000000	0.150393  	16.000000	0.15379   	16.000000	0.151034  	16.000000	0.151284  	16.000000	0.151062  	16.000000	0.153725  	16.000000	6.50698e-05	
17.000000	0.143171  	17.000000	0.146417  	17.000000	0.143565  	17.000000	0.143818  	17.000000	0.143593  	17.000000	0.146355  	17.000000	6.15932e-05	
18.000000	0.136674  	18.000000	0.139773  	18.000000	0.136893  	18.000000	0.137142  	18.000000	0.136916  	18.000000	0.139715  	18.000000	5.8484e-05	
19.000000	0.130797  	19.000000	0.133756  	19.000000	0.130897  	19.000000	0.131139  	19.000000	0.130915  	19.000000	0.1337    	19.000000	5.5686e-05	
20.000000	0.125453  	20.000000	0.128278  	20.000000	0.125481  	20.000000	0.125715  	20.000000	0.125498  	20.000000	0.128225  	20.000000	5.31541e-05	
21.000000	0.120573  	21.000000	0.123271  	21.000000	0.120568  	21.000000	0.120794  	21.000000	0.120582  	21.000000	0.12322   	21.000000	5.08517e-05	
22.000000	0.116096  	22.000000	0.118675  	22.000000	0.116096  	22.000000	0.11631   	22.000000	0.116107  	22.000000	0.118626  	22.000000	4.87484e-05	
23.000000	0.111975  	23.000000	0.114442  	23.000000	0.112009  	23.000000	0.112211  	23.000000	0.112017  	23.000000	0.114395  	23.000000	4.68191e-05	
24.000000	0.108168  	24.000000	0.110528  	24.000000	0.108261  	24.000000	0.10845   	24.000000	0.108267  	24.000000	0.110483  	24.000000	4.50429e-05	
25.000000	0.10464   	25.000000	0.1069    	25.000000	0.104812  	25.000000	0.104991  	25.000000	0.104819  	25.000000	0.106857  	25.000000	4.34019e-05	
27.000000	0.0983035 	27.000000	0.100382  	27.000000	0.0986917 	27.000000	0.0988494 	27.000000	0.0986993 	27.000000	0.100341  	27.000000	4.04676e-05	
29.000000	0.0927718 	29.000000	0.0946889 	29.000000	0.0934441 	29.000000	0.093574  	29.000000	0.0934465 	29.000000	0.094651  	29.000000	3.79192e-05	
31.000000	0.0878985 	31.000000	0.0896725 	31.000000	0.0887175 	31.000000	0.0888179 	31.000000	0.0887181 	31.000000	0.0896368 	31.000000	3.56846e-05	
33.000000	0.0835706 	33.000000	0.0852172 	33.000000	0.0843579 	33.000000	0.0844343 	33.000000	0.0843628 	33.000000	0.0851835 	33.000000	3.37084e-05	
35.000000	0.0796999 	35.000000	0.0812329 	35.000000	0.080466  	35.000000	0.0805127 	35.000000	0.0804644 	35.000000	0.081201  	35.000000	3.19477e-05	
38.000000	0.0746018 	38.000000	0.0759862 	38.000000	0.0753294 	38.000000	0.0753459 	38.000000	0.0753252 	38.000000	0.0759566 	38.000000	2.96385e-05	
41.000000	0.0701962 	41.000000	0.0714539 	41.000000	0.0708849 	41.000000	0.0708795 	41.000000	0.0708799 	41.000000	0.0714263 	41.000000	2.76523e-05	
44.000000	0.0663485 	44.000000	0.0674978 	44.000000	0.0669937 	44.000000	0.0669779 	44.000000	0.0669948 	44.000000	0.0674719 	44.000000	2.59249e-05	
47.000000	0.0629574 	47.000000	0.0640132 	47.000000	0.0635666 	47.000000	0.0635387 	47.000000	0.0635686 	47.000000	0.0639888 	47.000000	2.44083e-05	
50.000000	0.0599446 	50.000000	0.0609197 	50.000000	0.0605261 	50.000000	0.0604831 	50.000000	0.0605235 	50.000000	0.0608966 	50.000000	2.30656e-05	
55.000000	0.0556039 	55.000000	0.0564672 	55.000000	0.0561344 	55.000000	0.0560809 	55.000000	0.0561343 	55.000000	0.0564461 	55.000000	2.11393e-05	
60.000000	0.051938  	60.000000	0.0527125 	60.000000	0.0524244 	60.000000	0.0523641 	60.000000	0.0524268 	60.000000	0.0526929 	60.000000	1.95204e-05	
65.000000	0.0487982 	65.000000	0.0495016 	65.000000	0.0492525 	65.000000	0.0491821 	65.000000	0.0492514 	65.000000	0.0494835 	65.000000	1.81401e-05	
70.000000	0.0460768 	70.000000	0.0467232 	70.000000	0.0464977 	70.000000	0.0464259 	70.000000	0.0465    	70.000000	0.0467063 	70.000000	1.69486e-05	
75.000000	0.0436938 	75.000000	0.0442946 	75.000000	0.0440944 	75.000000	0.0440143 	75.000000	0.0440919 	75.000000	0.0442787 	75.000000	1.59092e-05	
80.000000	0.0415886 	80.000000	0.0421528 	80.000000	0.041968  	80.000000	0.0418857 	80.000000	0.0419658 	80.000000	0.0421378 	80.000000	1.49943e-05	
85.000000	0.0397142 	85.000000	0.0402495 	85.000000	0.040076  	85.000000	0.0399925 	85.000000	0.0400745 	85.000000	0.0402353 	85.000000	1.41825e-05	
90.000000	0.0380339 	90.000000	0.0385464 	90.000000	0.0383818 	90.000000	0.0382974 	90.000000	0.0383805 	90.000000	0.038533  	90.000000	1.34571e-05	
95.000000	0.0365184 	95.000000	0.0370133 	95.000000	0.0368555 	95.000000	0.0367704 	95.000000	0.0368544 	95.000000	0.0370005 	95.000000	1.28048e-05	
100.000000	0.035144  	100.000000	0.0356257 	100.000000	0.0354732 	100.000000	0.0353875 	100.000000	0.0354721 	100.000000	0.0356135 	100.000000	1.22151e-05	
105.000000	0.0338915 	105.000000	0.0343636 	105.000000	0.0342151 	105.000000	0.034129  	105.000000	0.0342139 	105.000000	0.0343519 	105.000000	1.16792e-05	
110.000000	0.0327449 	110.000000	0.0332105 	110.000000	0.033065  	110.000000	0.0329787 	110.000000	0.0330638 	110.000000	0.0331993 	110.000000	1.11899e-05	
115.000000	0.0316911 	115.000000	0.0321529 	115.000000	0.0320103 	115.000000	0.0319232 	115.000000	0.0320082 	115.000000	0.0321422 	115.000000	1.07414e-05	
120.000000	0.030719  	120.000000	0.0311792 	120.000000	0.0310364 	120.000000	0.030951  	120.000000	0.031036  	120.000000	0.0311689 	120.000000	1.03288e-05	
125.000000	0.0298191 	125.000000	0.0302797 	125.000000	0.0301355 	125.000000	0.0300527 	125.000000	0.0301374 	125.000000	0.0302698 	125.000000	9.9478e-06	
130.000000	0.0289836 	130.000000	0.0294463 	130.000000	0.0293033 	130.000000	0.02922   	130.000000	0.0293045 	130.000000	0.0294367 	130.000000	9.59489e-06	
135.000000	0.0282055 	135.000000	0.0286718 	135.000000	0.0285295 	135.000000	0.0284461 	135.000000	0.0285302 	135.000000	0.0286625 	135.000000	9.26704e-06	
140.000000	0.0274791 	140.000000	0.0279501 	140.000000	0.0278082 	140.000000	0.0277248 	140.000000	0.0278086 	140.000000	0.0279412 	140.000000	8.96164e-06	
145.000000	0.0267992 	145.000000	0.0272761 	145.000000	0.0271344 	145.000000	0.027051  	145.000000	0.0271343 	145.000000	0.0272674 	145.000000	8.67644e-06	
150.000000	0.0261613 	150.000000	0.026645  	150.000000	0.0265034 	150.000000	0.02642   	150.000000	0.026503  	150.000000	0.0266366 	150.000000	8.40948e-06	
155.000000	0.0252632 	155.000000	0.026053  	155.000000	0.0259117 	155.000000	0.025828  	155.000000	0.0259106 	155.000000	0.0260448 	155.000000	8.15903e-06	
160.000000	0.0247367 	160.000000	0.0254964 	160.000000	0.0253545 	160.000000	0.0252714 	160.000000	0.0253535 	160.000000	0.0254885 	160.000000	7.92359e-06	
165.000000	0.0242403 	165.000000	0.0249722 	165.000000	0.024828  	165.000000	0.0247472 	165.000000	0.0248288 	165.000000	0.0249645 	165.000000	7.70184e-06	
170.000000	0.0237714 	170.000000	0.0244776 	170.000000	0.0243324 	170.000000	0.0242525 	170.000000	0.0243337 	170.000000	0.0244701 	170.000000	7.4926e-06	
175.000000	0.0233276 	175.000000	0.0240101 	175.000000	0.0238651 	175.000000	0.023785  	175.000000	0.0238657 	175.000000	0.0240029 	175.000000	7.29483e-06	
180.000000	0.0229071 	180.000000	0.0235677 	180.000000	0.0234225 	180.000000	0.0233425 	180.000000	0.0234227 	180.000000	0.0235606 	180.000000	7.1076e-06	
185.000000	0.022508  	185.000000	0.0231483 	185.000000	0.023003  	185.000000	0.022923  	185.000000	0.0230028 	185.000000	0.0231413 	185.000000	6.93008e-06	
190.000000	0.0221287 	190.000000	0.0227501 	190.000000	0.0226049 	190.000000	0.0225248 	190.000000	0.0226041 	190.000000	0.0227433 	190.000000	6.76153e-06	
195.000000	0.0217678 	195.000000	0.0223716 	195.000000	0.0222256 	195.000000	0.0221463 	195.000000	0.0222252 	195.000000	0.022365  	195.000000	6.60127e-06	
200.000000	0.0214238 	200.000000	0.0220114 	200.000000	0.0218637 	200.000000	0.0217861 	200.000000	0.0218646 	200.000000	0.022005  	200.000000	6.4487e-06	
210.000000	0.0207824 	210.000000	0.0213408 	210.000000	0.0211924 	210.000000	0.0211156 	210.000000	0.0211932 	210.000000	0.0213346 	210.000000	6.16449e-06	
220.000000	0.0201962 	220.000000	0.0207292 	220.000000	0.020581  	220.000000	0.0205042 	220.000000	0.020581  	220.000000	0.0207233 	220.000000	5.9051e-06	
230.000000	0.0196582 	230.000000	0.0201692 	230.000000	0.0200214 	230.000000	0.0199446 	230.000000	0.0200206 	230.000000	0.0201635 	230.000000	5.66738e-06	
240.000000	0.0191629 	240.000000	0.0196546 	240.000000	0.0195053 	240.000000	0.0194305 	240.000000	0.0195057 	240.000000	0.0196491 	240.000000	5.44869e-06	
250.000000	0.0187051 	250.000000	0.01918   	250.000000	0.0190303 	250.000000	0.0189566 	250.000000	0.019031  	250.000000	0.0191748 	250.000000	5.24682e-06	
260.000000	0.0182809 	260.000000	0.0187411 	260.000000	0.0185923 	260.000000	0.0185185 	260.000000	0.0185922 	260.000000	0.0187361 	260.000000	5.05987e-06	
270.000000	0.0178866 	270.000000	0.018334  	270.000000	0.0181857 	270.000000	0.0181122 	270.000000	0.0181852 	270.000000	0.0183291 	270.000000	4.88622e-06	
280.000000	0.0175192 	280.000000	0.0179553 	280.000000	0.0178074 	280.000000	0.0177345 	280.000000	0.0178069 	280.000000	0.0179506 	280.000000	4.7245e-06	
290.000000	0.017176  	290.000000	0.0176023 	290.000000	0.0174541 	290.000000	0.0173826 	290.000000	0.0174543 	290.000000	0.0175977 	290.000000	4.5735e-06	
300.000000	0.0168548 	300.000000	0.0172724 	300.000000	0.0171247 	300.000000	0.0170539 	300.000000	0.017125  	300.000000	0.017268  	300.000000	4.43217e-06	
310.000000	0.0165534 	310.000000	0.0169635 	310.000000	0.0168172 	310.000000	0.0167463 	310.000000	0.0168168 	310.000000	0.0169592 	310.000000	4.29961e-06	
320.000000	0.0162702 	320.000000	0.0166737 	320.000000	0.0165286 	320.000000	0.0164577 	320.000000	0.0165277 	320.000000	0.0166695 	320.000000	4.17501e-06	
330.000000	0.0160035 	330.000000	0.0164013 	330.000000	0.0162564 	330.000000	0.0161867 	330.000000	0.0162561 	330.000000	0.0163972 	330.000000	4.05768e-06	
340.000000	0.015752  	340.000000	0.0161448 	340.000000	0.0160001 	340.000000	0.0159316 	340.000000	0.0160005 	340.000000	0.0161408 	340.000000	3.94698e-06	
350.000000	0.0155143 	350.000000	0.0159028 	350.000000	0.0157593 	350.000000	0.0156911 	350.000000	0.0157595 	350.000000	0.015899  	350.000000	3.84236e-06	
360.000000	0.0152895 	360.000000	0.0156743 	360.000000	0.0155325 	360.000000	0.015464  	360.000000	0.015532  	360.000000	0.0156705 	360.000000	3.74333e-06	
370.000000	0.0150765 	370.000000	0.0154581 	370.000000	0.0153176 	370.000000	0.0152493 	370.000000	0.0153168 	370.000000	0.0154544 	370.000000	3.64945e-06	
380.000000	0.0148745 	380.000000	0.0152533 	380.000000	0.0151135 	380.000000	0.0150461 	380.000000	0.0151131 	380.000000	0.0152498 	380.000000	3.56032e-06	
390.000000	0.0146826 	390.000000	0.0150591 	390.000000	0.0149197 	390.000000	0.0148534 	390.000000	0.01492   	390.000000	0.0150556 	390.000000	3.47558e-06	
400.000000	0.0145    	400.000000	0.0148746 	400.000000	0.0147364 	400.000000	0.0146705 	400.000000	0.0147367 	400.000000	0.0148712 	400.000000	3.39492e-06	
410.000000	0.0143263 	410.000000	0.0146993 	410.000000	0.0145627 	410.000000	0.0144967 	410.000000	0.0145625 	410.000000	0.014696  	410.000000	3.31805e-06	
420.000000	0.0141607 	420.000000	0.0145324 	420.000000	0.0143975 	420.000000	0.0143314 	420.000000	0.0143968 	420.000000	0.0145291 	420.000000	3.2447e-06	
430.000000	0.0140027 	430.000000	0.0143734 	430.000000	0.0142397 	430.000000	0.0141739 	430.000000	0.014239  	430.000000	0.0143702 	430.000000	3.17463e-06	
440.000000	0.0138518 	440.000000	0.0142217 	440.000000	0.0140878 	440.000000	0.0140228 	440.000000	0.0140875 	440.000000	0.0142186 	440.000000	3.10762e-06	
450.000000	0.0137076 	450.000000	0.014077  	450.000000	0.0139421 	450.000000	0.0138779 	450.000000	0.0139423 	450.000000	0.0140739 	450.000000	3.04348e-06	
460.000000	0.0135697 	460.000000	0.0139387 	460.000000	0.0138035 	460.000000	0.0137396 	460.000000	0.0138037 	460.000000	0.0139357 	460.000000	2.98202e-06	
470.000000	0.0134377 	470.000000	0.0138064 	470.000000	0.0136713 	470.000000	0.0136074 	470.000000	0.0136712 	470.000000	0.0138035 	470.000000	2.92307e-06	
480.000000	0.0133111 	480.000000	0.0136799 	480.000000	0.0135446 	480.000000	0.0134809 	480.000000	0.0135444 	480.000000	0.013677  	480.000000	2.86649e-06	
490.000000	0.0131898 	490.000000	0.0135587 	490.000000	0.0134228 	490.000000	0.0133598 	490.000000	0.013423  	490.000000	0.0135558 	490.000000	2.81214e-06	
500.000000	0.0130734 	500.000000	0.0134425 	500.000000	0.013306  	500.000000	0.0132438 	500.000000	0.0133067 	500.000000	0.0134397 	500.000000	2.75987e-06	
520.000000	0.0128543 	520.000000	0.0132241 	520.000000	0.0130876 	520.000000	0.0130258 	520.000000	0.0130881 	520.000000	0.0132214 	520.000000	2.66115e-06	
540.000000	0.0126517 	540.000000	0.0130226 	540.000000	0.0128868 	540.000000	0.0128248 	540.000000	0.0128866 	540.000000	0.0130201 	540.000000	2.56946e-06	
560.000000	0.0124641 	560.000000	0.0128364 	560.000000	0.0127007 	560.000000	0.0126391 	560.000000	0.0127004 	560.000000	0.0128339 	560.000000	2.48409e-06	
580.000000	0.01229   	580.000000	0.0126638 	580.000000	0.0125275 	580.000000	0.012467  	580.000000	0.0125278 	580.000000	0.0126614 	580.000000	2.40439e-06	
600.000000	0.012128  	600.000000	0.0125035 	600.000000	0.0123672 	600.000000	0.0123072 	600.000000	0.0123677 	600.000000	0.0125012 	600.000000	2.3298e-06	
620.000000	0.011977  	620.000000	0.0123544 	620.000000	0.0122186 	620.000000	0.0121586 	620.000000	0.0122186 	620.000000	0.0123522 	620.000000	2.25985e-06	
640.000000	0.0118362 	640.000000	0.0122155 	640.000000	0.0120801 	640.000000	0.0120201 	640.000000	0.0120797 	640.000000	0.0122133 	640.000000	2.19412e-06	
660.000000	0.0117045 	660.000000	0.0120858 	660.000000	0.0119505 	660.000000	0.0118908 	660.000000	0.0119501 	660.000000	0.0120836 	660.000000	2.13222e-06	
680.000000	0.0115813 	680.000000	0.0119645 	680.000000	0.0118287 	680.000000	0.0117698 	680.000000	0.0118288 	680.000000	0.0119624 	680.000000	2.07383e-06	
700.000000	0.0114658 	700.000000	0.011851  	700.000000	0.0117148 	700.000000	0.0116566 	700.000000	0.0117152 	700.000000	0.011849  	700.000000	2.01865e-06	
720.000000	0.0113574 	720.000000	0.0117446 	720.000000	0.0116084 	720.000000	0.0115503 	720.000000	0.0116086 	720.000000	0.0117427 	720.000000	1.96643e-06	
740.000000	0.0112557 	740.000000	0.0116448 	740.000000	0.0115087 	740.000000	0.0114505 	740.000000	0.0115085 	740.000000	0.0116429 	740.000000	1.91693e-06	
760.000000	0.01116   	760.000000	0.011551  	760.000000	0.0114149 	760.000000	0.0113566 	760.000000	0.0114144 	760.000000	0.0115491 	760.000000	1.86994e-06	
780.000000	0.01107   	780.000000	0.0114628 	780.000000	0.0113263 	780.000000	0.0112683 	780.000000	0.0113257 	780.000000	0.011461  	780.000000	1.82527e-06	
800.000000	0.0109853 	800.000000	0.0113798 	800.000000	0.0112425 	800.000000	0.011185  	800.000000	0.0112422 	800.000000	0.011378  	800.000000	1.78275e-06	
820.000000	0.0109054 	820.000000	0.0113016 	820.000000	0.0111633 	820.000000	0.0111064 	820.000000	0.0111633 	820.000000	0.0112999 	820.000000	1.74223e-06	
840.000000	0.0108302 	840.000000	0.0112279 	840.000000	0.0110886 	840.000000	0.0110321 	840.000000	0.0110888 	840.000000	0.0112262 	840.000000	1.70358e-06	
860.000000	0.0107591 	860.000000	0.0111584 	860.000000	0.0110184 	860.000000	0.0109619 	860.000000	0.0110184 	860.000000	0.0111567 	860.000000	1.66665e-06	
880.000000	0.0106921 	880.000000	0.0110927 	880.000000	0.0109519 	880.000000	0.0108954 	880.000000	0.0109517 	880.000000	0.0110911 	880.000000	1.63134e-06	
900.000000	0.0106288 	900.000000	0.0110307 	900.000000	0.0108888 	900.000000	0.0108325 	900.000000	0.0108886 	900.000000	0.0110291 	900.000000	1.59755e-06	
920.000000	0.010569  	920.000000	0.0109722 	920.000000	0.0108288 	920.000000	0.0107728 	920.000000	0.0108287 	920.000000	0.0109706 	920.000000	1.56517e-06	
940.000000	0.0105124 	940.000000	0.0109168 	940.000000	0.0107717 	940.000000	0.0107162 	940.000000	0.0107719 	940.000000	0.0109152 	940.000000	1.53412e-06	
960.000000	0.010459  	960.000000	0.0108644 	960.000000	0.0107176 	960.000000	0.0106625 	960.000000	0.010718  	960.000000	0.0108629 	960.000000	1.50432e-06	
980.000000	0.0104085 	980.000000	0.0108148 	980.000000	0.0106664 	980.000000	0.0106115 	980.000000	0.0106668 	980.000000	0.0108134 	980.000000	1.47569e-06	
1000.000000	0.0103608 	1000.000000	0.0107679 	1000.000000	0.0106178 	1000.000000	0.0105629 	1000.000000	0.0106181 	1000.000000	0.0107665 	1000.000000	1.44817e-06	
1020.000000	0.0103157 	1020.000000	0.0107235 	1020.000000	0.0105717 	1020.000000	0.0105168 	1020.000000	0.0105718 	1020.000000	0.0107221 	1020.000000	1.42168e-06	
1040.000000	0.010273  	1040.000000	0.0106815 	1040.000000	0.0105278 	1040.000000	0.0104728 	1040.000000	0.0105277 	1040.000000	0.0106801 	1040.000000	1.39618e-06	
1060.000000	0.0102327 	1060.000000	0.0106417 	1060.000000	0.010486  	1060.000000	0.010431  	1060.000000	0.0104857 	1060.000000	0.0106403 	1060.000000	1.37161e-06	
1080.000000	0.0101946 	1080.000000	0.010604  	1080.000000	0.0104461 	1080.000000	0.0103911 	1080.000000	0.0104457 	1080.000000	0.0106026 	1080.000000	1.34791e-06	
1100.000000	0.0101586 	1100.000000	0.0105683 	1100.000000	0.010408  	1100.000000	0.0103531 	1100.000000	0.0104076 	1100.000000	0.010567  	1100.000000	1.32504e-06	
1120.000000	0.0101245 	1120.000000	0.0105345 	1120.000000	0.0103716 	1120.000000	0.0103169 	1120.000000	0.0103712 	1120.000000	0.0105332 	1120.000000	1.30297e-06	
1140.000000	0.0100924 	1140.000000	0.0105025 	1140.000000	0.0103367 	1140.000000	0.0102823 	1140.000000	0.0103365 	1140.000000	0.0105012 	1140.000000	1.28163e-06	
1160.000000	0.0100621 	1160.000000	0.0104721 	1160.000000	0.0103034 	1160.000000	0.0102493 	1160.000000	0.0103034 	1160.000000	0.0104709 	1160.000000	1.26101e-06	
1180.000000	0.0100335 	1180.000000	0.0104435 	1180.000000	0.0102716 	1180.000000	0.0102178 	1180.000000	0.0102717 	1180.000000	0.0104422 	1180.000000	1.24107e-06	
1200.000000	0.0100065 	1200.000000	0.0104163 	1200.000000	0.0102413 	1200.000000	0.0101877 	1200.000000	0.0102415 	1200.000000	0.0104151 	1200.000000	1.22176e-06	
1220.000000	0.00998107	1220.000000	0.0103906 	1220.000000	0.0102124 	1220.000000	0.0101589 	1220.000000	0.0102126 	1220.000000	0.0103894 	1220.000000	1.20307e-06	
1240.000000	0.00995714	1240.000000	0.0103663 	1240.000000	0.0101848 	1240.000000	0.0101314 	1240.000000	0.010185  	1240.000000	0.0103651 	1240.000000	1.18495e-06	
1260.000000	0.00993464	1260.000000	0.0103434 	1260.000000	0.0101585 	1260.000000	0.010105  	1260.000000	0.0101585 	1260.000000	0.0103422 	1260.000000	1.16739e-06	
1280.000000	0.00991351	1280.000000	0.0103217 	1280.000000	0.0101334 	1280.000000	0.0100799 	1280.000000	0.0101333 	1280.000000	0.0103205 	1280.000000	1.15036e-06	
1300.000000	0.00989367	1300.000000	0.0103012 	1300.000000	0.0101092 	1300.000000	0.0100558 	1300.000000	0.0101091 	1300.000000	0.0103001 	1300.000000	1.13384e-06	
1320.000000	0.00987509	1320.000000	0.0102819 	1320.000000	0.0100861 	1320.000000	0.0100327 	1320.000000	0.0100859 	1320.000000	0.0102808 	1320.000000	1.1178e-06	
1340.000000	0.0098577 	1340.000000	0.0102636 	1340.000000	0.0100639 	1340.000000	0.0100107 	1340.000000	0.0100638 	1340.000000	0.0102625 	1340.000000	1.10222e-06	
1360.000000	0.00984146	1360.000000	0.0102465 	1360.000000	0.0100426 	1360.000000	0.00998953	1360.000000	0.0100426 	1360.000000	0.0102454 	1360.000000	1.08708e-06	
1380.000000	0.00982632	1380.000000	0.0102303 	1380.000000	0.0100221 	1380.000000	0.00996929	1380.000000	0.0100222 	1380.000000	0.0102293 	1380.000000	1.07237e-06	
1400.000000	0.00981224	1400.000000	0.0102152 	1400.000000	0.0100025 	1400.000000	0.00994991	1400.000000	0.0100028 	1400.000000	0.0102141 	1400.000000	1.05806e-06	
1420.000000	0.00979918	1420.000000	0.0102009 	1420.000000	0.00998377	1420.000000	0.00993133	1420.000000	0.0099841 	1420.000000	0.0101999 	1420.000000	1.04414e-06	
1440.000000	0.00978709	1440.000000	0.0101876 	1440.000000	0.00996582	1440.000000	0.00991354	1440.000000	0.00996623	1440.000000	0.0101865 	1440.000000	1.0306e-06	
1460.000000	0.00977594	1460.000000	0.0101751 	1460.000000	0.00994865	1460.000000	0.00989648	1460.000000	0.0099491 	1460.000000	0.010174  	1460.000000	1.01741e-06	
1480.000000	0.0097657 	1480.000000	0.0101634 	1480.000000	0.00993223	1480.000000	0.00988013	1480.000000	0.00993267	1480.000000	0.0101624 	1480.000000	1.00457e-06	
1500.000000	0.00975633	1500.000000	0.0101525 	1500.000000	0.00991652	1500.000000	0.00986446	1500.000000	0.00991693	1500.000000	0.0101515 	1500.000000	9.92052e-07	
1520.000000	0.0097478 	1520.000000	0.0101424 	1520.000000	0.00990148	1520.000000	0.00984944	1520.000000	0.00990183	1520.000000	0.0101414 	1520.000000	9.79856e-07	
1540.000000	0.00974008	1540.000000	0.010133  	1540.000000	0.00988708	1540.000000	0.00983503	1540.000000	0.00988736	1540.000000	0.010132  	1540.000000	9.67967e-07	
1560.000000	0.00973314	1560.000000	0.0101243 	1560.000000	0.00987328	1560.000000	0.00982123	1560.000000	0.00987349	1560.000000	0.0101233 	1560.000000	9.56371e-07	
1580.000000	0.00972695	1580.000000	0.0101162 	1580.000000	0.00986006	1580.000000	0.00980799	1580.000000	0.00986019	1580.000000	0.0101153 	1580.000000	9.45059e-07	
1600.000000	0.00972149	1600.000000	0.0101089 	1600.000000	0.00984738	1600.000000	0.00979529	1600.000000	0.00984743	1600.000000	0.0101079 	1600.000000	9.34019e-07	
1620.000000	0.00971673	1620.000000	0.0101021 	1620.000000	0.00983523	1620.000000	0.00978312	1620.000000	0.00983519	1620.000000	0.0101012 	1620.000000	9.23243e-07	
1640.000000	0.00971266	1640.000000	0.010096  	1640.000000	0.00982358	1640.000000	0.00977145	1640.000000	0.00982346	1640.000000	0.010095  	1640.000000	9.1272e-07	
1660.000000	0.00970924	1660.000000	0.0100904 	1660.000000	0.0098124 	1660.000000	0.00976025	1660.000000	0.00981221	1660.000000	0.0100895 	1660.000000	9.02443e-07	
1680.000000	0.00970645	1680.000000	0.0100854 	1680.000000	0.00980168	1680.000000	0.00974953	1680.000000	0.00980142	1680.000000	0.0100845 	1680.000000	8.92401e-07	
1700.000000	0.00970428	1700.000000	0.0100809 	1700.000000	0.00979139	1700.000000	0.00973924	1700.000000	0.00979108	1700.000000	0.01008   	1700.000000	8.82587e-07	
1750.000000	0.00970142	1750.000000	0.010072  	1750.000000	0.00976744	1750.000000	0.00971535	1750.000000	0.00976706	1750.000000	0.0100712 	1750.000000	8.59001e-07	
1800.000000	0.00970201	1800.000000	0.0100661 	1800.000000	0.00974581	1800.000000	0.00969387	1800.000000	0.00974545	1800.000000	0.0100653 	1800.000000	8.36681e-07	
1850.000000	0.00970578	1850.000000	0.010063  	1850.000000	0.00972629	1850.000000	0.00967459	1850.000000	0.00972605	1850.000000	0.0100622 	1850.000000	8.15525e-07	
1900.000000	0.00971251	1900.000000	0.0100624 	1900.000000	0.00970873	1900.000000	0.00965729	1900.000000	0.00970864	1900.000000	0.0100616 	1900.000000	7.95446e-07	
1950.000000	0.009722  	1950.000000	0.0100641 	1950.000000	0.009693  	1950.000000	0.00964181	1950.000000	0.00969305	1950.000000	0.0100633 	1950.000000	7.76361e-07	
2000.000000	0.00973406	2000.000000	0.010068  	2000.000000	0.00967897	2000.000000	0.00962798	2000.000000	0.00967913	2000.000000	0.0100673 	2000.000000	7.58198e-07	
2100.000000	0.00976523	2100.000000	0.0100818 	2100.000000	0.00965552	2100.000000	0.00960473	2100.000000	0.00965569	2100.000000	0.0100811 	2100.000000	7.2438e-07	
2200.000000	0.00980485	2200.000000	0.0101025 	2200.000000	0.00963735	2200.000000	0.00958656	2200.000000	0.00963737	2200.000000	0.0101018 	2200.000000	6.93536e-07	
2300.000000	0.00985195	2300.000000	0.0101293 	2300.000000	0.00962348	2300.000000	0.00957269	2300.000000	0.00962334	2300.000000	0.0101286 	2300.000000	6.65284e-07	
2400.000000	0.00990572	2400.000000	0.0101614 	2400.000000	0.00961315	2400.000000	0.00956245	2400.000000	0.00961297	2400.000000	0.0101608 	2400.000000	6.3931e-07	
2500.000000	0.00996546	2500.000000	0.0101982 	2500.000000	0.00960579	2500.000000	0.00955531	2500.000000	0.00960569	2500.000000	0.0101975 	2500.000000	6.15345e-07	
2600.000000	0.0100306 	2600.000000	0.010239  	2600.000000	0.00960104	2600.000000	0.0095508 	2600.000000	0.00960108	2600.000000	0.0102385 	2600.000000	5.93162e-07	
2700.000000	0.0101006 	2700.000000	0.0102836 	2700.000000	0.00959855	2700.000000	0.00954856	2700.000000	0.00959873	2700.000000	0.010283  	2700.000000	5.72569e-07	
2800.000000	0.010175  	2800.000000	0.0103314 	2800.000000	0.00959806	2800.000000	0.00954827	2800.000000	0.00959834	2800.000000	0.0103308 	2800.000000	5.53399e-07	
2900.000000	0.0102535 	2900.000000	0.0103821 	2900.000000	0.00959931	2900.000000	0.00954964	2900.000000	0.00959962	2900.000000	0.0103816 	2900.000000	5.35507e-07	
3000.000000	0.0103358 	3000.000000	0.0104355 	3000.000000	0.00960206	3000.000000	0.00955247	3000.000000	0.00960236	3000.000000	0.010435  	3000.000000	5.18769e-07	
3200.000000	0.0105103 	3200.000000	0.0105491 	3200.000000	0.00961125	3200.000000	0.00956168	3200.000000	0.00961143	3200.000000	0.0105486 	3200.000000	4.88332e-07	
3400.000000	0.0106968 	3400.000000	0.0106704 	3400.000000	0.00962424	3400.000000	0.00957465	3400.000000	0.00962427	3400.000000	0.0106699 	3400.000000	4.61361e-07	
3600.000000	0.0108937 	3600.000000	0.0107982 	3600.000000	0.00964001	3600.000000	0.00959044	3600.000000	0.00963994	3600.000000	0.0107978 	3600.000000	4.37293e-07	
3800.000000	0.0110998 	3800.000000	0.0109314 	3800.000000	0.00965783	3800.000000	0.00960833	3800.000000	0.00965772	3800.000000	0.0109309 	3800.000000	4.15678e-07	
4000.000000	0.0113142 	4000.000000	0.0110691 	4000.000000	0.00967717	4000.000000	0.00962778	4000.000000	0.00967707	4000.000000	0.0110687 	4000.000000	3.96157e-07	
4200.000000	0.011536  	4200.000000	0.0112106 	4200.000000	0.00969764	4200.000000	0.00964837	4200.000000	0.00969758	4200.000000	0.0112102 	4200.000000	3.78436e-07	
4400.000000	0.0117646 	4400.000000	0.0113554 	4400.000000	0.00971893	4400.000000	0.00966979	4400.000000	0.00971892	4400.000000	0.0113551 	4400.000000	3.62275e-07	
4600.000000	0.0119994 	4600.000000	0.0115031 	4600.000000	0.0097408 	4600.000000	0.00969179	4600.000000	0.00974084	4600.000000	0.0115028 	4600.000000	3.47475e-07	
4800.000000	0.0122401 	4800.000000	0.0116533 	4800.000000	0.00976305	4800.000000	0.00971416	4800.000000	0.00976313	4800.000000	0.0116529 	4800.000000	3.3387e-07	
5000.000000	0.0124862 	5000.000000	0.0118055 	5000.000000	0.00978554	5000.000000	0.00973675	5000.000000	0.00978566	5000.000000	0.0118052 	5000.000000	3.21318e-07	
5250.000000	0.012801  	5250.000000	0.0119984 	5250.000000	0.0098138 	5250.000000	0.00976512	5250.000000	0.00981395	5250.000000	0.0119981 	5250.000000	3.06932e-07	
5500.000000	0.0131232 	5500.000000	0.0121938 	5500.000000	0.00984205	5500.000000	0.00979346	5500.000000	0.00984222	5500.000000	0.0121935 	5500.000000	2.93813e-07	
6000.000000	0.0137882 	6000.000000	0.0125905 	6000.000000	0.00989801	6000.000000	0.00984957	6000.000000	0.00989819	6000.000000	0.0125902 	6000.000000	2.70756e-07	
6500.000000	0.0144785 	6500.000000	0.0129934 	6500.000000	0.0099527 	6500.000000	0.00990438	6500.000000	0.00995287	6500.000000	0.0129932 	6500.000000	2.51141e-07	
7000.000000	0.015192  	7000.000000	0.013401  	7000.000000	0.0100057 	7000.000000	0.0099575 	7000.000000	0.0100059 	7000.000000	0.0134007 	7000.000000	2.34245e-07	
7500.000000	0.0159273 	7500.000000	0.013812  	7500.000000	0.0100569 	7500.000000	0.0100088 	7500.000000	0.010057  	7500.000000	0.0138118 	7500.000000	2.19534e-07	
8000.000000	0.0166833 	8000.000000	0.0142257 	8000.000000	0.0101062 	8000.000000	0.0100581 	8000.000000	0.0101062 	8000.000000	0.0142255 	8000.000000	2.06607e-07	
8500.000000	0.017459  	8500.000000	0.0146414 	8500.000000	0.0101536 	8500.000000	0.0101056 	8500.000000	0.0101536 	8500.000000	0.0146412 	8500.000000	1.95156e-07	
9000.000000	0.0182539 	9000.000000	0.0150586 	9000.000000	0.010199  	9000.000000	0.0101512 	9000.000000	0.010199  	9000.000000	0.0150584 	9000.000000	1.84939e-07	
9500.000000	0.0190674 	9500.000000	0.0154769 	9500.000000	0.0102426 	9500.000000	0.010195  	9500.000000	0.0102427 	9500.000000	0.0154767 	9500.000000	1.75766e-07	
10000.000000	0.0198991 	10000.000000	0.0158961 	10000.000000	0.0102847 	10000.000000	0.0102371 	10000.000000	0.0102847 	10000.000000	0.0158959 	10000.000000	1.67482e-07	
11000.000000	0.0216158 	11000.000000	0.0167361 	11000.000000	0.0103641 	11000.000000	0.0103165 	11000.000000	0.0103639 	11000.000000	0.0167359 	11000.000000	1.53109e-07	
12000.000000	0.0234019 	12000.000000	0.0175773 	12000.000000	0.0104375 	12000.000000	0.0103901 	12000.000000	0.0104372 	12000.000000	0.0175771 	12000.000000	1.41064e-07	
13000.000000	0.0252561 	13000.000000	0.0184187 	13000.000000	0.0105057 	13000.000000	0.0104586 	13000.000000	0.0105054 	13000.000000	0.0184186 	13000.000000	1.30819e-07	
14000.000000	0.0271775 	14000.000000	0.0192599 	14000.000000	0.0105691 	14000.000000	0.0105225 	14000.000000	0.010569  	14000.000000	0.0192598 	14000.000000	1.21996e-07	
15000.000000	0.0291655 	15000.000000	0.0201004 	15000.000000	0.0106283 	15000.000000	0.0105823 	15000.000000	0.0106285 	15000.000000	0.0201003 	15000.000000	1.14316e-07	
16000.000000	0.0312198 	16000.000000	0.02094   	16000.000000	0.010684  	16000.000000	0.0106385 	16000.000000	0.0106844 	16000.000000	0.0209399 	16000.000000	1.07568e-07	
17000.000000	0.0333401 	17000.000000	0.0217784 	17000.000000	0.0107365 	17000.000000	0.0106914 	17000.000000	0.0107369 	17000.000000	0.0217783 	17000.000000	1.01591e-07	
18000.000000	0.0355262 	18000.000000	0.0226156 	18000.000000	0.0107861 	18000.000000	0.0107414 	18000.000000	0.0107865 	18000.000000	0.0226155 	18000.000000	9.62601e-08	
19000.000000	0.0377783 	19000.000000	0.0234516 	19000.000000	0.0108332 	19000.000000	0.0107887 	19000.000000	0.0108334 	19000.000000	0.0234515 	19000.000000	9.14739e-08	
20000.000000	0.0400962 	20000.000000	0.0242862 	20000.000000	0.010878  	20000.000000	0.0108336 	20000.000000	0.0108779 	20000.000000	0.0242861 	20000.000000	8.71526e-08	
21000.000000	0.0424801 	21000.000000	0.0251194 	21000.000000	0.0109204 	21000.000000	0.0108763 	21000.000000	0.0109201 	21000.000000	0.0251193 	21000.000000	8.32312e-08	
22000.000000	0.0449302 	22000.000000	0.0259512 	22000.000000	0.0109605 	22000.000000	0.010917  	22000.000000	0.0109604 	22000.000000	0.0259511 	22000.000000	7.96561e-08	
23000.000000	0.0474465 	23000.000000	0.0267817 	23000.000000	0.0109988 	23000.000000	0.0109558 	23000.000000	0.0109988 	23000.000000	0.0267816 	23000.000000	7.63831e-08	
24000.000000	0.0500294 	24000.000000	0.0276108 	24000.000000	0.0110354 	24000.000000	0.010993  	24000.000000	0.0110354 	24000.000000	0.0276107 	24000.000000	7.3375e-08	
25000.000000	0.052679  	25000.000000	0.0284386 	25000.000000	0.0110704 	25000.000000	0.0110286 	25000.000000	0.0110705 	25000.000000	0.0284385 	25000.000000	7.06007e-08	
26000.000000	0.0553956 	26000.000000	0.029265  	26000.000000	0.0111041 	26000.000000	0.0110627 	26000.000000	0.0111041 	26000.000000	0.029265  	26000.000000	6.80338e-08	
27000.000000	0.0581794 	27000.000000	0.0300902 	27000.000000	0.0111365 	27000.000000	0.0110956 	27000.000000	0.0111364 	27000.000000	0.0300901 	27000.000000	6.56516e-08	
28000.000000	0.0610307 	28000.000000	0.0309141 	28000.000000	0.0111676 	28000.000000	0.0111271 	28000.000000	0.0111674 	28000.000000	0.030914  	28000.000000	6.34348e-08	
29000.000000	0.0639499 	29000.000000	0.0317367 	29000.000000	0.0111976 	29000.000000	0.0111576 	29000.000000	0.0111973 	29000.000000	0.0317366 	29000.000000	6.13665e-08	
30000.000000	0.0669371 	30000.000000	0.0325581 	30000.000000	0.0112264 	30000.000000	0.0111869 	30000.000000	0.011226  	30000.000000	0.032558  	30000.000000	5.94322e-08	
32000.000000	0.0731172 	32000.000000	0.0341973 	32000.000000	0.0112808 	32000.000000	0.0112427 	32000.000000	0.0112805 	32000.000000	0.0341972 	32000.000000	5.59162e-08	
34000.000000	0.0795736 	34000.000000	0.0358319 	34000.000000	0.0113315 	34000.000000	0.0112949 	34000.000000	0.0113313 	34000.000000	0.0358319 	34000.000000	5.28025e-08	
36000.000000	0.0863089 	36000.000000	0.0374622 	36000.000000	0.011379  	36000.000000	0.0113439 	36000.000000	0.011379  	36000.000000	0.0374621 	36000.000000	5.00253e-08	
38000.000000	0.0933259 	38000.000000	0.0390882 	38000.000000	0.0114238 	38000.000000	0.0113902 	38000.000000	0.0114237 	38000.000000	0.0390882 	38000.000000	4.75325e-08	
40000.000000	0.100628  	40000.000000	0.0407102 	40000.000000	0.011466  	40000.000000	0.011434  	40000.000000	0.0114659 	40000.000000	0.0407102 	40000.000000	4.52821e-08	
42000.000000	0.108217  	42000.000000	0.0423284 	42000.000000	0.011506  	42000.000000	0.0114755 	42000.000000	0.0115058 	42000.000000	0.0423284 	42000.000000	4.32401e-08	
44000.000000	0.116097  	44000.000000	0.0439429 	44000.000000	0.0115437 	44000.000000	0.0115149 	44000.000000	0.0115435 	44000.000000	0.0439428 	44000.000000	4.13788e-08	
46000.000000	0.12427   	46000.000000	0.0455538 	46000.000000	0.0115796 	46000.000000	0.0115525 	46000.000000	0.0115793 	46000.000000	0.0455538 	46000.000000	3.96748e-08	
48000.000000	0.13274   	48000.000000	0.0471614 	48000.000000	0.0116137 	48000.000000	0.0115884 	48000.000000	0.0116134 	48000.000000	0.0471614 	48000.000000	3.8109e-08	
50000.000000	0.14151   	50000.000000	0.0487657 	50000.000000	0.0116461 	50000.000000	0.0116228 	50000.000000	0.0116458 	50000.000000	0.0487656 	50000.000000	3.6665e-08	
