*Energy (MeV/u)1	0 - [He-base] F.Hubert et al, AD&ND Tables 46(1990)1	Energy (MeV/u)2	1 - [H -base] J.F.Ziegler et al, Pergamon Press, NY (low energy)	Energy (MeV/u)3	2 - ATIMA 1.2  LS-theory (recommended for high energy)	Energy (MeV/u)4	3 - ATIMA 1.2  without LS-correction	Energy (MeV/u)5	4 - electrical component of [1] - J.F.Ziegler et al	Energy (MeV/u)6	5 - nuclear component of [1] - J.F.Ziegler et al	
0.001000	1.49865e-05	0.001000	1.56543e-05	0.001000	1.59165e-05	0.001000	1.59165e-05	0.001000	4.51143e-06	0.001000	1.11428e-05	
0.002000	1.52197e-05	0.002000	1.42787e-05	0.002000	1.5179e-05	0.002000	1.5179e-05	0.002000	5.8506e-06	0.002000	8.42807e-06	
0.005000	1.66194e-05	0.005000	1.34142e-05	0.005000	1.58386e-05	0.005000	1.58386e-05	0.005000	8.24951e-06	0.005000	5.16466e-06	
0.008000	1.81241e-05	0.008000	1.36914e-05	0.008000	1.73534e-05	0.008000	1.73534e-05	0.008000	9.8395e-06	0.008000	3.85188e-06	
0.010000	1.90652e-05	0.010000	1.40226e-05	0.010000	1.84195e-05	0.010000	1.84195e-05	0.010000	1.06983e-05	0.010000	3.32435e-06	
0.015000	2.24616e-05	0.015000	1.49701e-05	0.015000	2.10026e-05	0.015000	2.10026e-05	0.015000	1.24551e-05	0.015000	2.51494e-06	
0.020000	2.57493e-05	0.020000	1.59027e-05	0.020000	2.33764e-05	0.020000	2.33764e-05	0.020000	1.3874e-05	0.020000	2.0287e-06	
0.025000	2.95098e-05	0.025000	1.69552e-05	0.025000	2.56011e-05	0.025000	2.56011e-05	0.025000	1.52326e-05	0.025000	1.72267e-06	
0.030000	3.29588e-05	0.030000	2.11267e-05	0.030000	2.8411e-05	0.030000	2.8411e-05	0.030000	1.96232e-05	0.030000	1.50345e-06	
0.035000	3.60243e-05	0.035000	2.53871e-05	0.035000	3.12081e-05	0.035000	3.12081e-05	0.035000	2.40493e-05	0.035000	1.33788e-06	
0.040000	3.86591e-05	0.040000	2.95205e-05	0.040000	3.39791e-05	0.040000	3.39791e-05	0.040000	2.83126e-05	0.040000	1.20793e-06	
0.045000	4.08143e-05	0.045000	3.3466e-05	0.045000	3.67138e-05	0.045000	3.67138e-05	0.045000	3.2363e-05	0.045000	1.10296e-06	
0.050000	4.2146e-05	0.050000	3.72195e-05	0.050000	3.94037e-05	0.050000	3.94037e-05	0.050000	3.62033e-05	0.050000	1.0162e-06	
0.055000	4.44021e-05	0.055000	4.0801e-05	0.055000	4.20419e-05	0.055000	4.20419e-05	0.055000	3.98578e-05	0.055000	9.4318e-07	
0.060000	4.63984e-05	0.060000	4.38881e-05	0.060000	4.46226e-05	0.060000	4.46226e-05	0.060000	4.30073e-05	0.060000	8.80783e-07	
0.070000	4.96579e-05	0.070000	4.93222e-05	0.070000	4.95917e-05	0.070000	4.95917e-05	0.070000	4.85427e-05	0.070000	7.79558e-07	
0.080000	5.311e-05 	0.080000	5.43648e-05	0.080000	5.42802e-05	0.080000	5.42802e-05	0.080000	5.36641e-05	0.080000	7.00759e-07	
0.090000	5.5944e-05	0.090000	5.90414e-05	0.090000	5.86681e-05	0.090000	5.86681e-05	0.090000	5.84039e-05	0.090000	6.37517e-07	
0.100000	5.81538e-05	0.100000	6.33559e-05	0.100000	6.27441e-05	0.100000	6.27441e-05	0.100000	6.27704e-05	0.100000	5.85536e-07	
0.120000	5.96513e-05	0.120000	7.02252e-05	0.120000	6.99531e-05	0.120000	6.99531e-05	0.120000	6.97203e-05	0.120000	5.0492e-07	
0.140000	6.06605e-05	0.140000	7.55005e-05	0.140000	7.5946e-05	0.140000	7.5946e-05	0.140000	7.50555e-05	0.140000	4.45089e-07	
0.160000	6.15708e-05	0.160000	7.99144e-05	0.160000	8.08226e-05	0.160000	8.08226e-05	0.160000	7.95157e-05	0.160000	3.98776e-07	
0.180000	6.25432e-05	0.180000	8.35991e-05	0.180000	8.47137e-05	0.180000	8.47137e-05	0.180000	8.32374e-05	0.180000	3.61777e-07	
0.200000	6.40784e-05	0.200000	8.69652e-05	0.200000	8.77594e-05	0.200000	8.77594e-05	0.200000	8.66338e-05	0.200000	3.31485e-07	
0.250000	6.57914e-05	0.250000	9.39708e-05	0.250000	9.25396e-05	0.250000	9.25396e-05	0.250000	9.36957e-05	0.250000	2.75159e-07	
0.300000	6.73167e-05	0.300000	9.81699e-05	0.300000	9.46072e-05	0.300000	9.46072e-05	0.300000	9.79338e-05	0.300000	2.36089e-07	
0.350000	6.89645e-05	0.350000	0.000101009	0.350000	9.51336e-05	0.350000	9.51336e-05	0.350000	0.000100801	0.350000	2.07282e-07	
0.400000	7.03519e-05	0.400000	0.000102996	0.400000	9.52146e-05	0.400000	9.52146e-05	0.400000	0.000102811	0.400000	1.85101e-07	
0.450000	7.1316e-05	0.450000	0.00010396	0.450000	9.58256e-05	0.450000	9.58256e-05	0.450000	0.000103793	0.450000	1.67458e-07	
0.500000	7.19315e-05	0.500000	0.000104223	0.500000	9.58594e-05	0.500000	9.58594e-05	0.500000	0.00010407	0.500000	1.53066e-07	
0.600000	7.02462e-05	0.600000	0.000103822	0.600000	9.4975e-05	0.600000	9.4975e-05	0.600000	0.000103691	0.600000	1.3095e-07	
0.700000	6.78782e-05	0.700000	0.000102659	0.700000	9.34662e-05	0.700000	9.34662e-05	0.700000	0.000102545	0.700000	1.14703e-07	
0.800000	6.76001e-05	0.800000	0.000100816	0.800000	9.11794e-05	0.800000	9.11794e-05	0.800000	0.000100714	0.800000	1.0223e-07	
0.900000	6.69566e-05	0.900000	9.86169e-05	0.900000	8.88344e-05	0.900000	8.88344e-05	0.900000	9.85245e-05	0.900000	9.23328e-08	
1.000000	6.61908e-05	1.000000	9.64044e-05	1.000000	8.65822e-05	1.000000	8.65822e-05	1.000000	9.63201e-05	1.000000	8.42766e-08	
1.250000	6.35544e-05	1.250000	9.08057e-05	1.250000	8.13511e-05	1.250000	8.13511e-05	1.250000	9.07363e-05	1.250000	6.94155e-08	
1.500000	6.02203e-05	1.500000	8.47053e-05	1.500000	7.60254e-05	1.500000	7.60254e-05	1.500000	8.46461e-05	1.500000	5.92041e-08	
1.750000	5.6982e-05	1.750000	7.91923e-05	1.750000	7.15343e-05	1.750000	7.15343e-05	1.750000	7.91405e-05	1.750000	5.17304e-08	
2.000000	5.39024e-05	2.000000	7.41817e-05	2.000000	6.76248e-05	2.000000	6.76248e-05	2.000000	7.41357e-05	2.000000	4.601e-08 	
2.250000	5.1178e-05	2.250000	6.97698e-05	2.250000	6.41587e-05	2.250000	6.41587e-05	2.250000	6.97283e-05	2.250000	4.14826e-08	
2.500000	5.06324e-05	2.500000	6.57969e-05	2.500000	6.10498e-05	2.500000	6.10498e-05	2.500000	6.57591e-05	2.500000	3.78051e-08	
3.000000	4.5903e-05	3.000000	5.90308e-05	3.000000	5.56808e-05	3.000000	5.56808e-05	3.000000	5.89986e-05	3.000000	3.21832e-08	
3.500000	4.19991e-05	3.500000	5.35995e-05	3.500000	5.11945e-05	3.500000	5.11945e-05	3.500000	5.35714e-05	3.500000	2.80776e-08	
4.000000	3.87301e-05	4.000000	4.90713e-05	4.000000	4.73846e-05	4.000000	4.73846e-05	4.000000	4.90463e-05	4.000000	2.49408e-08	
4.500000	3.59553e-05	4.500000	4.52833e-05	4.500000	4.41074e-05	4.500000	4.41074e-05	4.500000	4.52609e-05	4.500000	2.2462e-08	
5.000000	3.35712e-05	5.000000	4.2064e-05	5.000000	4.1258e-05	5.000000	4.1258e-05	5.000000	4.20435e-05	5.000000	2.04512e-08	
5.500000	3.15006e-05	5.500000	3.92869e-05	5.500000	3.87575e-05	5.500000	3.87575e-05	5.500000	3.92681e-05	5.500000	1.87856e-08	
6.000000	2.96852e-05	6.000000	3.68626e-05	6.000000	3.65455e-05	6.000000	3.65455e-05	6.000000	3.68453e-05	6.000000	1.73822e-08	
6.500000	2.80803e-05	6.500000	3.47245e-05	6.500000	3.45746e-05	6.500000	3.45746e-05	6.500000	3.47084e-05	6.500000	1.61826e-08	
7.000000	2.66509e-05	7.000000	3.28238e-05	7.000000	3.28075e-05	7.000000	3.28075e-05	7.000000	3.28087e-05	7.000000	1.5145e-08	
7.500000	2.53695e-05	7.500000	3.11233e-05	7.500000	3.12139e-05	7.500000	3.12139e-05	7.500000	3.1109e-05	7.500000	1.42381e-08	
8.000000	2.42138e-05	8.000000	2.95921e-05	8.000000	2.97695e-05	8.000000	2.97695e-05	8.000000	2.95787e-05	8.000000	1.34383e-08	
8.500000	2.31662e-05	8.500000	2.82058e-05	8.500000	2.84542e-05	8.500000	2.84542e-05	8.500000	2.8193e-05	8.500000	1.27275e-08	
9.000000	2.22118e-05	9.000000	2.69444e-05	9.000000	2.72515e-05	9.000000	2.72515e-05	9.000000	2.69323e-05	9.000000	1.20914e-08	
9.500000	2.13387e-05	9.500000	2.57916e-05	9.500000	2.61474e-05	9.500000	2.61474e-05	9.500000	2.57801e-05	9.500000	1.15186e-08	
10.000000	2.05367e-05	10.000000	2.37049e-05	10.000000	2.51303e-05	10.000000	2.51303e-05	10.000000	2.36939e-05	10.000000	1.1e-08   	
11.000000	1.91136e-05	11.000000	2.22081e-05	11.000000	2.32814e-05	11.000000	2.33193e-05	11.000000	2.2198e-05	11.000000	1.00968e-08	
12.000000	1.78888e-05	12.000000	2.08924e-05	12.000000	2.1695e-05	12.000000	2.17592e-05	12.000000	2.08831e-05	12.000000	9.33636e-09	
13.000000	1.68232e-05	13.000000	1.9728e-05	13.000000	2.03204e-05	13.000000	2.04026e-05	13.000000	1.97193e-05	13.000000	8.68696e-09	
14.000000	1.58872e-05	14.000000	1.86907e-05	14.000000	1.91186e-05	14.000000	1.92131e-05	14.000000	1.86826e-05	14.000000	8.1256e-09	
15.000000	1.50581e-05	15.000000	1.77613e-05	15.000000	1.80596e-05	15.000000	1.81626e-05	15.000000	1.77537e-05	15.000000	7.63528e-09	
16.000000	1.43185e-05	16.000000	1.69241e-05	16.000000	1.71207e-05	16.000000	1.7229e-05	16.000000	1.69169e-05	16.000000	7.20313e-09	
17.000000	1.36544e-05	17.000000	1.61661e-05	17.000000	1.62837e-05	17.000000	1.63945e-05	17.000000	1.61592e-05	17.000000	6.81926e-09	
18.000000	1.30546e-05	18.000000	1.54767e-05	18.000000	1.55328e-05	18.000000	1.56447e-05	18.000000	1.54702e-05	18.000000	6.47589e-09	
19.000000	1.25101e-05	19.000000	1.48472e-05	19.000000	1.48559e-05	19.000000	1.49681e-05	19.000000	1.4841e-05	19.000000	6.16684e-09	
20.000000	1.20135e-05	20.000000	1.427e-05 	20.000000	1.42432e-05	20.000000	1.43549e-05	20.000000	1.42641e-05	20.000000	5.88715e-09	
21.000000	1.15586e-05	21.000000	1.3739e-05	21.000000	1.36867e-05	21.000000	1.37971e-05	21.000000	1.37334e-05	21.000000	5.63276e-09	
22.000000	1.11403e-05	22.000000	1.32489e-05	22.000000	1.31794e-05	22.000000	1.3288e-05	22.000000	1.32435e-05	22.000000	5.40035e-09	
23.000000	1.07543e-05	23.000000	1.27951e-05	23.000000	1.27157e-05	23.000000	1.28218e-05	23.000000	1.27899e-05	23.000000	5.18714e-09	
24.000000	1.03969e-05	24.000000	1.23737e-05	24.000000	1.22904e-05	24.000000	1.23938e-05	24.000000	1.23687e-05	24.000000	4.99082e-09	
25.000000	1.0065e-05	25.000000	1.19815e-05	25.000000	1.18994e-05	25.000000	1.19998e-05	25.000000	1.19767e-05	25.000000	4.80943e-09	
27.000000	9.46753e-06	27.000000	1.12729e-05	27.000000	1.1206e-05	27.000000	1.12999e-05	27.000000	1.12684e-05	27.000000	4.48502e-09	
29.000000	8.9443e-06	29.000000	1.06503e-05	29.000000	1.06117e-05	29.000000	1.06989e-05	29.000000	1.06461e-05	29.000000	4.20324e-09	
31.000000	8.48213e-06	31.000000	1.00989e-05	31.000000	1.00776e-05	31.000000	1.01542e-05	31.000000	1.00949e-05	31.000000	3.95609e-09	
33.000000	8.07075e-06	33.000000	9.60708e-06	33.000000	9.58466e-06	33.000000	9.64907e-06	33.000000	9.60335e-06	33.000000	3.73749e-09	
35.000000	7.7021e-06	35.000000	9.16567e-06	35.000000	9.14248e-06	35.000000	9.19703e-06	35.000000	9.16213e-06	35.000000	3.5427e-09	
38.000000	7.21552e-06	38.000000	8.58224e-06	38.000000	8.5594e-06	38.000000	8.60141e-06	38.000000	8.57895e-06	38.000000	3.28719e-09	
41.000000	6.79412e-06	41.000000	8.07639e-06	41.000000	8.05411e-06	41.000000	8.08658e-06	41.000000	8.07332e-06	41.000000	3.06737e-09	
44.000000	6.42541e-06	44.000000	7.63352e-06	44.000000	7.61238e-06	44.000000	7.63698e-06	44.000000	7.63065e-06	44.000000	2.87616e-09	
47.000000	6.09995e-06	47.000000	7.2425e-06	47.000000	7.22225e-06	47.000000	7.24081e-06	47.000000	7.23979e-06	47.000000	2.70825e-09	
50.000000	5.81042e-06	50.000000	6.89465e-06	50.000000	6.87543e-06	50.000000	6.88899e-06	50.000000	6.89209e-06	50.000000	2.55958e-09	
55.000000	5.39266e-06	55.000000	6.39292e-06	55.000000	6.37489e-06	55.000000	6.38244e-06	55.000000	6.39057e-06	55.000000	2.34625e-09	
60.000000	5.03932e-06	60.000000	5.96889e-06	60.000000	5.95297e-06	60.000000	5.95511e-06	60.000000	5.96673e-06	60.000000	2.16693e-09	
65.000000	4.73631e-06	65.000000	5.60568e-06	65.000000	5.5911e-06	65.000000	5.58958e-06	65.000000	5.60367e-06	65.000000	2.014e-09 	
70.000000	4.47342e-06	70.000000	5.29097e-06	70.000000	5.2772e-06	70.000000	5.27321e-06	70.000000	5.28909e-06	70.000000	1.88197e-09	
75.000000	4.24302e-06	75.000000	5.01557e-06	75.000000	5.00305e-06	75.000000	4.99661e-06	75.000000	5.0138e-06	75.000000	1.76678e-09	
80.000000	4.03934e-06	80.000000	4.77248e-06	80.000000	4.76069e-06	80.000000	4.75265e-06	80.000000	4.77082e-06	80.000000	1.66537e-09	
85.000000	3.85789e-06	85.000000	4.55629e-06	85.000000	4.54517e-06	85.000000	4.53582e-06	85.000000	4.55472e-06	85.000000	1.57538e-09	
90.000000	3.69515e-06	90.000000	4.36273e-06	90.000000	4.35227e-06	90.000000	4.34179e-06	90.000000	4.36123e-06	90.000000	1.49495e-09	
95.000000	3.5483e-06	95.000000	4.18838e-06	95.000000	4.17856e-06	95.000000	4.16712e-06	95.000000	4.18696e-06	95.000000	1.42263e-09	
100.000000	3.41508e-06	100.000000	4.0305e-06	100.000000	4.0213e-06	100.000000	4.00902e-06	100.000000	4.02915e-06	100.000000	1.35723e-09	
105.000000	3.29363e-06	105.000000	3.88684e-06	105.000000	3.87827e-06	105.000000	3.86522e-06	105.000000	3.88555e-06	105.000000	1.29779e-09	
110.000000	3.18243e-06	110.000000	3.75555e-06	110.000000	3.74717e-06	110.000000	3.73385e-06	110.000000	3.75431e-06	110.000000	1.24352e-09	
115.000000	3.0802e-06	115.000000	3.63508e-06	115.000000	3.62716e-06	115.000000	3.61336e-06	115.000000	3.63389e-06	115.000000	1.19377e-09	
120.000000	2.98587e-06	120.000000	3.52414e-06	120.000000	3.51666e-06	120.000000	3.50243e-06	120.000000	3.52299e-06	120.000000	1.14799e-09	
125.000000	2.89854e-06	125.000000	3.42163e-06	125.000000	3.41428e-06	125.000000	3.39998e-06	125.000000	3.42052e-06	125.000000	1.10572e-09	
130.000000	2.81744e-06	130.000000	3.32662e-06	130.000000	3.31949e-06	130.000000	3.30506e-06	130.000000	3.32555e-06	130.000000	1.06657e-09	
135.000000	2.7419e-06	135.000000	3.23831e-06	135.000000	3.23169e-06	135.000000	3.21686e-06	135.000000	3.23728e-06	135.000000	1.03019e-09	
140.000000	2.67137e-06	140.000000	3.156e-06 	140.000000	3.14975e-06	140.000000	3.13469e-06	140.000000	3.15501e-06	140.000000	9.96296e-10	
145.000000	2.60535e-06	145.000000	3.07912e-06	145.000000	3.07304e-06	145.000000	3.05796e-06	145.000000	3.07815e-06	145.000000	9.64644e-10	
150.000000	2.5434e-06	150.000000	3.00712e-06	150.000000	3.00129e-06	150.000000	2.98614e-06	150.000000	3.00619e-06	150.000000	9.35014e-10	
155.000000	2.45614e-06	155.000000	2.93956e-06	155.000000	2.93397e-06	155.000000	2.91877e-06	155.000000	2.93866e-06	155.000000	9.07216e-10	
160.000000	2.405e-06 	160.000000	2.87605e-06	160.000000	2.8707e-06	160.000000	2.85545e-06	160.000000	2.87517e-06	160.000000	8.81082e-10	
165.000000	2.35678e-06	165.000000	2.81622e-06	165.000000	2.81111e-06	165.000000	2.79583e-06	165.000000	2.81536e-06	165.000000	8.56466e-10	
170.000000	2.31123e-06	170.000000	2.75976e-06	170.000000	2.7549e-06	170.000000	2.73959e-06	170.000000	2.75892e-06	170.000000	8.33238e-10	
175.000000	2.26812e-06	175.000000	2.70639e-06	175.000000	2.70179e-06	175.000000	2.68646e-06	175.000000	2.70558e-06	175.000000	8.11281e-10	
180.000000	2.22726e-06	180.000000	2.65587e-06	180.000000	2.65153e-06	180.000000	2.63618e-06	180.000000	2.65508e-06	180.000000	7.90494e-10	
185.000000	2.18848e-06	185.000000	2.60798e-06	185.000000	2.60389e-06	185.000000	2.58853e-06	185.000000	2.60721e-06	185.000000	7.70784e-10	
190.000000	2.15163e-06	190.000000	2.56251e-06	190.000000	2.55867e-06	190.000000	2.54331e-06	190.000000	2.56176e-06	190.000000	7.52068e-10	
195.000000	2.11655e-06	195.000000	2.51929e-06	195.000000	2.51573e-06	195.000000	2.50034e-06	195.000000	2.51855e-06	195.000000	7.34273e-10	
200.000000	2.08313e-06	200.000000	2.47815e-06	200.000000	2.47486e-06	200.000000	2.45946e-06	200.000000	2.47743e-06	200.000000	7.1733e-10	
210.000000	2.02079e-06	210.000000	2.40154e-06	210.000000	2.39854e-06	210.000000	2.38338e-06	210.000000	2.40086e-06	210.000000	6.85767e-10	
220.000000	1.96382e-06	220.000000	2.33167e-06	220.000000	2.32915e-06	220.000000	2.31405e-06	220.000000	2.33101e-06	220.000000	6.56958e-10	
230.000000	1.91153e-06	230.000000	2.26769e-06	230.000000	2.26572e-06	230.000000	2.25062e-06	230.000000	2.26706e-06	230.000000	6.30553e-10	
240.000000	1.86338e-06	240.000000	2.20889e-06	240.000000	2.20748e-06	240.000000	2.19237e-06	240.000000	2.20828e-06	240.000000	6.06261e-10	
250.000000	1.81888e-06	250.000000	2.15466e-06	250.000000	2.15366e-06	250.000000	2.13871e-06	250.000000	2.15407e-06	250.000000	5.83835e-10	
260.000000	1.77765e-06	260.000000	2.1045e-06	260.000000	2.1039e-06	260.000000	2.08911e-06	260.000000	2.10393e-06	260.000000	5.63065e-10	
270.000000	1.73932e-06	270.000000	2.05797e-06	270.000000	2.05795e-06	270.000000	2.04315e-06	270.000000	2.05742e-06	270.000000	5.43772e-10	
280.000000	1.7036e-06	280.000000	2.01469e-06	280.000000	2.01522e-06	280.000000	2.00044e-06	280.000000	2.01417e-06	280.000000	5.25803e-10	
290.000000	1.67024e-06	290.000000	1.97434e-06	290.000000	1.97524e-06	290.000000	1.96065e-06	290.000000	1.97383e-06	290.000000	5.09024e-10	
300.000000	1.639e-06 	300.000000	1.93664e-06	300.000000	1.93802e-06	300.000000	1.92351e-06	300.000000	1.93615e-06	300.000000	4.93319e-10	
310.000000	1.60971e-06	310.000000	1.90134e-06	310.000000	1.90324e-06	310.000000	1.88877e-06	310.000000	1.90086e-06	310.000000	4.78587e-10	
320.000000	1.58217e-06	320.000000	1.86821e-06	320.000000	1.8705e-06	320.000000	1.85619e-06	320.000000	1.86775e-06	320.000000	4.64739e-10	
330.000000	1.55624e-06	330.000000	1.83707e-06	330.000000	1.83982e-06	330.000000	1.82561e-06	330.000000	1.83662e-06	330.000000	4.51698e-10	
340.000000	1.53178e-06	340.000000	1.80775e-06	340.000000	1.81105e-06	340.000000	1.79683e-06	340.000000	1.80731e-06	340.000000	4.39394e-10	
350.000000	1.50868e-06	350.000000	1.7801e-06	350.000000	1.78393e-06	350.000000	1.76972e-06	350.000000	1.77968e-06	350.000000	4.27765e-10	
360.000000	1.48682e-06	360.000000	1.75398e-06	360.000000	1.75825e-06	360.000000	1.74413e-06	360.000000	1.75357e-06	360.000000	4.16757e-10	
370.000000	1.46611e-06	370.000000	1.72928e-06	370.000000	1.73393e-06	370.000000	1.71995e-06	370.000000	1.72887e-06	370.000000	4.0632e-10	
380.000000	1.44646e-06	380.000000	1.70588e-06	380.000000	1.711e-06 	380.000000	1.69707e-06	380.000000	1.70548e-06	380.000000	3.96411e-10	
390.000000	1.4278e-06	390.000000	1.68368e-06	390.000000	1.6893e-06	390.000000	1.67539e-06	390.000000	1.68329e-06	390.000000	3.86991e-10	
400.000000	1.41005e-06	400.000000	1.6626e-06	400.000000	1.66864e-06	400.000000	1.65481e-06	400.000000	1.66223e-06	400.000000	3.78023e-10	
410.000000	1.39316e-06	410.000000	1.64257e-06	410.000000	1.64898e-06	410.000000	1.63528e-06	410.000000	1.6422e-06	410.000000	3.69476e-10	
420.000000	1.37706e-06	420.000000	1.6235e-06	420.000000	1.63033e-06	420.000000	1.6167e-06	420.000000	1.62314e-06	420.000000	3.6132e-10	
430.000000	1.36169e-06	430.000000	1.60534e-06	430.000000	1.61261e-06	430.000000	1.59901e-06	430.000000	1.60498e-06	430.000000	3.53529e-10	
440.000000	1.34702e-06	440.000000	1.58801e-06	440.000000	1.59571e-06	440.000000	1.58217e-06	440.000000	1.58767e-06	440.000000	3.46078e-10	
450.000000	1.333e-06 	450.000000	1.57148e-06	450.000000	1.57958e-06	450.000000	1.5661e-06	450.000000	1.57114e-06	450.000000	3.38945e-10	
460.000000	1.31959e-06	460.000000	1.55568e-06	460.000000	1.56414e-06	460.000000	1.55076e-06	460.000000	1.55535e-06	460.000000	3.3211e-10	
470.000000	1.30675e-06	470.000000	1.54058e-06	470.000000	1.54939e-06	470.000000	1.53611e-06	470.000000	1.54025e-06	470.000000	3.25555e-10	
480.000000	1.29445e-06	480.000000	1.52613e-06	480.000000	1.53533e-06	480.000000	1.5221e-06	480.000000	1.52581e-06	480.000000	3.19263e-10	
490.000000	1.28265e-06	490.000000	1.51228e-06	490.000000	1.52192e-06	490.000000	1.50869e-06	490.000000	1.51197e-06	490.000000	3.13217e-10	
500.000000	1.27133e-06	500.000000	1.49902e-06	500.000000	1.50906e-06	500.000000	1.49585e-06	500.000000	1.49871e-06	500.000000	3.07404e-10	
520.000000	1.25002e-06	520.000000	1.47409e-06	520.000000	1.48481e-06	520.000000	1.47174e-06	520.000000	1.47379e-06	520.000000	2.96424e-10	
540.000000	1.23033e-06	540.000000	1.4511e-06	540.000000	1.46253e-06	540.000000	1.44955e-06	540.000000	1.45081e-06	540.000000	2.86226e-10	
560.000000	1.21208e-06	560.000000	1.42985e-06	560.000000	1.44202e-06	560.000000	1.42906e-06	560.000000	1.42957e-06	560.000000	2.76729e-10	
580.000000	1.19515e-06	580.000000	1.41016e-06	580.000000	1.42294e-06	580.000000	1.4101e-06	580.000000	1.4099e-06	580.000000	2.67862e-10	
600.000000	1.17939e-06	600.000000	1.39189e-06	600.000000	1.40522e-06	600.000000	1.39252e-06	600.000000	1.39163e-06	600.000000	2.59565e-10	
620.000000	1.16472e-06	620.000000	1.37489e-06	620.000000	1.38879e-06	620.000000	1.37619e-06	620.000000	1.37464e-06	620.000000	2.51783e-10	
640.000000	1.15102e-06	640.000000	1.35906e-06	640.000000	1.37357e-06	640.000000	1.36098e-06	640.000000	1.35881e-06	640.000000	2.44469e-10	
660.000000	1.13821e-06	660.000000	1.34428e-06	660.000000	1.35936e-06	660.000000	1.34681e-06	660.000000	1.34404e-06	660.000000	2.37581e-10	
680.000000	1.12623e-06	680.000000	1.33047e-06	680.000000	1.34602e-06	680.000000	1.33357e-06	680.000000	1.33024e-06	680.000000	2.31084e-10	
700.000000	1.115e-06 	700.000000	1.31755e-06	700.000000	1.33356e-06	700.000000	1.32119e-06	700.000000	1.31733e-06	700.000000	2.24944e-10	
720.000000	1.10447e-06	720.000000	1.30545e-06	720.000000	1.32195e-06	720.000000	1.30959e-06	720.000000	1.30523e-06	720.000000	2.19133e-10	
740.000000	1.09457e-06	740.000000	1.29409e-06	740.000000	1.31105e-06	740.000000	1.29871e-06	740.000000	1.29388e-06	740.000000	2.13624e-10	
760.000000	1.08527e-06	760.000000	1.28343e-06	760.000000	1.30078e-06	760.000000	1.2885e-06	760.000000	1.28322e-06	760.000000	2.08394e-10	
780.000000	1.07652e-06	780.000000	1.27341e-06	780.000000	1.2911e-06	780.000000	1.2789e-06	780.000000	1.27321e-06	780.000000	2.03423e-10	
800.000000	1.06828e-06	800.000000	1.26399e-06	800.000000	1.28198e-06	800.000000	1.26987e-06	800.000000	1.26379e-06	800.000000	1.98691e-10	
820.000000	1.06051e-06	820.000000	1.25511e-06	820.000000	1.27341e-06	820.000000	1.26136e-06	820.000000	1.25492e-06	820.000000	1.94181e-10	
840.000000	1.05319e-06	840.000000	1.24675e-06	840.000000	1.26534e-06	840.000000	1.25333e-06	840.000000	1.24656e-06	840.000000	1.89878e-10	
860.000000	1.04628e-06	860.000000	1.23887e-06	860.000000	1.25775e-06	860.000000	1.24576e-06	860.000000	1.23868e-06	860.000000	1.85768e-10	
880.000000	1.03976e-06	880.000000	1.23143e-06	880.000000	1.25059e-06	880.000000	1.23861e-06	880.000000	1.23125e-06	880.000000	1.81838e-10	
900.000000	1.03361e-06	900.000000	1.22441e-06	900.000000	1.24381e-06	900.000000	1.23185e-06	900.000000	1.22423e-06	900.000000	1.78076e-10	
920.000000	1.02779e-06	920.000000	1.21778e-06	920.000000	1.23737e-06	920.000000	1.22545e-06	920.000000	1.21761e-06	920.000000	1.74472e-10	
940.000000	1.02229e-06	940.000000	1.21152e-06	940.000000	1.23126e-06	940.000000	1.2194e-06	940.000000	1.21135e-06	940.000000	1.71015e-10	
960.000000	1.0171e-06	960.000000	1.2056e-06	960.000000	1.22547e-06	960.000000	1.21366e-06	960.000000	1.20543e-06	960.000000	1.67697e-10	
980.000000	1.01219e-06	980.000000	1.20001e-06	980.000000	1.21998e-06	980.000000	1.20823e-06	980.000000	1.19984e-06	980.000000	1.6451e-10	
1000.000000	1.00755e-06	1000.000000	1.19472e-06	1000.000000	1.21478e-06	1000.000000	1.20307e-06	1000.000000	1.19456e-06	1000.000000	1.61446e-10	
1020.000000	1.00316e-06	1020.000000	1.18971e-06	1020.000000	1.20985e-06	1020.000000	1.19818e-06	1020.000000	1.18956e-06	1020.000000	1.58497e-10	
1040.000000	9.99013e-07	1040.000000	1.18498e-06	1040.000000	1.20519e-06	1040.000000	1.19354e-06	1040.000000	1.18483e-06	1040.000000	1.55657e-10	
1060.000000	9.95091e-07	1060.000000	1.1805e-06	1060.000000	1.20077e-06	1060.000000	1.18913e-06	1060.000000	1.18035e-06	1060.000000	1.52921e-10	
1080.000000	9.91384e-07	1080.000000	1.17627e-06	1080.000000	1.19657e-06	1080.000000	1.18493e-06	1080.000000	1.17612e-06	1080.000000	1.50283e-10	
1100.000000	9.87881e-07	1100.000000	1.17226e-06	1100.000000	1.19258e-06	1100.000000	1.18095e-06	1100.000000	1.17211e-06	1100.000000	1.47737e-10	
1120.000000	9.84572e-07	1120.000000	1.16847e-06	1120.000000	1.18877e-06	1120.000000	1.17716e-06	1120.000000	1.16833e-06	1120.000000	1.45278e-10	
1140.000000	9.81447e-07	1140.000000	1.16489e-06	1140.000000	1.18514e-06	1140.000000	1.17356e-06	1140.000000	1.16475e-06	1140.000000	1.42903e-10	
1160.000000	9.78498e-07	1160.000000	1.1615e-06	1160.000000	1.18168e-06	1160.000000	1.17013e-06	1160.000000	1.16136e-06	1160.000000	1.40607e-10	
1180.000000	9.75715e-07	1180.000000	1.1583e-06	1180.000000	1.17838e-06	1180.000000	1.16687e-06	1180.000000	1.15816e-06	1180.000000	1.38385e-10	
1200.000000	9.73092e-07	1200.000000	1.15527e-06	1200.000000	1.17524e-06	1200.000000	1.16376e-06	1200.000000	1.15513e-06	1200.000000	1.36235e-10	
1220.000000	9.70621e-07	1220.000000	1.15241e-06	1220.000000	1.17225e-06	1220.000000	1.1608e-06	1220.000000	1.15228e-06	1220.000000	1.34153e-10	
1240.000000	9.68294e-07	1240.000000	1.14971e-06	1240.000000	1.1694e-06	1240.000000	1.15798e-06	1240.000000	1.14958e-06	1240.000000	1.32136e-10	
1260.000000	9.66106e-07	1260.000000	1.14716e-06	1260.000000	1.16668e-06	1260.000000	1.15529e-06	1260.000000	1.14703e-06	1260.000000	1.3018e-10	
1280.000000	9.64051e-07	1280.000000	1.14476e-06	1280.000000	1.1641e-06	1280.000000	1.15274e-06	1280.000000	1.14464e-06	1280.000000	1.28284e-10	
1300.000000	9.62122e-07	1300.000000	1.1425e-06	1300.000000	1.16164e-06	1300.000000	1.1503e-06	1300.000000	1.14237e-06	1300.000000	1.26443e-10	
1320.000000	9.60315e-07	1320.000000	1.14037e-06	1320.000000	1.1593e-06	1320.000000	1.14798e-06	1320.000000	1.14025e-06	1320.000000	1.24657e-10	
1340.000000	9.58624e-07	1340.000000	1.13837e-06	1340.000000	1.15707e-06	1340.000000	1.14576e-06	1340.000000	1.13824e-06	1340.000000	1.22922e-10	
1360.000000	9.57045e-07	1360.000000	1.13649e-06	1360.000000	1.15495e-06	1360.000000	1.14365e-06	1360.000000	1.13636e-06	1360.000000	1.21236e-10	
1380.000000	9.55572e-07	1380.000000	1.13472e-06	1380.000000	1.15292e-06	1380.000000	1.14164e-06	1380.000000	1.1346e-06	1380.000000	1.19597e-10	
1400.000000	9.54203e-07	1400.000000	1.13307e-06	1400.000000	1.151e-06 	1400.000000	1.13972e-06	1400.000000	1.13295e-06	1400.000000	1.18003e-10	
1420.000000	9.52933e-07	1420.000000	1.13152e-06	1420.000000	1.14916e-06	1420.000000	1.1379e-06	1420.000000	1.1314e-06	1420.000000	1.16453e-10	
1440.000000	9.51757e-07	1440.000000	1.13007e-06	1440.000000	1.14741e-06	1440.000000	1.13615e-06	1440.000000	1.12996e-06	1440.000000	1.14944e-10	
1460.000000	9.50673e-07	1460.000000	1.12872e-06	1460.000000	1.14574e-06	1460.000000	1.1345e-06	1460.000000	1.12861e-06	1460.000000	1.13475e-10	
1480.000000	9.49677e-07	1480.000000	1.12747e-06	1480.000000	1.14414e-06	1480.000000	1.13291e-06	1480.000000	1.12736e-06	1480.000000	1.12044e-10	
1500.000000	9.48766e-07	1500.000000	1.12631e-06	1500.000000	1.14263e-06	1500.000000	1.13141e-06	1500.000000	1.1262e-06	1500.000000	1.1065e-10	
1520.000000	9.47936e-07	1520.000000	1.12523e-06	1520.000000	1.14118e-06	1520.000000	1.12997e-06	1520.000000	1.12512e-06	1520.000000	1.09292e-10	
1540.000000	9.47185e-07	1540.000000	1.12424e-06	1540.000000	1.1398e-06	1540.000000	1.12861e-06	1540.000000	1.12413e-06	1540.000000	1.07967e-10	
1560.000000	9.4651e-07	1560.000000	1.12332e-06	1560.000000	1.13849e-06	1560.000000	1.12731e-06	1560.000000	1.12322e-06	1560.000000	1.06675e-10	
1580.000000	9.45909e-07	1580.000000	1.12249e-06	1580.000000	1.13723e-06	1580.000000	1.12607e-06	1580.000000	1.12238e-06	1580.000000	1.05415e-10	
1600.000000	9.45378e-07	1600.000000	1.12173e-06	1600.000000	1.13604e-06	1600.000000	1.12489e-06	1600.000000	1.12162e-06	1600.000000	1.04185e-10	
1620.000000	9.44915e-07	1620.000000	1.12104e-06	1620.000000	1.13491e-06	1620.000000	1.12377e-06	1620.000000	1.12093e-06	1620.000000	1.02985e-10	
1640.000000	9.44519e-07	1640.000000	1.12042e-06	1640.000000	1.13383e-06	1640.000000	1.12271e-06	1640.000000	1.12032e-06	1640.000000	1.01812e-10	
1660.000000	9.44186e-07	1660.000000	1.11986e-06	1660.000000	1.1328e-06	1660.000000	1.1217e-06	1660.000000	1.11976e-06	1660.000000	1.00667e-10	
1680.000000	9.43915e-07	1680.000000	1.11938e-06	1680.000000	1.13183e-06	1680.000000	1.12073e-06	1680.000000	1.11928e-06	1680.000000	9.95483e-11	
1700.000000	9.43704e-07	1700.000000	1.11895e-06	1700.000000	1.1309e-06	1700.000000	1.11982e-06	1700.000000	1.11885e-06	1700.000000	9.8455e-11	
1750.000000	9.43426e-07	1750.000000	1.11814e-06	1750.000000	1.12879e-06	1750.000000	1.11774e-06	1750.000000	1.11804e-06	1750.000000	9.5827e-11	
1800.000000	9.43483e-07	1800.000000	1.11767e-06	1800.000000	1.12694e-06	1800.000000	1.11593e-06	1800.000000	1.11758e-06	1800.000000	9.334e-11 	
1850.000000	9.4385e-07	1850.000000	1.11752e-06	1850.000000	1.12533e-06	1850.000000	1.11435e-06	1850.000000	1.11743e-06	1850.000000	9.09827e-11	
1900.000000	9.44505e-07	1900.000000	1.11767e-06	1900.000000	1.12394e-06	1900.000000	1.11299e-06	1900.000000	1.11758e-06	1900.000000	8.87452e-11	
1950.000000	9.45427e-07	1950.000000	1.11808e-06	1950.000000	1.12276e-06	1950.000000	1.11184e-06	1950.000000	1.11799e-06	1950.000000	8.66185e-11	
2000.000000	9.466e-07 	2000.000000	1.11874e-06	2000.000000	1.12176e-06	2000.000000	1.11086e-06	2000.000000	1.11865e-06	2000.000000	8.45945e-11	
2100.000000	9.49631e-07	2100.000000	1.12073e-06	2100.000000	1.12024e-06	2100.000000	1.10938e-06	2100.000000	1.12065e-06	2100.000000	8.08257e-11	
2200.000000	9.53484e-07	2200.000000	1.12353e-06	2200.000000	1.1193e-06	2200.000000	1.10846e-06	2200.000000	1.12345e-06	2200.000000	7.73881e-11	
2300.000000	9.58065e-07	2300.000000	1.12702e-06	2300.000000	1.11882e-06	2300.000000	1.10799e-06	2300.000000	1.12694e-06	2300.000000	7.42393e-11	
2400.000000	9.63293e-07	2400.000000	1.13111e-06	2400.000000	1.11873e-06	2400.000000	1.10792e-06	2400.000000	1.13104e-06	2400.000000	7.13441e-11	
2500.000000	9.69103e-07	2500.000000	1.13574e-06	2500.000000	1.11897e-06	2500.000000	1.10818e-06	2500.000000	1.13568e-06	2500.000000	6.86727e-11	
2600.000000	9.75435e-07	2600.000000	1.14085e-06	2600.000000	1.11949e-06	2600.000000	1.10872e-06	2600.000000	1.14078e-06	2600.000000	6.62e-11  	
2700.000000	9.82242e-07	2700.000000	1.14637e-06	2700.000000	1.12025e-06	2700.000000	1.1095e-06	2700.000000	1.14631e-06	2700.000000	6.39043e-11	
2800.000000	9.89481e-07	2800.000000	1.15227e-06	2800.000000	1.12122e-06	2800.000000	1.11049e-06	2800.000000	1.1522e-06	2800.000000	6.17671e-11	
2900.000000	9.97116e-07	2900.000000	1.1585e-06	2900.000000	1.12236e-06	2900.000000	1.11164e-06	2900.000000	1.15844e-06	2900.000000	5.97724e-11	
3000.000000	1.00511e-06	3000.000000	1.16503e-06	3000.000000	1.12364e-06	3000.000000	1.11295e-06	3000.000000	1.16497e-06	3000.000000	5.79062e-11	
3200.000000	1.02209e-06	3200.000000	1.17887e-06	3200.000000	1.12658e-06	3200.000000	1.11592e-06	3200.000000	1.17882e-06	3200.000000	5.45124e-11	
3400.000000	1.04023e-06	3400.000000	1.19361e-06	3400.000000	1.12989e-06	3400.000000	1.11926e-06	3400.000000	1.19356e-06	3400.000000	5.15049e-11	
3600.000000	1.05937e-06	3600.000000	1.20908e-06	3600.000000	1.13348e-06	3600.000000	1.12287e-06	3600.000000	1.20903e-06	3600.000000	4.88209e-11	
3800.000000	1.07942e-06	3800.000000	1.22516e-06	3800.000000	1.13726e-06	3800.000000	1.12668e-06	3800.000000	1.22511e-06	3800.000000	4.64104e-11	
4000.000000	1.10026e-06	4000.000000	1.24176e-06	4000.000000	1.14118e-06	4000.000000	1.13061e-06	4000.000000	1.24172e-06	4000.000000	4.42331e-11	
4200.000000	1.12183e-06	4200.000000	1.25881e-06	4200.000000	1.14518e-06	4200.000000	1.13464e-06	4200.000000	1.25876e-06	4200.000000	4.22565e-11	
4400.000000	1.14406e-06	4400.000000	1.27622e-06	4400.000000	1.14925e-06	4400.000000	1.13872e-06	4400.000000	1.27618e-06	4400.000000	4.04539e-11	
4600.000000	1.1669e-06	4600.000000	1.29396e-06	4600.000000	1.15334e-06	4600.000000	1.14283e-06	4600.000000	1.29392e-06	4600.000000	3.8803e-11	
4800.000000	1.1903e-06	4800.000000	1.31198e-06	4800.000000	1.15744e-06	4800.000000	1.14695e-06	4800.000000	1.31195e-06	4800.000000	3.72852e-11	
5000.000000	1.21424e-06	5000.000000	1.33024e-06	5000.000000	1.16153e-06	5000.000000	1.15106e-06	5000.000000	1.33021e-06	5000.000000	3.5885e-11	
5250.000000	1.24485e-06	5250.000000	1.35336e-06	5250.000000	1.16662e-06	5250.000000	1.15616e-06	5250.000000	1.35333e-06	5250.000000	3.428e-11 	
5500.000000	1.27618e-06	5500.000000	1.37676e-06	5500.000000	1.17166e-06	5500.000000	1.16122e-06	5500.000000	1.37673e-06	5500.000000	3.28164e-11	
6000.000000	1.34085e-06	6000.000000	1.42425e-06	6000.000000	1.18155e-06	6000.000000	1.17114e-06	6000.000000	1.42421e-06	6000.000000	3.02437e-11	
6500.000000	1.40798e-06	6500.000000	1.47243e-06	6500.000000	1.19114e-06	6500.000000	1.18076e-06	6500.000000	1.4724e-06	6500.000000	2.80548e-11	
7000.000000	1.47736e-06	7000.000000	1.52113e-06	7000.000000	1.2004e-06	7000.000000	1.19003e-06	7000.000000	1.52111e-06	7000.000000	2.61691e-11	
7500.000000	1.54887e-06	7500.000000	1.57023e-06	7500.000000	1.20932e-06	7500.000000	1.19897e-06	7500.000000	1.57021e-06	7500.000000	2.45273e-11	
8000.000000	1.62239e-06	8000.000000	1.61963e-06	8000.000000	1.21791e-06	8000.000000	1.20757e-06	8000.000000	1.6196e-06	8000.000000	2.30845e-11	
8500.000000	1.69783e-06	8500.000000	1.66924e-06	8500.000000	1.22617e-06	8500.000000	1.21585e-06	8500.000000	1.66922e-06	8500.000000	2.18062e-11	
9000.000000	1.77513e-06	9000.000000	1.71902e-06	9000.000000	1.23409e-06	9000.000000	1.22381e-06	9000.000000	1.719e-06 	9000.000000	2.06657e-11	
9500.000000	1.85424e-06	9500.000000	1.76893e-06	9500.000000	1.24173e-06	9500.000000	1.23148e-06	9500.000000	1.76891e-06	9500.000000	1.96416e-11	
10000.000000	1.93512e-06	10000.000000	1.81893e-06	10000.000000	1.24909e-06	10000.000000	1.23886e-06	10000.000000	1.81891e-06	10000.000000	1.87169e-11	
11000.000000	2.10205e-06	11000.000000	1.9191e-06	11000.000000	1.26305e-06	11000.000000	1.25285e-06	11000.000000	1.91909e-06	11000.000000	1.71121e-11	
12000.000000	2.27574e-06	12000.000000	2.01939e-06	12000.000000	1.27604e-06	12000.000000	1.26589e-06	12000.000000	2.01937e-06	12000.000000	1.57671e-11	
13000.000000	2.45606e-06	13000.000000	2.11969e-06	13000.000000	1.28819e-06	13000.000000	1.27809e-06	13000.000000	2.11968e-06	13000.000000	1.4623e-11	
14000.000000	2.64291e-06	14000.000000	2.21994e-06	14000.000000	1.29959e-06	14000.000000	1.28955e-06	14000.000000	2.21993e-06	14000.000000	1.36377e-11	
15000.000000	2.83624e-06	15000.000000	2.3201e-06	15000.000000	1.31032e-06	15000.000000	1.30034e-06	15000.000000	2.32009e-06	15000.000000	1.27799e-11	
16000.000000	3.03601e-06	16000.000000	2.42014e-06	16000.000000	1.32045e-06	16000.000000	1.31053e-06	16000.000000	2.42013e-06	16000.000000	1.20262e-11	
17000.000000	3.2422e-06	17000.000000	2.52003e-06	17000.000000	1.33004e-06	17000.000000	1.32019e-06	17000.000000	2.52002e-06	17000.000000	1.13586e-11	
18000.000000	3.45479e-06	18000.000000	2.61978e-06	18000.000000	1.33914e-06	18000.000000	1.32936e-06	18000.000000	2.61977e-06	18000.000000	1.07631e-11	
19000.000000	3.67379e-06	19000.000000	2.71936e-06	19000.000000	1.3478e-06	19000.000000	1.33809e-06	19000.000000	2.71935e-06	19000.000000	1.02284e-11	
20000.000000	3.8992e-06	20000.000000	2.81878e-06	20000.000000	1.35606e-06	20000.000000	1.34641e-06	20000.000000	2.81877e-06	20000.000000	9.7456e-12	
21000.000000	4.13103e-06	21000.000000	2.91803e-06	21000.000000	1.36395e-06	21000.000000	1.35437e-06	21000.000000	2.91802e-06	21000.000000	9.30748e-12	
22000.000000	4.36929e-06	22000.000000	3.01712e-06	22000.000000	1.37151e-06	22000.000000	1.36199e-06	22000.000000	3.01711e-06	22000.000000	8.90803e-12	
23000.000000	4.61399e-06	23000.000000	3.11603e-06	23000.000000	1.37872e-06	23000.000000	1.3693e-06	23000.000000	3.11603e-06	23000.000000	8.54232e-12	
24000.000000	4.86517e-06	24000.000000	3.21479e-06	24000.000000	1.38564e-06	24000.000000	1.37633e-06	24000.000000	3.21478e-06	24000.000000	8.2062e-12	
25000.000000	5.12283e-06	25000.000000	3.31338e-06	25000.000000	1.39232e-06	25000.000000	1.38309e-06	25000.000000	3.31337e-06	25000.000000	7.89619e-12	
26000.000000	5.38701e-06	26000.000000	3.41181e-06	26000.000000	1.39875e-06	26000.000000	1.3896e-06	26000.000000	3.4118e-06	26000.000000	7.60934e-12	
27000.000000	5.65773e-06	27000.000000	3.51009e-06	27000.000000	1.40493e-06	27000.000000	1.39588e-06	27000.000000	3.51008e-06	27000.000000	7.34313e-12	
28000.000000	5.93501e-06	28000.000000	3.60821e-06	28000.000000	1.41089e-06	28000.000000	1.40195e-06	28000.000000	3.6082e-06	28000.000000	7.09539e-12	
29000.000000	6.21888e-06	29000.000000	3.70618e-06	29000.000000	1.41665e-06	29000.000000	1.40781e-06	29000.000000	3.70617e-06	29000.000000	6.86424e-12	
30000.000000	6.50938e-06	30000.000000	3.804e-06 	30000.000000	1.42223e-06	30000.000000	1.41349e-06	30000.000000	3.804e-06 	30000.000000	6.64805e-12	
32000.000000	7.11037e-06	32000.000000	3.99922e-06	32000.000000	1.43286e-06	32000.000000	1.42434e-06	32000.000000	3.99921e-06	32000.000000	6.25508e-12	
34000.000000	7.73822e-06	34000.000000	4.19389e-06	34000.000000	1.44287e-06	34000.000000	1.43455e-06	34000.000000	4.19388e-06	34000.000000	5.90705e-12	
36000.000000	8.39321e-06	36000.000000	4.38803e-06	36000.000000	1.45229e-06	36000.000000	1.44421e-06	36000.000000	4.38802e-06	36000.000000	5.59662e-12	
38000.000000	9.07559e-06	38000.000000	4.58166e-06	38000.000000	1.46117e-06	38000.000000	1.45337e-06	38000.000000	4.58166e-06	38000.000000	5.31796e-12	
40000.000000	9.78565e-06	40000.000000	4.77482e-06	40000.000000	1.46958e-06	40000.000000	1.46208e-06	40000.000000	4.77481e-06	40000.000000	5.06638e-12	
42000.000000	1.05237e-05	42000.000000	4.96752e-06	42000.000000	1.47758e-06	42000.000000	1.47038e-06	42000.000000	4.96751e-06	42000.000000	4.83811e-12	
44000.000000	1.129e-05 	44000.000000	5.15977e-06	44000.000000	1.48521e-06	44000.000000	1.4783e-06	44000.000000	5.15977e-06	44000.000000	4.63e-12  	
46000.000000	1.20848e-05	46000.000000	5.3516e-06	46000.000000	1.49251e-06	46000.000000	1.48589e-06	46000.000000	5.3516e-06	46000.000000	4.43949e-12	
48000.000000	1.29085e-05	48000.000000	5.54303e-06	48000.000000	1.49951e-06	48000.000000	1.49316e-06	48000.000000	5.54302e-06	48000.000000	4.26442e-12	
50000.000000	1.37613e-05	50000.000000	5.73407e-06	50000.000000	1.5062e-06	50000.000000	1.50015e-06	50000.000000	5.73406e-06	50000.000000	4.10296e-12	
