*Energy (MeV/u)1	0 - [He-base] F.Hubert et al. AD&ND Tables 46(1990)1	Energy (MeV/u)2	1 - [H -base] J.F.Ziegler et al.Pergamon Press.NY(low energy)	Energy (MeV/u)3	2 - ATIMA 1.2 LS-theory (recommended for high energy)	Energy (MeV/u)4	3 - ATIMA 1.2 without LS-correction	Energy (MeV/u)5	4 - ATIMA 1.4 H.Weick. improved mean charge formula for HI	Energy (MeV/u)6	5 - electrical component of [1] - J.F.Ziegler et al	Energy (MeV/u)7	6 - nuclear component of [1] - J.F.Ziegler et al	
0.001000	0.155443  	0.001000	0.0854746 	0.001000	0.0998109 	0.001000	0.0998109 	0.001000	0.0997583 	0.001000	0.0449264 	0.001000	0.0405481 	
0.002000	0.180481  	0.002000	0.0969405 	0.002000	0.114974  	0.002000	0.114974  	0.002000	0.114941  	0.002000	0.0657762 	0.002000	0.0311644 	
0.005000	0.25285   	0.005000	0.128299  	0.005000	0.151936  	0.005000	0.151936  	0.005000	0.151921  	0.005000	0.108877  	0.005000	0.019422  	
0.008000	0.313856  	0.008000	0.155576  	0.008000	0.1822    	0.008000	0.1822    	0.008000	0.18219   	0.008000	0.140994  	0.008000	0.0145819 	
0.010000	0.350183  	0.010000	0.172024  	0.010000	0.200022  	0.010000	0.200022  	0.010000	0.200014  	0.010000	0.159405  	0.010000	0.0126193 	
0.015000	0.411132  	0.015000	0.208817  	0.015000	0.239109  	0.015000	0.239109  	0.015000	0.239103  	0.015000	0.199229  	0.015000	0.00958855	
0.020000	0.458937  	0.020000	0.239703  	0.020000	0.27698   	0.020000	0.27698   	0.020000	0.276977  	0.020000	0.231949  	0.020000	0.00775395	
0.025000	0.510951  	0.025000	0.270309  	0.025000	0.314019  	0.025000	0.314019  	0.025000	0.314016  	0.025000	0.263711  	0.025000	0.00659781	
0.030000	0.553125  	0.030000	0.29828   	0.030000	0.338587  	0.030000	0.338587  	0.030000	0.338585  	0.030000	0.292513  	0.030000	0.00576688	
0.035000	0.58686   	0.035000	0.322707  	0.035000	0.360349  	0.035000	0.360349  	0.035000	0.360347  	0.035000	0.317569  	0.035000	0.00513778	
0.040000	0.61274   	0.040000	0.344905  	0.040000	0.37959   	0.040000	0.37959   	0.040000	0.379588  	0.040000	0.340262  	0.040000	0.00464315	
0.045000	0.631181  	0.045000	0.365067  	0.045000	0.396551  	0.045000	0.396551  	0.045000	0.39655   	0.045000	0.360824  	0.045000	0.00424298	
0.050000	0.642708  	0.050000	0.383393  	0.050000	0.411454  	0.050000	0.411454  	0.050000	0.411452  	0.050000	0.379481  	0.050000	0.00391185	
0.055000	0.668279  	0.055000	0.398332  	0.055000	0.424505  	0.055000	0.424505  	0.055000	0.424504  	0.055000	0.394699  	0.055000	0.00363285	
0.060000	0.689541  	0.060000	0.411743  	0.060000	0.435902  	0.060000	0.435902  	0.060000	0.435901  	0.060000	0.408349  	0.060000	0.00339423	
0.070000	0.720515  	0.070000	0.434789  	0.070000	0.454456  	0.070000	0.454456  	0.070000	0.454455  	0.070000	0.431782  	0.070000	0.00300671	
0.080000	0.75372   	0.080000	0.453178  	0.080000	0.468427  	0.080000	0.468427  	0.080000	0.468427  	0.080000	0.450473  	0.080000	0.00270467	
0.090000	0.777652  	0.090000	0.468736  	0.090000	0.478902  	0.090000	0.478902  	0.090000	0.478902  	0.090000	0.466274  	0.090000	0.00246201	
0.100000	0.795318  	0.100000	0.482267  	0.100000	0.486741  	0.100000	0.486741  	0.100000	0.486741  	0.100000	0.480005  	0.100000	0.0022624 	
0.120000	0.806536  	0.120000	0.499089  	0.120000	0.496986  	0.120000	0.496986  	0.120000	0.496986  	0.120000	0.497136  	0.120000	0.00195251	
0.140000	0.808486  	0.140000	0.511599  	0.140000	0.502668  	0.140000	0.502668  	0.140000	0.502668  	0.140000	0.509876  	0.140000	0.00172226	
0.160000	0.808553  	0.160000	0.522348  	0.160000	0.505671  	0.160000	0.505671  	0.160000	0.505671  	0.160000	0.520804  	0.160000	0.00154388	
0.180000	0.807565  	0.180000	0.529667  	0.180000	0.506994  	0.180000	0.506994  	0.180000	0.506994  	0.180000	0.528265  	0.180000	0.00140127	
0.200000	0.809702  	0.200000	0.537237  	0.200000	0.507178  	0.200000	0.507178  	0.200000	0.507178  	0.200000	0.535952  	0.200000	0.00128443	
0.250000	0.793132  	0.250000	0.541329  	0.250000	0.50441   	0.250000	0.50441   	0.250000	0.50441   	0.250000	0.540262  	0.250000	0.00106701	
0.300000	0.790542  	0.300000	0.549061  	0.300000	0.501932  	0.300000	0.501932  	0.300000	0.501932  	0.300000	0.548145  	0.300000	0.000916048	
0.350000	0.781352  	0.350000	0.546546  	0.350000	0.497615  	0.350000	0.497615  	0.350000	0.497615  	0.350000	0.545741  	0.350000	0.000804657	
0.400000	0.768162  	0.400000	0.538411  	0.400000	0.490613  	0.400000	0.490613  	0.400000	0.490613  	0.400000	0.537692  	0.400000	0.000718835	
0.450000	0.7508    	0.450000	0.525325  	0.450000	0.481436  	0.450000	0.481436  	0.450000	0.481436  	0.450000	0.524674  	0.450000	0.000650537	
0.500000	0.733922  	0.500000	0.511633  	0.500000	0.471747  	0.500000	0.471747  	0.500000	0.471748  	0.500000	0.511039  	0.500000	0.000594801	
0.600000	0.673539  	0.600000	0.488641  	0.600000	0.451999  	0.600000	0.451999  	0.600000	0.451999  	0.600000	0.488132  	0.600000	0.000509103	
0.700000	0.613086  	0.700000	0.461972  	0.700000	0.432743  	0.700000	0.432743  	0.700000	0.432743  	0.700000	0.461526  	0.700000	0.00044611	
0.800000	0.586371  	0.800000	0.449466  	0.800000	0.414487  	0.800000	0.414487  	0.800000	0.414487  	0.800000	0.449068  	0.800000	0.000397727	
0.900000	0.557908  	0.900000	0.434331  	0.900000	0.397374  	0.900000	0.397374  	0.900000	0.397374  	0.900000	0.433972  	0.900000	0.000359321	
1.000000	0.52966   	1.000000	0.418072  	1.000000	0.380417  	1.000000	0.380417  	1.000000	0.380418  	1.000000	0.417744  	1.000000	0.000328048	
1.250000	0.464868  	1.250000	0.372848  	1.250000	0.344076  	1.250000	0.344076  	1.250000	0.344076  	1.250000	0.372578  	1.250000	0.000270331	
1.500000	0.403608  	1.500000	0.325914  	1.500000	0.314244  	1.500000	0.314244  	1.500000	0.314244  	1.500000	0.325684  	1.500000	0.00023065	
1.750000	0.358712  	1.750000	0.292833  	1.750000	0.289025  	1.750000	0.289025  	1.750000	0.289025  	1.750000	0.292632  	1.750000	0.000201595	
2.000000	0.323995  	2.000000	0.267992  	2.000000	0.267397  	2.000000	0.267397  	2.000000	0.267397  	2.000000	0.267812  	2.000000	0.000179347	
2.250000	0.296587  	2.250000	0.246577  	2.250000	0.248598  	2.250000	0.248598  	2.250000	0.248598  	2.250000	0.246416  	2.250000	0.000161734	
2.500000	0.2647    	2.500000	0.229017  	2.500000	0.232163  	2.500000	0.232163  	2.500000	0.232163  	2.500000	0.22887   	2.500000	0.000147424	
3.000000	0.232582  	3.000000	0.201519  	3.000000	0.204946  	3.000000	0.204946  	3.000000	0.204946  	3.000000	0.201393  	3.000000	0.000125541	
3.500000	0.207832  	3.500000	0.180633  	3.500000	0.183475  	3.500000	0.183475  	3.500000	0.183475  	3.500000	0.180523  	3.500000	0.000109554	
4.000000	0.188143  	4.000000	0.164058  	4.000000	0.1662    	4.000000	0.1662    	4.000000	0.1662    	4.000000	0.16396   	4.000000	9.73355e-05	
4.500000	0.172084  	4.500000	0.150524  	4.500000	0.152047  	4.500000	0.152047  	4.500000	0.152047  	4.500000	0.150436  	4.500000	8.76777e-05	
5.000000	0.158721  	5.000000	0.139243  	5.000000	0.140263  	5.000000	0.140263  	5.000000	0.140263  	5.000000	0.139163  	5.000000	7.98417e-05	
5.500000	0.147418  	5.500000	0.129685  	5.500000	0.130306  	5.500000	0.130306  	5.500000	0.130306  	5.500000	0.129611  	5.500000	7.33495e-05	
6.000000	0.137725  	6.000000	0.121477  	6.000000	0.121785  	6.000000	0.121785  	6.000000	0.121785  	6.000000	0.121409  	6.000000	6.78783e-05	
6.500000	0.129316  	6.500000	0.114348  	6.500000	0.114409  	6.500000	0.114409  	6.500000	0.114409  	6.500000	0.114284  	6.500000	6.32013e-05	
7.000000	0.121947  	7.000000	0.108093  	7.000000	0.10796   	7.000000	0.10796   	7.000000	0.10796   	7.000000	0.108034  	7.000000	5.9155e-05	
7.500000	0.115433  	7.500000	0.102558  	7.500000	0.10227   	7.500000	0.10227   	7.500000	0.10227   	7.500000	0.102502  	7.500000	5.56181e-05	
8.000000	0.109631  	8.000000	0.097622  	8.000000	0.0972098 	8.000000	0.0972098 	8.000000	0.0972098 	8.000000	0.0975695 	8.000000	5.24987e-05	
8.500000	0.104429  	8.500000	0.0931903 	8.500000	0.0926781 	8.500000	0.0926781 	8.500000	0.0926782 	8.500000	0.0931406 	8.500000	4.97259e-05	
9.000000	0.0997369 	9.000000	0.0891873 	9.000000	0.0885939 	9.000000	0.0885939 	9.000000	0.0885939 	9.000000	0.08914   	9.000000	4.72441e-05	
9.500000	0.0954813 	9.500000	0.0855515 	9.500000	0.0848919 	9.500000	0.0848919 	9.500000	0.0848919 	9.500000	0.0855065 	9.500000	4.50092e-05	
10.000000	0.0916034 	10.000000	0.0826265 	10.000000	0.0815193 	10.000000	0.0815193 	10.000000	0.0815193 	10.000000	0.0825835 	10.000000	4.29856e-05	
11.000000	0.0847925 	11.000000	0.0769747 	11.000000	0.0756161 	11.000000	0.0756303 	11.000000	0.0756164 	11.000000	0.0769353 	11.000000	3.94609e-05	
12.000000	0.0790011 	12.000000	0.0720931 	12.000000	0.0706043 	12.000000	0.0706275 	12.000000	0.0706052 	12.000000	0.0720567 	12.000000	3.64931e-05	
13.000000	0.0740129 	13.000000	0.0678344 	13.000000	0.0662913 	13.000000	0.0663198 	13.000000	0.0662925 	13.000000	0.0678005 	13.000000	3.39581e-05	
14.000000	0.069669  	14.000000	0.0640861 	14.000000	0.0625376 	14.000000	0.0625683 	14.000000	0.0625382 	14.000000	0.0640544 	14.000000	3.17666e-05	
15.000000	0.0658502 	15.000000	0.0607612 	15.000000	0.0592384 	15.000000	0.059269  	15.000000	0.0592379 	15.000000	0.0607313 	15.000000	2.98522e-05	
16.000000	0.0624653 	16.000000	0.0577911 	16.000000	0.056313  	16.000000	0.0563431 	16.000000	0.056312  	16.000000	0.0577629 	16.000000	2.81648e-05	
17.000000	0.059443  	17.000000	0.0551214 	17.000000	0.0536997 	17.000000	0.0537292 	17.000000	0.053699  	17.000000	0.0550948 	17.000000	2.66657e-05	
18.000000	0.0567271 	18.000000	0.0527083 	18.000000	0.0513515 	18.000000	0.051379  	18.000000	0.0513503 	18.000000	0.052683  	18.000000	2.53247e-05	
19.000000	0.0542725 	19.000000	0.0505161 	19.000000	0.0492289 	19.000000	0.049254  	19.000000	0.0492272 	19.000000	0.050492  	19.000000	2.41176e-05	
20.000000	0.0520425 	20.000000	0.0485155 	20.000000	0.0472988 	20.000000	0.047323  	20.000000	0.0472984 	20.000000	0.0484925 	20.000000	2.30251e-05	
21.000000	0.0500072 	21.000000	0.046682  	21.000000	0.0455368 	21.000000	0.0455602 	21.000000	0.0455378 	21.000000	0.04666   	21.000000	2.20314e-05	
22.000000	0.0481416 	22.000000	0.0449954 	22.000000	0.043924  	22.000000	0.0439445 	22.000000	0.0439247 	22.000000	0.0449742 	22.000000	2.11235e-05	
23.000000	0.0464251 	23.000000	0.0434383 	23.000000	0.0424418 	23.000000	0.0424582 	23.000000	0.0424409 	23.000000	0.0434181 	23.000000	2.02905e-05	
24.000000	0.0448401 	24.000000	0.0419964 	24.000000	0.0410731 	24.000000	0.0410864 	24.000000	0.0410717 	24.000000	0.0419769 	24.000000	1.95235e-05	
25.000000	0.0433718 	25.000000	0.040657  	25.000000	0.0398048 	25.000000	0.0398164 	25.000000	0.0398044 	25.000000	0.0406382 	25.000000	1.88148e-05	
27.000000	0.0407365 	27.000000	0.0382446 	27.000000	0.0375322 	27.000000	0.0375402 	27.000000	0.0375335 	27.000000	0.038227  	27.000000	1.75471e-05	
29.000000	0.0384373 	29.000000	0.0361314 	29.000000	0.0355564 	29.000000	0.0355598 	29.000000	0.0355583 	29.000000	0.036115  	29.000000	1.64459e-05	
31.000000	0.0364129 	31.000000	0.0342644 	31.000000	0.0337796 	31.000000	0.0337786 	31.000000	0.033782  	31.000000	0.0342489 	31.000000	1.548e-05 	
33.000000	0.0346159 	33.000000	0.0326023 	33.000000	0.0321594 	33.000000	0.0321544 	33.000000	0.0321617 	33.000000	0.0325877 	33.000000	1.46256e-05	
35.000000	0.0330093 	35.000000	0.0311128 	35.000000	0.0307071 	35.000000	0.0306986 	35.000000	0.0307092 	35.000000	0.031099  	35.000000	1.38642e-05	
38.000000	0.0308941 	38.000000	0.0291469 	38.000000	0.0287894 	38.000000	0.0287767 	38.000000	0.028791  	38.000000	0.029134  	38.000000	1.28653e-05	
41.000000	0.0290669 	41.000000	0.0274445 	41.000000	0.0271277 	41.000000	0.0271114 	41.000000	0.0271285 	41.000000	0.0274325 	41.000000	1.20059e-05	
44.000000	0.0274716 	44.000000	0.0259554 	44.000000	0.0256729 	44.000000	0.0256538 	44.000000	0.0256729 	44.000000	0.0259441 	44.000000	1.12583e-05	
47.000000	0.0260659 	47.000000	0.0246414 	47.000000	0.0243886 	47.000000	0.0243666 	47.000000	0.0243873 	47.000000	0.0246308 	47.000000	1.06017e-05	
50.000000	0.0248174 	50.000000	0.0234729 	50.000000	0.0232428 	50.000000	0.023221  	50.000000	0.0232429 	50.000000	0.0234629 	50.000000	1.00203e-05	
55.000000	0.0230188 	55.000000	0.021788  	55.000000	0.0215903 	55.000000	0.0215674 	55.000000	0.0215906 	55.000000	0.0217789 	55.000000	9.18601e-06	
60.000000	0.0215003 	60.000000	0.0203644 	60.000000	0.0201927 	60.000000	0.0201681 	60.000000	0.0201922 	60.000000	0.0203559 	60.000000	8.48463e-06	
65.000000	0.0201998 	65.000000	0.0191449 	65.000000	0.0189918 	65.000000	0.0189679 	65.000000	0.0189925 	65.000000	0.019137  	65.000000	7.88641e-06	
70.000000	0.0190728 	70.000000	0.0180881 	70.000000	0.0179527 	70.000000	0.0179265 	70.000000	0.0179514 	70.000000	0.0180807 	70.000000	7.3699e-06	
75.000000	0.018086  	75.000000	0.0171632 	75.000000	0.0170388 	75.000000	0.0170139 	75.000000	0.0170389 	75.000000	0.0171563 	75.000000	6.91925e-06	
80.000000	0.0172143 	80.000000	0.0163467 	80.000000	0.0162333 	80.000000	0.0162073 	80.000000	0.0162324 	80.000000	0.0163402 	80.000000	6.52247e-06	
85.000000	0.0164383 	85.000000	0.0156204 	85.000000	0.0155137 	85.000000	0.015489  	85.000000	0.0155141 	85.000000	0.0156142 	85.000000	6.17033e-06	
90.000000	0.0157426 	90.000000	0.0149699 	90.000000	0.0148708 	90.000000	0.0148451 	90.000000	0.0148701 	90.000000	0.0149641 	90.000000	5.85561e-06	
95.000000	0.0151152 	95.000000	0.014384  	95.000000	0.014289  	95.000000	0.0142646 	95.000000	0.0142894 	95.000000	0.0143784 	95.000000	5.57258e-06	
100.000000	0.0145463 	100.000000	0.0138533 	100.000000	0.0137636 	100.000000	0.0137383 	100.000000	0.0137629 	100.000000	0.0138479 	100.000000	5.31663e-06	
105.000000	0.0140277 	105.000000	0.0133702 	105.000000	0.0132831 	105.000000	0.0132589 	105.000000	0.0132834 	105.000000	0.0133652 	105.000000	5.08401e-06	
110.000000	0.0135531 	110.000000	0.0129287 	110.000000	0.0128452 	110.000000	0.0128204 	110.000000	0.0128447 	110.000000	0.0129239 	110.000000	4.87161e-06	
115.000000	0.0131169 	115.000000	0.0125235 	115.000000	0.012442  	115.000000	0.0124178 	115.000000	0.0124418 	115.000000	0.0125189 	115.000000	4.6769e-06	
120.000000	0.0127145 	120.000000	0.0121503 	120.000000	0.0120706 	120.000000	0.0120467 	120.000000	0.0120705 	120.000000	0.0121458 	120.000000	4.49771e-06	
125.000000	0.012342  	125.000000	0.0118055 	125.000000	0.0117279 	125.000000	0.0117035 	125.000000	0.0117271 	125.000000	0.0118011 	125.000000	4.33224e-06	
130.000000	0.0119962 	130.000000	0.0114857 	130.000000	0.0114088 	130.000000	0.0113853 	130.000000	0.0114087 	130.000000	0.0114816 	130.000000	4.17895e-06	
135.000000	0.0116741 	135.000000	0.0111885 	135.000000	0.0111119 	135.000000	0.0110893 	135.000000	0.0111125 	135.000000	0.0111845 	135.000000	4.03654e-06	
140.000000	0.0113734 	140.000000	0.0109115 	140.000000	0.0108361 	140.000000	0.0108133 	140.000000	0.0108364 	140.000000	0.0109076 	140.000000	3.90386e-06	
145.000000	0.011092  	145.000000	0.0106527 	145.000000	0.0105784 	145.000000	0.0105554 	145.000000	0.0105782 	145.000000	0.0106489 	145.000000	3.77994e-06	
150.000000	0.010828  	150.000000	0.0104103 	150.000000	0.010336  	150.000000	0.0103138 	150.000000	0.0103364 	150.000000	0.0104067 	150.000000	3.66394e-06	
155.000000	0.0104562 	155.000000	0.0101829 	155.000000	0.0101093 	155.000000	0.010087  	155.000000	0.0101094 	155.000000	0.0101793 	155.000000	3.5551e-06	
160.000000	0.0102383 	160.000000	0.00996898	160.000000	0.00989621	160.000000	0.00987364	160.000000	0.00989587	160.000000	0.00996553	160.000000	3.45278e-06	
165.000000	0.0100329 	165.000000	0.00976749	165.000000	0.00969456	165.000000	0.00967264	165.000000	0.00969469	165.000000	0.00976414	165.000000	3.35639e-06	
170.000000	0.00983875	170.000000	0.00957734	170.000000	0.00950478	170.000000	0.00948291	170.000000	0.00950478	170.000000	0.00957407	170.000000	3.26544e-06	
175.000000	0.00965509	175.000000	0.00939759	175.000000	0.00932575	175.000000	0.00930355	175.000000	0.00932524	175.000000	0.00939442	175.000000	3.17947e-06	
180.000000	0.00948103	180.000000	0.00922742	180.000000	0.00915563	180.000000	0.00913372	180.000000	0.00915524	180.000000	0.00922432	180.000000	3.09807e-06	
185.000000	0.00931584	185.000000	0.00906608	185.000000	0.00899394	185.000000	0.00897268	185.000000	0.00899404	185.000000	0.00906306	185.000000	3.02088e-06	
190.000000	0.00915885	190.000000	0.00891289	190.000000	0.00884051	190.000000	0.00881978	190.000000	0.00884098	190.000000	0.00890994	190.000000	2.94759e-06	
195.000000	0.00900945	195.000000	0.00876725	195.000000	0.00869515	195.000000	0.00867442	195.000000	0.00869546	195.000000	0.00876437	195.000000	2.8779e-06	
200.000000	0.0088671 	200.000000	0.00862862	200.000000	0.00855707	200.000000	0.00853604	200.000000	0.00855693	200.000000	0.00862581	200.000000	2.81155e-06	
210.000000	0.00860162	210.000000	0.00837046	210.000000	0.00829879	210.000000	0.00827837	210.000000	0.00829898	210.000000	0.00836777	210.000000	2.68794e-06	
220.000000	0.00835898	220.000000	0.00813497	220.000000	0.00806397	220.000000	0.00804336	220.000000	0.00806368	220.000000	0.00813239	220.000000	2.57511e-06	
230.000000	0.00813633	230.000000	0.0079193 	230.000000	0.00784842	230.000000	0.00782816	230.000000	0.00784823	230.000000	0.00791682	230.000000	2.4717e-06	
240.000000	0.00793129	240.000000	0.00772105	240.000000	0.00764984	240.000000	0.00763041	240.000000	0.00765023	240.000000	0.00771868	240.000000	2.37655e-06	
250.000000	0.00774184	250.000000	0.00753822	250.000000	0.00746763	250.000000	0.00744809	250.000000	0.00746768	250.000000	0.00753593	250.000000	2.28871e-06	
260.000000	0.00756625	260.000000	0.00736908	260.000000	0.00729895	260.000000	0.00727949	260.000000	0.00729886	260.000000	0.00736687	260.000000	2.20735e-06	
270.000000	0.00740306	270.000000	0.00721217	270.000000	0.00714217	270.000000	0.00712314	270.000000	0.0071423 	270.000000	0.00721003	270.000000	2.13178e-06	
280.000000	0.007251  	280.000000	0.00706621	280.000000	0.0069971 	280.000000	0.00697778	280.000000	0.00699674	280.000000	0.00706415	280.000000	2.06138e-06	
290.000000	0.00710896	290.000000	0.00693012	290.000000	0.00686131	290.000000	0.00684231	290.000000	0.00686109	290.000000	0.00692812	290.000000	1.99565e-06	
300.000000	0.006976  	300.000000	0.00680294	300.000000	0.00673418	300.000000	0.00671578	300.000000	0.00673438	300.000000	0.006801  	300.000000	1.93413e-06	
310.000000	0.00685127	310.000000	0.00668383	310.000000	0.00661554	310.000000	0.00659736	310.000000	0.00661579	310.000000	0.00668196	310.000000	1.87641e-06	
320.000000	0.00673404	320.000000	0.00657207	320.000000	0.00650471	320.000000	0.00648631	320.000000	0.00650457	320.000000	0.00657025	320.000000	1.82216e-06	
330.000000	0.00662366	330.000000	0.00646701	330.000000	0.00640027	330.000000	0.00638197	330.000000	0.00640008	330.000000	0.00646524	330.000000	1.77107e-06	
340.000000	0.00651955	340.000000	0.00636808	340.000000	0.00630163	340.000000	0.00628379	340.000000	0.00630175	340.000000	0.00636636	340.000000	1.72286e-06	
350.000000	0.0064212 	350.000000	0.00627476	350.000000	0.00620869	350.000000	0.00619124	350.000000	0.00620906	350.000000	0.00627308	350.000000	1.6773e-06	
360.000000	0.00632815	360.000000	0.00618661	360.000000	0.00612132	360.000000	0.00610388	360.000000	0.00612156	360.000000	0.00618498	360.000000	1.63417e-06	
370.000000	0.00624   	370.000000	0.00610322	370.000000	0.00603892	370.000000	0.0060213 	370.000000	0.00603885	370.000000	0.00610163	370.000000	1.59327e-06	
380.000000	0.00615637	380.000000	0.00602423	380.000000	0.00596056	380.000000	0.00594312	380.000000	0.00596055	380.000000	0.00602267	380.000000	1.55445e-06	
390.000000	0.00607694	390.000000	0.0059493 	390.000000	0.00588617	390.000000	0.00586902	390.000000	0.00588633	390.000000	0.00594778	390.000000	1.51753e-06	
400.000000	0.00600139	400.000000	0.00587815	400.000000	0.00581591	400.000000	0.00579871	400.000000	0.00581591	400.000000	0.00587667	400.000000	1.48239e-06	
410.000000	0.00592948	410.000000	0.0058105 	410.000000	0.00574925	410.000000	0.0057319 	410.000000	0.00574899	410.000000	0.00580905	410.000000	1.4489e-06	
420.000000	0.00586094	420.000000	0.00574612	420.000000	0.0056856 	420.000000	0.00566837	420.000000	0.00568535	420.000000	0.0057447 	420.000000	1.41694e-06	
430.000000	0.00579555	430.000000	0.00568478	430.000000	0.00562481	430.000000	0.00560788	430.000000	0.00562476	430.000000	0.00568339	430.000000	1.38641e-06	
440.000000	0.00573311	440.000000	0.00562627	440.000000	0.00556686	440.000000	0.00555024	440.000000	0.00556702	440.000000	0.00562492	440.000000	1.35721e-06	
450.000000	0.00567343	450.000000	0.00557043	450.000000	0.0055117 	450.000000	0.00549526	450.000000	0.00551194	450.000000	0.0055691 	450.000000	1.32926e-06	
460.000000	0.00561634	460.000000	0.00551708	460.000000	0.00545923	460.000000	0.00544276	460.000000	0.00545936	460.000000	0.00551578	460.000000	1.30247e-06	
470.000000	0.00556169	470.000000	0.00546606	470.000000	0.00540919	470.000000	0.0053926 	470.000000	0.00540911	470.000000	0.00546478	470.000000	1.27678e-06	
480.000000	0.00550932	480.000000	0.00541723	480.000000	0.00536124	480.000000	0.00534463	480.000000	0.00536105	480.000000	0.00541598	480.000000	1.25212e-06	
490.000000	0.00545911	490.000000	0.00537047	490.000000	0.00531519	490.000000	0.00529872	490.000000	0.00531506	490.000000	0.00536924	490.000000	1.22843e-06	
500.000000	0.00541094	500.000000	0.00532565	500.000000	0.00527098	500.000000	0.00525474	500.000000	0.00527101	500.000000	0.00532445	500.000000	1.20565e-06	
520.000000	0.00532024	520.000000	0.00524141	520.000000	0.00518799	520.000000	0.00517217	520.000000	0.00518828	520.000000	0.00524025	520.000000	1.16261e-06	
540.000000	0.00523641	540.000000	0.00516372	540.000000	0.00511197	540.000000	0.00509611	540.000000	0.00511208	540.000000	0.00516259	540.000000	1.12264e-06	
560.000000	0.00515875	560.000000	0.00509188	560.000000	0.00504182	560.000000	0.00502587	560.000000	0.00504172	560.000000	0.0050908 	560.000000	1.08542e-06	
580.000000	0.00508667	580.000000	0.00502533	580.000000	0.0049765 	580.000000	0.00496087	580.000000	0.00497659	580.000000	0.00502428	580.000000	1.05067e-06	
600.000000	0.00501962	600.000000	0.00496353	600.000000	0.00491617	600.000000	0.00490057	600.000000	0.00491618	600.000000	0.00496251	600.000000	1.01814e-06	
620.000000	0.00495715	620.000000	0.00490605	620.000000	0.00486028	620.000000	0.00484454	620.000000	0.00486003	620.000000	0.00490506	620.000000	9.87637e-07	
640.000000	0.00489884	640.000000	0.00485248	640.000000	0.00480797	640.000000	0.00479236	640.000000	0.00480776	640.000000	0.00485152	640.000000	9.58967e-07	
660.000000	0.00484435	660.000000	0.00480249	660.000000	0.00475901	660.000000	0.0047437 	660.000000	0.004759  	660.000000	0.00480156	660.000000	9.31969e-07	
680.000000	0.00479335	680.000000	0.00475576	680.000000	0.0047133 	680.000000	0.00469825	680.000000	0.00471345	680.000000	0.00475486	680.000000	9.06499e-07	
700.000000	0.00474555	700.000000	0.00471203	700.000000	0.0046707 	700.000000	0.00465572	700.000000	0.00467083	700.000000	0.00471115	700.000000	8.8243e-07	
720.000000	0.00470071	720.000000	0.00467105	720.000000	0.00463095	720.000000	0.00461587	720.000000	0.0046309 	720.000000	0.00467019	720.000000	8.59648e-07	
740.000000	0.0046586 	740.000000	0.0046326 	740.000000	0.00459393	740.000000	0.00457879	740.000000	0.00459374	740.000000	0.00463176	740.000000	8.38052e-07	
760.000000	0.00461901	760.000000	0.00459649	760.000000	0.00455969	760.000000	0.00454465	760.000000	0.00455953	760.000000	0.00459567	760.000000	8.17549e-07	
780.000000	0.00458176	780.000000	0.00456254	780.000000	0.00452738	780.000000	0.00451253	780.000000	0.00452734	780.000000	0.00456175	780.000000	7.98059e-07	
800.000000	0.00454669	800.000000	0.0045306 	800.000000	0.00449694	800.000000	0.0044823 	800.000000	0.00449704	800.000000	0.00452982	800.000000	7.79507e-07	
820.000000	0.00451363	820.000000	0.00450052	820.000000	0.00446829	820.000000	0.0044538 	820.000000	0.00446848	820.000000	0.00449976	820.000000	7.61826e-07	
840.000000	0.00448247	840.000000	0.00447217	840.000000	0.00444136	840.000000	0.00442692	840.000000	0.00444153	840.000000	0.00447143	840.000000	7.44955e-07	
860.000000	0.00445307	860.000000	0.00444544	860.000000	0.00441604	860.000000	0.00440154	860.000000	0.00441609	860.000000	0.00444471	860.000000	7.28841e-07	
880.000000	0.00442532	880.000000	0.00442021	880.000000	0.00439212	880.000000	0.00437755	880.000000	0.00439205	880.000000	0.0044195 	880.000000	7.13431e-07	
900.000000	0.00439912	900.000000	0.00439639	900.000000	0.00436945	900.000000	0.00435487	900.000000	0.00436931	900.000000	0.00439569	900.000000	6.98681e-07	
920.000000	0.00437437	920.000000	0.00437389	920.000000	0.00434791	920.000000	0.0043334 	920.000000	0.00434779	920.000000	0.0043732 	920.000000	6.84549e-07	
940.000000	0.00435098	940.000000	0.00435262	940.000000	0.00432746	940.000000	0.00431307	940.000000	0.00432741	940.000000	0.00435195	940.000000	6.70995e-07	
960.000000	0.00432887	960.000000	0.00433252	960.000000	0.00430805	960.000000	0.0042938 	960.000000	0.0043081 	960.000000	0.00433186	960.000000	6.57986e-07	
980.000000	0.00430797	980.000000	0.00431351	980.000000	0.00428964	980.000000	0.00427553	980.000000	0.00428978	980.000000	0.00431286	980.000000	6.45488e-07	
1000.000000	0.00428822	1000.000000	0.00429552	1000.000000	0.0042722 	1000.000000	0.0042582 	1000.000000	0.0042724 	1000.000000	0.00429489	1000.000000	6.33471e-07	
1020.000000	0.00426954	1020.000000	0.00427851	1020.000000	0.00425569	1020.000000	0.00424175	1020.000000	0.00425591	1020.000000	0.00427788	1020.000000	6.21909e-07	
1040.000000	0.00425189	1040.000000	0.0042624 	1040.000000	0.00424007	1040.000000	0.00422612	1040.000000	0.00424024	1040.000000	0.00426179	1040.000000	6.10775e-07	
1060.000000	0.00423519	1060.000000	0.00424716	1060.000000	0.00422527	1060.000000	0.00421127	1060.000000	0.00422535	1060.000000	0.00424656	1060.000000	6.00045e-07	
1080.000000	0.00421942	1080.000000	0.00423274	1080.000000	0.00421121	1080.000000	0.00419715	1080.000000	0.00421119	1080.000000	0.00423215	1080.000000	5.89698e-07	
1100.000000	0.00420451	1100.000000	0.00421909	1100.000000	0.00419781	1100.000000	0.00418373	1100.000000	0.00419773	1100.000000	0.00421851	1100.000000	5.79714e-07	
1120.000000	0.00419043	1120.000000	0.00420617	1120.000000	0.00418502	1120.000000	0.00417095	1120.000000	0.00418492	1120.000000	0.0042056 	1120.000000	5.70073e-07	
1140.000000	0.00417713	1140.000000	0.00419395	1140.000000	0.00417279	1140.000000	0.0041588 	1140.000000	0.00417274	1140.000000	0.00419338	1140.000000	5.60759e-07	
1160.000000	0.00416457	1160.000000	0.00418238	1160.000000	0.00416113	1160.000000	0.00414722	1160.000000	0.00416113	1160.000000	0.00418183	1160.000000	5.51753e-07	
1180.000000	0.00415273	1180.000000	0.00417144	1180.000000	0.00415003	1180.000000	0.0041362 	1180.000000	0.00415008	1180.000000	0.0041709 	1180.000000	5.43042e-07	
1200.000000	0.00414156	1200.000000	0.0041611 	1200.000000	0.00413948	1200.000000	0.0041257 	1200.000000	0.00413955	1200.000000	0.00416056	1200.000000	5.34611e-07	
1220.000000	0.00413105	1220.000000	0.00415132	1220.000000	0.00412947	1220.000000	0.0041157 	1220.000000	0.00412951	1220.000000	0.00415079	1220.000000	5.26446e-07	
1240.000000	0.00412114	1240.000000	0.00414208	1240.000000	0.00411995	1240.000000	0.00410617	1240.000000	0.00411995	1240.000000	0.00414156	1240.000000	5.18534e-07	
1260.000000	0.00411183	1260.000000	0.00413336	1260.000000	0.0041109 	1260.000000	0.00409708	1260.000000	0.00411084	1260.000000	0.00413285	1260.000000	5.10865e-07	
1280.000000	0.00410308	1280.000000	0.00412513	1280.000000	0.00410228	1280.000000	0.00408841	1280.000000	0.00410215	1280.000000	0.00412462	1280.000000	5.03427e-07	
1300.000000	0.00409487	1300.000000	0.00411736	1300.000000	0.00409405	1300.000000	0.00408015	1300.000000	0.00409386	1300.000000	0.00411687	1300.000000	4.96209e-07	
1320.000000	0.00408718	1320.000000	0.00411005	1320.000000	0.00408618	1320.000000	0.00407227	1320.000000	0.00408595	1320.000000	0.00410956	1320.000000	4.89202e-07	
1340.000000	0.00407999	1340.000000	0.00410316	1340.000000	0.00407865	1340.000000	0.00406476	1340.000000	0.00407842	1340.000000	0.00410268	1340.000000	4.82397e-07	
1360.000000	0.00407326	1360.000000	0.00409668	1360.000000	0.00407144	1360.000000	0.00405759	1360.000000	0.00407123	1360.000000	0.0040962 	1360.000000	4.75784e-07	
1380.000000	0.004067  	1380.000000	0.00409059	1380.000000	0.00406456	1380.000000	0.00405076	1380.000000	0.00406437	1380.000000	0.00409012	1380.000000	4.69357e-07	
1400.000000	0.00406117	1400.000000	0.00408488	1400.000000	0.00405798	1400.000000	0.00404423	1400.000000	0.00405782	1400.000000	0.00408442	1400.000000	4.63106e-07	
1420.000000	0.00405576	1420.000000	0.00407953	1420.000000	0.00405169	1420.000000	0.00403801	1420.000000	0.00405158	1420.000000	0.00407907	1420.000000	4.57025e-07	
1440.000000	0.00405076	1440.000000	0.00407452	1440.000000	0.0040457 	1440.000000	0.00403208	1440.000000	0.00404562	1440.000000	0.00407407	1440.000000	4.51107e-07	
1460.000000	0.00404615	1460.000000	0.00406985	1460.000000	0.00403997	1460.000000	0.00402642	1460.000000	0.00403994	1460.000000	0.0040694 	1460.000000	4.45345e-07	
1480.000000	0.00404191	1480.000000	0.00406549	1480.000000	0.00403452	1480.000000	0.00402102	1480.000000	0.00403452	1480.000000	0.00406505	1480.000000	4.39733e-07	
1500.000000	0.00403803	1500.000000	0.00406144	1500.000000	0.00402932	1500.000000	0.00401587	1500.000000	0.00402935	1500.000000	0.004061  	1500.000000	4.34266e-07	
1520.000000	0.0040345 	1520.000000	0.00405768	1520.000000	0.00402436	1520.000000	0.00401096	1520.000000	0.00402443	1520.000000	0.00405725	1520.000000	4.28937e-07	
1540.000000	0.0040313 	1540.000000	0.0040542 	1540.000000	0.00401964	1540.000000	0.00400628	1540.000000	0.00401973	1540.000000	0.00405377	1540.000000	4.23742e-07	
1560.000000	0.00402843	1560.000000	0.00405099	1560.000000	0.00401515	1560.000000	0.00400181	1560.000000	0.00401525	1560.000000	0.00405057	1560.000000	4.18675e-07	
1580.000000	0.00402587	1580.000000	0.00404805	1580.000000	0.00401088	1580.000000	0.00399756	1580.000000	0.00401098	1580.000000	0.00404763	1580.000000	4.13732e-07	
1600.000000	0.00402361	1600.000000	0.00404535	1600.000000	0.00400682	1600.000000	0.00399351	1600.000000	0.00400691	1600.000000	0.00404495	1600.000000	4.08908e-07	
1620.000000	0.00402164	1620.000000	0.0040429 	1620.000000	0.00400296	1620.000000	0.00398964	1620.000000	0.00400303	1620.000000	0.0040425 	1620.000000	4.04199e-07	
1640.000000	0.00401995	1640.000000	0.00404069	1640.000000	0.00399929	1640.000000	0.00398597	1640.000000	0.00399933	1640.000000	0.00404029	1640.000000	3.996e-07 	
1660.000000	0.00401854	1660.000000	0.00403869	1660.000000	0.00399581	1660.000000	0.00398247	1660.000000	0.00399582	1660.000000	0.0040383 	1660.000000	3.95109e-07	
1680.000000	0.00401739	1680.000000	0.00403692	1680.000000	0.0039925 	1680.000000	0.00397914	1680.000000	0.00399247	1680.000000	0.00403653	1680.000000	3.9072e-07	
1700.000000	0.00401649	1700.000000	0.00403535	1700.000000	0.00398935	1700.000000	0.00397597	1700.000000	0.00398929	1700.000000	0.00403497	1700.000000	3.86431e-07	
1750.000000	0.0040153 	1750.000000	0.00403231	1750.000000	0.00398214	1750.000000	0.00396871	1750.000000	0.003982  	1750.000000	0.00403193	1750.000000	3.76123e-07	
1800.000000	0.00401555	1800.000000	0.00403043	1800.000000	0.00397578	1800.000000	0.00396234	1800.000000	0.0039756 	1800.000000	0.00403006	1800.000000	3.66367e-07	
1850.000000	0.00401711	1850.000000	0.00402962	1850.000000	0.00397019	1850.000000	0.00395677	1850.000000	0.00396999	1850.000000	0.00402926	1850.000000	3.5712e-07	
1900.000000	0.00401989	1900.000000	0.00402979	1900.000000	0.00396529	1900.000000	0.00395192	1900.000000	0.00396512	1900.000000	0.00402944	1900.000000	3.48343e-07	
1950.000000	0.00402382	1950.000000	0.00403087	1950.000000	0.00396104	1950.000000	0.00394773	1950.000000	0.0039609 	1950.000000	0.00403053	1950.000000	3.4e-07   	
2000.000000	0.00402881	2000.000000	0.00403279	2000.000000	0.00395737	2000.000000	0.00394414	2000.000000	0.00395728	2000.000000	0.00403245	2000.000000	3.32059e-07	
2100.000000	0.00404171	2100.000000	0.00403891	2100.000000	0.00395165	2100.000000	0.00393856	2100.000000	0.00395165	2100.000000	0.00403859	2100.000000	3.17274e-07	
2200.000000	0.00405811	2200.000000	0.00404774	2200.000000	0.00394777	2200.000000	0.0039348 	2200.000000	0.00394784	2200.000000	0.00404743	2200.000000	3.03788e-07	
2300.000000	0.00407761	2300.000000	0.00405891	2300.000000	0.00394547	2300.000000	0.00393257	2300.000000	0.00394557	2300.000000	0.00405862	2300.000000	2.91434e-07	
2400.000000	0.00409986	2400.000000	0.00407213	2400.000000	0.00394451	2400.000000	0.00393163	2400.000000	0.0039446 	2400.000000	0.00407185	2400.000000	2.80075e-07	
2500.000000	0.00412458	2500.000000	0.00408716	2500.000000	0.00394467	2500.000000	0.00393177	2500.000000	0.00394471	2500.000000	0.00408689	2500.000000	2.69594e-07	
2600.000000	0.00415154	2600.000000	0.00410379	2600.000000	0.00394578	2600.000000	0.00393284	2600.000000	0.00394575	2600.000000	0.00410353	2600.000000	2.59892e-07	
2700.000000	0.00418051	2700.000000	0.00412183	2700.000000	0.00394766	2700.000000	0.00393469	2700.000000	0.00394757	2700.000000	0.00412158	2700.000000	2.50884e-07	
2800.000000	0.00421132	2800.000000	0.00414114	2800.000000	0.0039502 	2800.000000	0.0039372 	2800.000000	0.00395006	2800.000000	0.00414089	2800.000000	2.42498e-07	
2900.000000	0.00424381	2900.000000	0.00416157	2900.000000	0.00395328	2900.000000	0.00394028	2900.000000	0.00395311	2900.000000	0.00416134	2900.000000	2.34671e-07	
3000.000000	0.00427785	3000.000000	0.00418302	3000.000000	0.00395683	3000.000000	0.00394384	3000.000000	0.00395665	3000.000000	0.00418279	3000.000000	2.27349e-07	
3200.000000	0.0043501 	3200.000000	0.00422857	3200.000000	0.00396506	3200.000000	0.00395213	3200.000000	0.0039649 	3200.000000	0.00422836	3200.000000	2.14031e-07	
3400.000000	0.00442729	3400.000000	0.00427713	3400.000000	0.00397447	3400.000000	0.00396161	3400.000000	0.00397434	3400.000000	0.00427693	3400.000000	2.02229e-07	
3600.000000	0.00450878	3600.000000	0.00432817	3600.000000	0.00398473	3600.000000	0.00397195	3600.000000	0.00398465	3600.000000	0.00432798	3600.000000	1.91697e-07	
3800.000000	0.00459409	3800.000000	0.0043813 	3800.000000	0.00399561	3800.000000	0.00398288	3800.000000	0.00399555	3800.000000	0.00438112	3800.000000	1.82236e-07	
4000.000000	0.0046828 	4000.000000	0.00443618	4000.000000	0.00400691	4000.000000	0.00399423	4000.000000	0.00400688	4000.000000	0.004436  	4000.000000	1.73691e-07	
4200.000000	0.0047746 	4200.000000	0.00449254	4200.000000	0.00401849	4200.000000	0.00400585	4200.000000	0.00401847	4200.000000	0.00449238	4200.000000	1.65934e-07	
4400.000000	0.00486922	4400.000000	0.00455018	4400.000000	0.00403023	4400.000000	0.00401762	4400.000000	0.00403022	4400.000000	0.00455002	4400.000000	1.58859e-07	
4600.000000	0.00496643	4600.000000	0.00460891	4600.000000	0.00404205	4600.000000	0.00402947	4600.000000	0.00404204	4600.000000	0.00460876	4600.000000	1.52379e-07	
4800.000000	0.00506604	4800.000000	0.00466859	4800.000000	0.00405388	4800.000000	0.00404132	4800.000000	0.00405388	4800.000000	0.00466844	4800.000000	1.46422e-07	
5000.000000	0.0051679 	5000.000000	0.00472909	5000.000000	0.00406568	5000.000000	0.00405314	5000.000000	0.00406567	5000.000000	0.00472895	5000.000000	1.40926e-07	
5250.000000	0.00529818	5250.000000	0.0048057 	5250.000000	0.0040803 	5250.000000	0.00406779	5250.000000	0.0040803 	5250.000000	0.00480557	5250.000000	1.34627e-07	
5500.000000	0.00543153	5500.000000	0.00488327	5500.000000	0.00409476	5500.000000	0.00408226	5500.000000	0.00409476	5500.000000	0.00488314	5500.000000	1.28881e-07	
6000.000000	0.00570677	6000.000000	0.00504071	6000.000000	0.004123  	6000.000000	0.00411054	6000.000000	0.00412299	6000.000000	0.00504059	6000.000000	1.18782e-07	
6500.000000	0.00599247	6500.000000	0.00520054	6500.000000	0.00415021	6500.000000	0.00413778	6500.000000	0.00415019	6500.000000	0.00520043	6500.000000	1.1019e-07	
7000.000000	0.00628779	7000.000000	0.00536214	7000.000000	0.00417632	7000.000000	0.00416391	7000.000000	0.00417629	7000.000000	0.00536204	7000.000000	1.02787e-07	
7500.000000	0.00659213	7500.000000	0.00552508	7500.000000	0.00420132	7500.000000	0.00418894	7500.000000	0.00420127	7500.000000	0.00552499	7500.000000	9.63413e-08	
8000.000000	0.00690501	8000.000000	0.00568903	8000.000000	0.00422527	8000.000000	0.00421287	8000.000000	0.00422517	8000.000000	0.00568894	8000.000000	9.06766e-08	
8500.000000	0.00722609	8500.000000	0.00585375	8500.000000	0.0042481 	8500.000000	0.00423577	8500.000000	0.00424803	8500.000000	0.00585366	8500.000000	8.56581e-08	
9000.000000	0.00755509	9000.000000	0.00601903	9000.000000	0.00426987	9000.000000	0.00425767	9000.000000	0.0042699 	9000.000000	0.00601895	9000.000000	8.11801e-08	
9500.000000	0.00789179	9500.000000	0.00618475	9500.000000	0.00429076	9500.000000	0.00427865	9500.000000	0.00429083	9500.000000	0.00618467	9500.000000	7.71591e-08	
10000.000000	0.00823602	10000.000000	0.00635079	10000.000000	0.00431085	10000.000000	0.00429875	10000.000000	0.00431089	10000.000000	0.00635071	10000.000000	7.35279e-08	
11000.000000	0.00894652	11000.000000	0.00668347	11000.000000	0.00434862	11000.000000	0.00433653	11000.000000	0.00434859	11000.000000	0.0066834 	11000.000000	6.72267e-08	
12000.000000	0.00968576	12000.000000	0.00701656	12000.000000	0.00438338	12000.000000	0.00437142	12000.000000	0.00438339	12000.000000	0.0070165 	12000.000000	6.19451e-08	
13000.000000	0.0104532 	13000.000000	0.00734973	13000.000000	0.00441558	13000.000000	0.00440378	13000.000000	0.00441565	13000.000000	0.00734968	13000.000000	5.74523e-08	
14000.000000	0.0112485 	14000.000000	0.00768276	14000.000000	0.00444558	14000.000000	0.0044339 	14000.000000	0.00444568	14000.000000	0.00768271	14000.000000	5.35826e-08	
15000.000000	0.0120713 	15000.000000	0.0080155 	15000.000000	0.00447365	15000.000000	0.00446205	15000.000000	0.00447372	15000.000000	0.00801545	15000.000000	5.02138e-08	
16000.000000	0.0129215 	16000.000000	0.00834785	16000.000000	0.00449996	16000.000000	0.00448845	16000.000000	0.00450001	16000.000000	0.0083478 	16000.000000	4.72538e-08	
17000.000000	0.0137991 	17000.000000	0.00867974	17000.000000	0.00452469	17000.000000	0.00451328	17000.000000	0.00452472	17000.000000	0.00867969	17000.000000	4.46318e-08	
18000.000000	0.0147039 	18000.000000	0.00901113	18000.000000	0.00454802	18000.000000	0.00453671	18000.000000	0.00454802	18000.000000	0.00901109	18000.000000	4.22927e-08	
19000.000000	0.015636  	19000.000000	0.009342  	19000.000000	0.00457007	19000.000000	0.00455887	19000.000000	0.00457005	19000.000000	0.00934196	19000.000000	4.01926e-08	
20000.000000	0.0165953 	20000.000000	0.00967233	20000.000000	0.00459098	20000.000000	0.00457989	20000.000000	0.00459093	20000.000000	0.0096723 	20000.000000	3.82963e-08	
21000.000000	0.017582  	21000.000000	0.0100021 	21000.000000	0.00461083	21000.000000	0.00459987	21000.000000	0.00461077	21000.000000	0.0100021 	21000.000000	3.65754e-08	
22000.000000	0.0185961 	22000.000000	0.0103313 	22000.000000	0.00462969	22000.000000	0.0046189 	22000.000000	0.00462965	22000.000000	0.0103313 	22000.000000	3.50064e-08	
23000.000000	0.0196376 	23000.000000	0.01066   	23000.000000	0.00464771	23000.000000	0.00463707	23000.000000	0.00464766	23000.000000	0.01066   	23000.000000	3.35698e-08	
24000.000000	0.0207066 	24000.000000	0.0109882 	24000.000000	0.00466495	24000.000000	0.00465443	24000.000000	0.00466486	24000.000000	0.0109881 	24000.000000	3.22495e-08	
25000.000000	0.0218032 	25000.000000	0.0113158 	25000.000000	0.00468142	25000.000000	0.00467107	25000.000000	0.00468133	25000.000000	0.0113158 	25000.000000	3.10317e-08	
26000.000000	0.0229276 	26000.000000	0.0116429 	26000.000000	0.00469718	26000.000000	0.00468703	26000.000000	0.00469712	26000.000000	0.0116428 	26000.000000	2.99049e-08	
27000.000000	0.0240798 	27000.000000	0.0119694 	27000.000000	0.00471229	27000.000000	0.00470237	27000.000000	0.00471227	27000.000000	0.0119694 	27000.000000	2.88591e-08	
28000.000000	0.0252599 	28000.000000	0.0122955 	28000.000000	0.00472681	28000.000000	0.00471712	28000.000000	0.00472683	28000.000000	0.0122954 	28000.000000	2.78858e-08	
29000.000000	0.0264681 	29000.000000	0.012621  	29000.000000	0.00474081	29000.000000	0.00473134	29000.000000	0.00474085	29000.000000	0.012621  	29000.000000	2.69778e-08	
30000.000000	0.0277045 	30000.000000	0.0129461 	30000.000000	0.00475431	30000.000000	0.00474505	30000.000000	0.00475436	30000.000000	0.0129461 	30000.000000	2.61285e-08	
32000.000000	0.0302623 	32000.000000	0.0135948 	32000.000000	0.00477993	32000.000000	0.00477108	32000.000000	0.00477997	32000.000000	0.0135948 	32000.000000	2.45846e-08	
34000.000000	0.0329346 	34000.000000	0.0142417 	34000.000000	0.00480388	34000.000000	0.00479546	34000.000000	0.0048039 	34000.000000	0.0142417 	34000.000000	2.32173e-08	
36000.000000	0.0357222 	36000.000000	0.0148868 	36000.000000	0.00482633	36000.000000	0.00481837	36000.000000	0.00482633	36000.000000	0.0148868 	36000.000000	2.19976e-08	
38000.000000	0.0386265 	38000.000000	0.0155303 	38000.000000	0.00484744	38000.000000	0.00483997	38000.000000	0.00484743	38000.000000	0.0155303 	38000.000000	2.09028e-08	
40000.000000	0.0416486 	40000.000000	0.0161722 	40000.000000	0.00486736	40000.000000	0.0048604 	40000.000000	0.00486734	40000.000000	0.0161722 	40000.000000	1.99143e-08	
42000.000000	0.0447897 	42000.000000	0.0168125 	42000.000000	0.00488621	42000.000000	0.00487978	42000.000000	0.00488616	42000.000000	0.0168125 	42000.000000	1.90174e-08	
44000.000000	0.048051  	44000.000000	0.0174514 	44000.000000	0.0049041 	44000.000000	0.0048982 	44000.000000	0.00490402	44000.000000	0.0174514 	44000.000000	1.81997e-08	
46000.000000	0.0514339 	46000.000000	0.0180889 	46000.000000	0.00492112	46000.000000	0.00491576	46000.000000	0.00492096	46000.000000	0.0180889 	46000.000000	1.74512e-08	
48000.000000	0.0549395 	48000.000000	0.018725  	48000.000000	0.00493734	48000.000000	0.00493252	48000.000000	0.00493711	48000.000000	0.018725  	48000.000000	1.67632e-08	
50000.000000	0.0585692 	50000.000000	0.0193599 	50000.000000	0.00495279	50000.000000	0.00494856	50000.000000	0.00495249	50000.000000	0.0193599 	50000.000000	1.61288e-08	
